100 25 5


27 23 11 7 8 33 21 29 30 31 14 32 25 22 34 12 12 10 31 33 12 21 27 14 16 9 22 22 22 6 28 13 25 23 27 14 23 22 8 8 6 16 20 24 30 10 17 17 14 21 32 21 5 12 23 17 8 12 27 27 13 33 6 11 7 13 20 6 14 11 29 29 18 31 20 30 13 10 17 17 24 20 23 21 19 17 24 26 26 28 5 13 32 16 10 11 17 13 20 17
1143 494 1104 1076 992 1399 1247 585 974 1333 1137 875 1285 785 1341 1311 1252 939 1415 1341 1033 605 462 419 514
2345 4405 4030 1164 1144


126.0414 105.4792  47.2346 214.5948 187.8853  97.4434  95.8785  79.8488  36.8092 195.0507  96.6170 190.8854 114.8595 115.2239  98.9678 107.9747 152.3154 141.1573 186.4346 208.5514 159.2263 165.9167  22.5139  17.9525  99.8708
 30.7762 161.3364  87.8314 253.6682 178.7195 133.6349 129.4048 129.4440 109.1243 231.0620  93.8293 192.7099 176.1557 154.4813 150.1759  98.0127 202.3216 106.7847 178.0206 193.9877 134.2400 194.2325  90.7603  84.2268 162.8062
 27.2169  67.5243  31.3552 110.8412  71.8489  51.7731  49.5666  51.1041  48.0685  99.0560  31.2534  78.5348  77.0444  75.7769  71.6222  33.2229  86.9852  38.4497  71.5069  79.2199  51.0671  80.3067  36.0616  33.1160  70.3574
 76.0449  19.6442  39.9472  12.3557  39.6215  27.0720  28.7000  27.2986  42.5850   4.0984  43.9258  32.4033  25.8574  59.4408  52.0079  45.3071  11.0494  53.2297  39.2002  42.7716  48.8579  14.6315  41.0337  42.8293  26.1035
 47.2833  51.3050  32.6143  75.2593  26.3398  33.4841  31.5939  38.9492  53.0260  63.6489  16.8352  34.4667  63.6593  78.6794  73.1961  13.4081  62.3982   3.0463  26.3322  30.1006   8.0816  46.0337  41.6495  40.8050  58.9001
198.6512 101.0926  40.0213 219.6563 133.2358  37.6909  30.7538  47.7452 116.4507 180.5209  48.7742 137.0323 148.5825 226.6533 198.9049  60.7236 154.1255 107.0849 131.3902 158.5828 111.7434 123.4734  73.7031  75.4380 128.7021
127.8252  50.8226  35.6314 135.4883 133.7113  55.5076  56.2753  37.3328  24.5134 121.2695  76.2696 131.0415  60.3961  93.8641  75.3280  85.2913  87.0171 114.4292 132.4333 149.7589 121.8814 103.0503  18.1343  24.0218  47.9039
243.2962 104.5489 110.1439 161.5120  61.8978  55.6452  55.5742  81.8951 166.1358 117.6428  91.1809  48.7899 155.1720 260.4981 232.6453  91.3703 126.5637 115.1957  59.9536  81.4797  92.3612  52.7848 135.3977 138.8749 142.4688
 51.7541 200.1987 107.8720 321.4771 238.0097 169.8117 164.8969 161.2477 126.1142 294.1913 125.4918 253.7051 215.8908 181.7064 176.6878 132.6926 253.5186 149.4942 236.9540 258.7700 183.5578 249.5921 106.2801  97.8041 198.9817
248.8597  96.4912 102.0201 168.7522  81.2963  41.9269  42.3352  69.9048 159.9948 123.8767  88.9392  69.8051 150.5898 260.8222 231.1081  91.4290 124.9950 122.2772  79.2255 103.2374 103.1103  57.8763 127.7414 131.7602 136.2879
 78.9327  67.6901  53.8482 119.6050 125.8881  75.3670  75.4865  63.5491  22.6528 114.7335  80.3513 125.5512  60.6840  30.0935  25.4792  86.2677  87.8447 103.3443 125.0861 136.6472 112.7824 106.7947  38.1813  38.1011  56.0394
236.6047 180.3756 135.8870 257.4443  49.0812 110.1246 104.2955 138.4569 215.6031 208.6739  79.6099  81.0283 234.6113 322.2529 295.9031  68.9160 215.3659  63.7604  48.8018  67.5473  25.7992 136.6141 172.2733 171.8817 217.4310
 86.0131 175.1351  96.2094 266.2171 141.9564 127.5865 121.5743 134.7138 149.0899 234.4362  67.1440 163.6154 204.7909 218.3525 206.9532  64.2748 216.9166  54.8293 141.6238 155.6864  86.8868 184.5069 116.7824 111.2638 189.2011
154.1729  56.6943  45.8493 127.6645  78.2832   7.2899   3.4365  26.9695  87.9103  99.9110  48.0679  75.3689  92.8978 160.5198 140.2394  53.4781  87.3342  81.8474  76.8994  94.9322  77.2930  60.5580  63.7336  66.4913  80.8415
170.3125 113.2670  22.3057 250.3095 199.0676  87.4038  84.5179  70.0837  66.7760 220.0809  88.2724 202.9695 140.1646 177.1948 152.4512 102.9745 173.8491 147.8152 197.2237 225.1201 166.2530 176.1833  18.5042  15.9836 119.3419
 38.5516  62.0697  26.5723 110.6401  84.5815  51.7812  50.1561  47.1295  33.9074 100.1868  39.9333  88.8494  68.5944  62.9547  58.2864  44.0650  83.3689  55.3305  84.0536  93.4129  66.5373  83.6837  24.4376  21.0462  61.7063
 95.1340  21.0380  42.1863  61.4140  87.0242  41.9142  43.8449  30.9856  25.6385  58.4460  63.3186  81.7232  12.0503  50.8542  38.1564  68.1715  34.3866  85.1419  86.2320  95.6909  86.5961  57.7563  33.4920  36.7610   6.9662
  6.0415  77.5735  45.5800 117.7219  83.3059  65.3193  63.4300  63.6843  54.2200 107.8277  47.0533  89.9428  83.7884  71.8157  70.7746  48.4853  95.3931  50.7190  83.0388  89.7001  63.0956  91.5520  46.7902  43.9477  78.0372
170.7290 206.7939 128.1395 303.5206 117.4458 138.6362 131.1304 157.8585 206.1311 259.2152  68.8312 148.8352 253.0519 303.5699 283.6676  56.4889 251.6547  13.4591 117.4250 131.7164  46.6486 191.5880 162.1632 158.1198 234.3014
 93.3952 216.0774 108.2611 341.6176 199.9234 159.8457 152.3889 164.0140 170.6100 302.6640  86.3850 224.3694 250.5578 258.4894 244.6420  87.6645 273.1310  91.1242 199.1727 220.2903 131.8469 241.0268 130.4214 122.3851 230.1085
134.8852  35.4457  74.9919  20.2299  90.5412  59.0520  62.0097  54.4377  68.6553  28.6848  88.3286  79.2859  32.1210  88.4796  76.1822  91.7959  15.1048 107.2785  89.7757  96.8254 102.4636  48.3506  72.0401  75.4346  36.6761
 90.2025 115.0313  51.8972 190.5916  96.4485  74.1446  69.0910  80.9162 102.1632 164.0480  23.8496 110.9875 141.8994 166.6040 153.8979  23.8412 149.5324  34.7669  95.8714 110.1652  56.5809 122.9047  72.8930  69.4160 128.8360
 38.7570 190.6380 108.3562 299.9184 224.9936 164.2315 159.8400 156.1973 121.4130 275.8232 123.9374 239.5284 203.3747 165.8363 163.2384 130.1190 238.5333 143.7579 224.0707 243.5132 175.0537 236.0538 105.7659  98.1958 188.4236
112.9300  70.6294  77.9896 110.1908 143.8438  90.5180  91.8692  77.2732  42.2058 111.8103 105.7437 139.7453  52.3922  17.2887   8.6540 111.8218  82.4202 130.5657 142.9554 154.3720 137.0113 113.4494  62.1128  63.8831  52.8796
174.8607  43.5059  95.9569  34.1434 121.8512  76.7066  80.6136  69.3304  85.3795  43.4547 115.2822 107.6186  36.0976 110.7914  94.4245 120.1945  19.0729 141.2978 120.8128 130.7235 135.8795  66.5577  90.9792  95.5227  42.7443
108.5841  33.6434  62.5617   3.2599  65.5423  47.8240  50.0109  46.3862  61.2716  14.1938  69.8948  55.9838  35.1247  78.0804  68.7629  71.9764  17.8427  82.6483  65.0102  69.3337  77.4361  33.4783  62.0338  64.5124  37.6832
188.2548  26.2253  74.8159  86.1738 101.9493  36.3060  41.7165  35.2577  91.4655  62.2643  90.4181  87.7392  63.6747 155.4240 132.6804  96.1279  45.1402 124.0146 100.4752 116.3567 116.0003  42.0482  80.4144  85.6411  55.7968
 69.0702 119.2840  46.8719 205.8134 133.4764  88.1047  83.8292  86.3390  84.0403 182.3991  50.8676 145.0272 139.2301 144.3336 133.9961  56.4368 158.1531  72.7425 132.6804 148.8683  95.4153 145.6202  57.8939  52.2925 125.7471
190.5166  16.9329  77.3840  81.8264 112.8720  43.8788  49.2888  37.6515  86.7916  61.8924  97.5570  98.4394  53.0706 147.7722 124.7687 103.8784  36.7459 132.5907 111.3978 127.2637 125.8431  50.4295  79.4773  85.1104  45.9847
 53.1794  14.7967  27.7308  29.4380  49.0101  26.9539  28.0408  21.7300  17.7252  30.0655  38.2812  45.7476   4.8079  24.7986  18.5795  40.6859  17.4357  49.1699  48.6095  53.2038  49.6561  32.5165  23.0603  24.6328   6.9063
237.1721 199.5056 163.5876 254.6333  49.7108 139.7548 135.1577 165.2743 233.7631 210.6384 112.0087  82.8923 247.7684 327.0027 304.0841 101.2385 225.4396  81.6189  51.1450  47.7168  48.7883 148.4626 195.6140 194.9830 233.3569
 20.7711 115.3887  72.5727 166.1773 108.5625  95.1987  92.3452  95.6724  89.8822 151.4679  66.5316 119.5642 126.2829 115.4214 113.5546  66.5098 138.3275  63.1041 108.3855 115.6218  79.7654 127.5474  77.6731  74.0686 118.4763
157.6396  93.0272  51.7228 173.3084  78.6646  37.5242  31.5050  55.1640 112.2567 140.0056  27.8489  85.6767 132.4068 195.7053 174.8188  31.8159 128.8179  63.4606  77.3729  97.7254  61.6000  90.0781  79.1557  79.6877 117.9165
  3.9370 188.8313 115.9805 281.4696 203.4694 161.8524 157.5807 157.5351 132.5187 259.2458 120.2709 218.8949 201.7206 168.1040 167.3915 123.5066 229.7957 127.8918 202.8699 218.0605 156.5761 222.3454 117.3679 110.8411 188.7335
129.3875  96.6660  29.2411 206.0314 169.8927  81.0162  78.9592  65.6905  46.1028 183.7004  79.7191 173.2350 113.3048 131.0749 112.7970  91.2492 144.5370 125.6522 168.4441 190.5567 142.1442 150.9085  12.3641   4.8675  97.2397
158.2563  44.1122  86.0868  17.9822  85.2972  60.8032  64.0867  60.7339  89.6437   6.9296  94.6222  70.4706  53.8336 121.4627 106.6393  97.4244  23.7794 113.2790  84.4712  91.2376 104.4130  35.4673  87.5985  91.2642  55.3512
211.4464  27.4318  93.0031  73.7856 119.1413  55.0392  60.7065  51.3436 102.3913  52.1978 111.6069 101.5111  59.8111 163.7421 139.4828 117.6243  30.6453 146.6563 117.6164 133.1881 137.4702  46.7398  95.6319 101.5283  55.0681
106.2591  77.4625  20.2794 166.4541 134.8887  62.9215  61.1149  51.0675  40.0811 147.6792  61.6393 137.7124  92.4890 110.0444  94.8455  71.0654 116.5813  99.3429 133.7097 151.7243 112.4413 120.1619  10.5715   5.7747  79.2397
 31.2490  45.0962  20.0738  74.5465  39.8660  30.2227  28.3423  32.1732  38.2752  64.6994  11.7306  45.3561  54.7399  62.1450  57.6455  12.1268  58.5229  15.6967  39.6465  45.0776  24.4833  49.3623  27.3876  25.8597  49.7508
 69.7131   8.5634  28.4662  29.7462  38.7756  15.0029  16.9766  13.9870  33.3601  21.5436  34.6733  33.3592  21.7721  56.0130  47.6785  36.7997  14.4974  46.9946  38.2403  43.9360  44.1062  15.9218  29.9851  31.9545  19.2000
 46.0070   4.1604  15.6167  28.2167  32.6493  10.4737  11.6570   5.8573  17.1638  23.4938  23.4025  30.0322  12.9250  34.7922  28.6851  25.5265  14.7841  33.8520  32.2518  36.9581  33.4421  19.1869  15.1700  16.7624   9.6602
 88.4917  51.9143  11.0967 112.1805  72.2697  25.6943  22.8486  26.1271  50.6503  94.2824  23.7582  74.9965  72.4433 103.8060  91.0747  30.4833  78.9993  52.9834  71.4140  84.5142  58.3561  68.0406  28.7804  28.9366  62.5494
 37.8993 129.2368  67.0119 209.9608 153.3160 108.1129 104.7786 102.7774  81.6201 191.4007  78.2739 163.7331 140.6331 121.5664 117.2752  83.1310 164.8330  94.7943 152.6072 167.1896 117.2706 161.2593  66.9713  61.2944 129.2006
205.4351   6.7371  83.5093  91.5360 134.8085  54.3164  59.9722  41.9678  85.4683  74.6898 110.9724 119.9618  45.2169 149.1746 123.9462 118.6622  37.8942 151.0165 133.1985 150.8684 145.8584  67.8313  81.6371  88.1310  37.2193
333.8477  98.5983 179.5156  59.4273 160.8730 121.0343 127.5617 126.1142 196.9577  12.0599 190.8646 128.1126 128.9407 272.1547 240.2918 195.6278  66.0436 227.1745 159.1663 172.5668 205.6211  55.7855 187.2329 194.6029 128.9791
 72.4467  60.9338  44.8576  85.6678  18.7963  38.7398  36.7833  47.3080  70.1853  70.4299  26.1222  29.7106  77.6987 103.3501  95.4259  22.2612  72.3069  17.1686  18.8608  23.2835   4.3417  47.9088  56.3640  56.0030  72.2064
 56.2453  85.9333  35.0534 154.6781 117.1502  70.7527  68.4140  64.3943  47.5028 139.6248  53.9830 123.1463  95.8324  90.2381  83.1203  59.9088 116.1519  76.2216 116.3985 129.6784  91.8384 115.9699  32.8804  28.0521  85.9713
 84.7646  90.5578  44.6828 148.4597  66.2173  54.9124  50.7159  63.1064  87.5673 125.8689  13.4052  78.5071 114.4889 141.6397 130.2481   9.2568 117.0361  19.7997  65.7687  77.2625  34.4702  91.1190  63.4182  61.3625 104.0600
116.5030  80.2970  68.1748 107.3502   8.4523  51.5687  49.7049  64.7124 101.6211  85.4631  46.0470  24.1827 104.6260 148.3642 136.1181  42.0758  92.4231  40.9521   8.5044  16.7749  23.5417  54.1444  83.5387  83.8754  97.7487
205.9397  48.0918 108.9412  77.7071 166.3849  95.1532  99.7588  80.0497  83.9089  83.6931 141.2083 151.6223  18.6380 112.2322  90.7671 148.8721  40.4472 178.1117 164.9784 179.9424 175.8518 100.9637  97.0904 102.9664  31.1968
159.7726 190.2397 142.9688 310.9677 309.6912 199.8494 198.9888 175.0973  85.3849 298.4001 198.2082 312.7122 176.6217  79.6440  84.4824 210.9502 238.0277 245.7487 307.9838 334.1588 272.0672 276.1363 110.9140 107.9155 165.6528
168.8203  93.6478  82.7317 137.9829  28.3718  51.7606  49.6285  71.6620 129.5807 105.8704  58.0345  32.2642 130.1925 199.3220 180.1875  55.3560 112.4820  66.4360  27.0517  44.3120  46.7937  58.5731 104.1653 105.5473 120.0572
 25.3401  17.6688   1.9780  36.9969  24.6397  10.4127   9.5818   9.8717  14.7670  31.6400   7.9577  25.7698  23.3774  31.1272  27.4170  10.1278  26.3547  16.8900  24.3846  28.4407  19.3785  23.6957   7.6826   7.3900  20.2596
 28.4055  95.1280  55.8129 140.7063  84.1871  74.4335  71.6672  76.2165  76.4913 126.2833  46.6468  94.5266 107.2331 105.1970 101.5799  46.0845 115.8964  42.2027  84.0322  90.6785  57.5862 103.2448  62.9694  59.8675  99.8365
162.7901 111.2373 110.6644 185.9279 223.5436 136.8398 138.3419 115.5255  51.9474 184.1153 156.0329 219.1475  88.1305  26.2341   8.5596 165.9894 136.8517 195.9407 222.1302 241.0743 208.3805 180.4291  84.1514  86.1899  85.1690
175.6498  34.6575  90.6725  39.0941 117.7148  69.0648  73.2264  61.7351  83.1010  40.9428 110.2054 103.1984  33.6454 115.6020  97.7713 115.3328   8.2795 137.6627 116.6022 127.4652 131.9001  59.9852  86.7068  91.5012  38.2027
 35.2204  46.5197  23.0274  74.6595  35.8808  30.3977  28.4395  33.5168  42.3074  64.2447  10.7623  42.0719  57.0890  66.8097  62.0124   9.6203  59.4137  10.4983  35.7062  40.8176  19.6432  48.1024  31.1418  29.8323  52.1247
 41.6996  63.6255  24.2061 110.0227  67.4891  44.8082  42.3117  45.0160  47.9059  96.6170  22.5680  74.0945  75.8583  82.4204  76.1587  25.3907  84.5772  34.4402  67.0675  75.8258  46.5935  75.6789  32.5074  29.7639  68.4199
223.9088 123.6459 146.1119 196.8302 268.4616 165.5300 168.6015 139.9408  78.5825 200.8150 199.4129 259.0899  86.3088  49.0137  26.5439 211.0967 144.0277 247.9819 266.7220 288.5471 258.4756 206.2333 116.3750 120.6525  88.5378
215.4661  16.6898  83.1249 121.9722 165.5701  66.5127  71.7779  44.6677  72.9565 107.1982 122.9034 152.3652  38.9297 144.2136 116.0089 132.8795  59.5036 170.6537 163.7725 184.6926 169.7398  98.5692  74.1011  81.7213  24.1571
107.3628  10.9231  44.8100  56.8506  84.6643  37.4301  40.0117  27.0006  36.1624  51.6822  64.5827  77.7957  13.2575  67.3167  53.5772  69.4260  26.8248  87.6363  83.7961  93.7549  87.2004  50.5685  39.2154  42.9104   6.6415
173.1013 104.4308  39.4788 238.1642 208.2679  93.4226  92.1291  70.9592  45.6033 212.5459 104.5559 209.4239 122.9944 153.6670 128.9223 118.8623 162.5735 162.6790 206.4031 233.6232 179.7676 176.2067   1.4001   9.6211 103.4038
 27.0536  40.5714  23.2085  61.0049  28.1034  28.0800  26.5985  30.8418  37.4900  52.8704  13.3955  33.7098  48.7054  55.4663  52.1077  11.7816  50.0071   6.9654  28.0555  31.1795  14.6169  40.2716  29.1939  28.1438  44.9894
 40.9733  72.2890  48.6828 115.6540 104.8074  70.6693  69.8217  63.6627  36.9947 109.4695  64.3815 107.6268  70.9056  41.7238  43.3245  68.2827  90.2157  78.2790 104.2871 113.0340  88.9040  98.7523  40.3262  38.2802  66.2205
 56.5588  49.3646  39.1721  64.3696  13.7145  34.1353  32.8873  40.3687  56.8769  53.4376  25.9756  22.1334  61.3170  80.1119  74.5273  23.1852  56.4053  17.7288  14.0087  14.1214   9.8688  37.7567  47.2237  46.9738  57.6049
 54.8655  88.6448  49.9227 133.8369  64.3795  62.1532  58.9531  67.5171  80.0915 116.5010  30.1816  76.2775 105.6993 118.3369 111.4070  27.2641 109.4814  18.6694  64.2554  71.1849  35.3134  89.5462  62.3613  59.9177  97.6179
 85.4225 111.1802  73.1784 189.6679 177.0276 111.1629 110.0872  97.2033  46.6142 178.9002 105.8924 180.2746 108.3347  65.5536  63.6053 113.6671 143.4462 134.7835 176.0041 192.2254 151.8012 161.0061  55.2844  52.3637  99.7316
 60.8556  15.2142  33.0334  21.0414  48.5793  28.6884  30.0345  24.5552  25.9651  23.5078  42.0744  44.1361   7.3392  33.4490  27.4066  44.2278  11.5599  52.5444  48.1785  52.3627  51.7091  29.3925  29.7392  31.4206  10.8943
108.3157  66.4570  72.3693 108.1490 138.6291  85.3615  86.6333  72.1462  36.5668 108.7559 100.1235 134.8201  49.4707  18.3742   4.9537 106.2018  79.5157 124.9260 137.7456 149.1894 131.4445 109.1814  56.4754  58.2400  49.1767
 79.8914  56.7823  42.2197  84.1946  17.8214  32.6018  30.6063  42.3649  69.3088  67.6300  23.9944  26.7121  75.3985 106.0179  96.8152  20.9179  69.0906  22.7362  17.5121  25.3358  12.0323  42.9700  54.5972  54.6070  69.4884
278.0218 208.7478 187.8076 249.4487  42.5895 152.2378 148.8841 179.6776 257.3013 203.6546 139.4900  68.3281 259.3931 354.1062 328.5509 129.8663 228.0228 116.8876  44.5327  25.3115  80.3677 142.5506 219.8269 220.3939 246.0733
163.0914  78.9807  20.8881 195.4955 160.9524  59.3509  58.0268  41.9178  58.0616 169.5359  76.2678 161.1565 105.6416 154.8320 131.0396  88.7476 130.6369 128.9545 159.2765 183.2369 139.9703 133.4520  21.8753  26.4043  87.6093
141.5924  27.4882  60.2293  90.4720 126.0730  58.4823  61.4307  42.1896  38.8671  84.8075  91.2763 118.1373  19.0469  79.8999  60.9294  98.4812  49.4214 123.9334 124.8843 139.0665 125.7453  82.5109  48.2991  53.3019   9.1446
  9.2170 259.4285 162.0099 384.5166 281.6141 224.3186 218.6590 217.8859 181.5618 355.1124 169.1955 302.2155 275.6151 226.1362 226.2673 173.7206 314.5950 179.8737 280.7965 301.3359 218.5254 306.0479 162.6511 153.8806 258.3156
178.2543  58.8320  80.1341  91.5371  60.1016  38.3176  40.7156  52.3267 110.7448  61.6117  76.3743  44.7665  92.9882 173.1626 153.0575  78.2123  68.6894  97.6051  58.7946  71.9403  83.3580  18.1041  93.5925  97.0132  85.7055
175.7155  99.8748  76.3027 216.3050 225.3741 114.7181 115.5390  88.7133   1.9209 201.5100 135.6733 222.5850  95.9273 100.3566  76.5747 148.6893 147.0150 188.5113 223.5862 248.3786 203.6496 181.2886  41.9013  45.7301  81.7988
 70.7384  51.5825  19.2268  97.5864  50.9049  25.4962  22.3861  30.5179  52.4648  81.4025   7.6744  55.7823  69.8221  95.2935  85.3814  12.9596  72.3610  31.3130  50.3053  60.6098  36.0410  56.9686  34.2303  33.6446  61.8812
 14.6455  68.7593  37.0844 108.9999  77.8540  57.2503  55.4684  55.1262  45.5386  99.3774  40.6964  83.6644  74.8847  65.0669  63.2026  42.7117  86.5759  47.1497  77.5341  84.5901  58.8982  83.6949  37.8747  35.0321  69.1209
149.9026 116.4113  99.3603 146.3858  21.6067  81.3988  78.9937  97.2740 141.0268 119.5772  69.7922  41.0669 145.9706 197.7980 183.2958  63.8422 130.3940  55.4294  22.6126  18.8508  34.0751  82.2816 118.4755 118.5048 137.6207
137.0183  42.1315  68.1028  94.0604 135.7109  71.4900  74.0336  55.7302  36.4185  92.6481  99.5865 128.4048  21.5766  61.3389  43.2916 106.6522  57.4663 130.6313 134.5924 148.0562 133.8561  94.1065  53.1864  57.4112  20.1613
 71.0538 194.7075 117.2247 283.5985 161.7002 150.5336 144.8163 156.2260 162.6614 253.4442  92.9110 183.8698 221.1468 222.9011 214.6904  90.1512 235.4698  77.1211 161.5179 173.6595 107.4720 205.6313 133.9957 128.0953 206.2393
169.5983  20.8969  74.3855  85.2528 135.2124  63.1661  67.2051  47.3223  58.0527  79.4161 105.1492 124.0687  14.7526 102.3416  81.1142 112.6087  39.5904 140.6240 133.8741 149.0517 139.8320  80.8755  64.8802  70.5600   6.8964
 87.4076 145.3316  96.6692 236.0336 214.5150 142.3304 140.6401 127.4744  71.5902 223.0779 130.4260 220.0114 142.6356  84.7506  86.7454 138.7533 182.8363 160.3912 213.4095 231.7785 182.0810 200.8636  78.7168  74.5487 132.7437
110.4666  64.7434  12.2180 149.2330 119.6353  48.9413  47.4061  37.7533  41.6510 130.3977  53.8493 121.2057  82.6243 110.9508  94.8245  62.9667 102.1628  91.3693 118.4668 135.7596 101.3467 103.4757  12.3329  13.3561  69.6567
 58.2048 114.3750  65.9344 190.9652 160.5612 105.3094 103.2975  95.2524  58.3235 177.4338  89.9774 166.6768 117.7350  85.5401  83.3996  96.4394 147.0224 113.1087 159.7088 174.6001 131.7729 155.1191  55.4595  50.9445 108.1823
107.9216 118.8574  80.7557 167.0871  55.9641  80.7502  76.8520  93.1178 124.1733 141.8089  47.1443  74.9060 145.6853 178.6968 167.0508  39.8080 141.3681  17.4637  56.1813  61.8186  19.0111 103.8323 100.0006  98.2260 135.6911
128.2040  77.1013   6.9889 170.2338 118.1741  44.4130  41.0007  39.9245  66.8756 145.0492  42.9627 121.7848 104.7580 146.3160 127.6245  53.3211 118.8795  86.5332 116.8839 136.5497  96.4492 108.3240  33.6017  33.6154  89.8014
223.3983  68.1106  94.5378 120.2339  83.0780  39.9699  43.5351  57.6737 133.6575  82.8927  92.9088  66.0185 113.0701 215.1168 189.1085  96.2499  85.4277 123.6250  81.3451  99.6536 107.5926  30.3800 111.4269 115.9600 102.8736
170.0617 172.1903 117.9440 244.0302  74.3477 113.8058 108.0024 133.6248 184.6011 205.1952  66.4472 102.8736 213.9435 269.0712 250.3876  55.1770 205.5796  26.4600  74.5942  84.3959  17.1245 147.0161 147.7489 145.5445 198.8794
 47.3730 269.6308 177.8203 380.1703 258.9128 228.4103 222.4053 228.1187 209.4209 349.4409 167.9183 282.6632 290.6192 256.8032 255.5222 168.1971 319.3130 160.8490 258.5442 273.9661 196.6968 298.9102 186.1250 178.2281 274.1256
 50.6124  14.0431  25.1257  15.3559  21.5521  14.9375  15.9338  16.6032  29.8136   7.7347  26.1645  16.4846  21.0623  43.7980  38.5401  26.8686  12.1501  32.0285  21.2505  23.8655  28.4763   3.7014  27.1526  28.2693  20.2214
 65.0567  47.0853   6.1801  97.2231  63.8524  27.7948  25.5466  26.7386  39.2817  83.1782  19.8321  67.0709  61.9795  81.6774  72.1464  25.4654  69.6316  42.9221  63.1999  73.7085  49.6636  62.2635  20.8235  19.8972  53.8729
209.2998 198.8588 177.0826 307.4003 341.5354 224.6983 225.4513 196.6524 102.8092 303.0537 237.1371 339.7395 171.0728  33.3446  54.5250 250.5306 238.1578 288.4592 339.6842 366.1249 311.3546 292.5983 141.2564 141.0663 165.4651
113.6545  96.1691  90.9723 147.6318 171.8112 112.2563 112.9887  97.7370  51.6532 146.9285 121.8319 169.7620  79.8714   6.4498  19.6494 128.6527 113.9390 148.4317 170.8549 184.0754 158.7830 144.0488  72.6396  73.1762  78.1228
 39.7724  53.9560  22.5743  91.0014  49.5049  35.6636  33.3444  37.8345  45.4767  78.8539  13.2774  55.9017  65.9149  75.5953  69.8153  14.4499  70.8165  20.8038  49.2001  56.2053  31.1096  59.9724  31.7921  29.9282  59.6782
113.2410  21.6040  57.1852  23.0068  69.3787  40.6918  43.4082  37.6202  56.1174  19.7697  67.7054  59.5546  26.9904  80.1058  68.4587  70.6830   3.3886  84.6142  68.6679  75.4279  79.9431  31.3863  56.3151  59.3374  28.3162
 98.3182  88.5569  50.2763 141.8759  52.6292  50.9504  46.8574  62.1254  93.8660 118.1094  16.7819  65.4824 114.6220 149.4134 136.9033   9.6287 112.8919  17.7387  52.1933  63.6899  22.8592  81.8788  69.8288  68.5861 104.5113
 81.4012  81.1501  53.2448 118.4985  37.5090  52.0002  49.0272  61.5708  86.5711  99.3803  27.4915  50.8092 101.7648 128.8114 119.4621  21.8555  98.4145   9.1037  37.4989  43.7001   7.8529  70.5373  68.1421  67.0419  94.1653
 92.6423 115.2562  58.2989 184.3963  85.1664  74.0692  69.1439  82.8092 107.4125 157.9602  24.8966 100.8811 142.4730 169.4596 157.0336  20.8010 146.9599  22.2504  84.7420  97.4526  44.5601 117.0969  79.2709  76.2640 130.1116
 80.9287  80.9287  80.9287  80.9287  80.9287  80.9287  80.9287  80.9287  80.9287  80.9287  80.9287  80.9287  80.9287  80.9287  80.9287  80.9287  80.9287  80.9287  80.9287  80.9287  80.9287  80.9287  80.9287  80.9287  80.9287


6.7947 5.1000 3.7193 4.1786 6.2500
1.6498 4.6314 3.3279 2.4527 6.2500
2.9805 4.2323 1.2194 0.5937 6.2500
2.9032 7.1175 6.0271 5.2537 6.2500
2.9123 8.0634 3.1449 3.3139 6.2500
1.4432 5.3012 1.8690 1.1743 6.2500
1.5938 5.3258 1.6914 1.0335 6.2500
1.7396 4.6333 2.1087 1.2383 6.2500
3.8269 2.4448 3.1262 2.4469 6.2500
1.8630 7.0474 5.0991 4.4020 6.2500
3.1588 5.6569 0.3388 1.0579 6.2500
2.3173 7.9990 3.5092 3.4477 6.2500
2.8855 3.9289 4.3275 3.4359 6.2500
6.0583 0.5814 5.5461 4.9398 6.2500
5.2857 1.1457 5.0179 4.3410 6.2500
3.2860 5.9733 0.6365 1.3697 6.2500
1.9182 5.5140 4.5524 3.7117 6.2500
4.1200 6.8776 1.6114 2.4270 6.2500
2.8632 8.0194 3.1147 3.2739 6.2500
3.3552 8.6393 3.6871 3.8876 6.2500
3.6810 7.3945 2.0679 2.6650 6.2500
0.6825 6.8509 3.6823 3.1506 6.2500
3.3322 3.3831 2.0596 1.4238 6.2500
3.4894 3.3906 1.9846 1.4312 6.2500
2.6522 3.8196 3.8639 2.9734 6.2500
