100 50 10


13 13 7 7 10 33 24 9 15 15 17 28 21 33 6 23 15 13 9 30 16 22 13 33 20 18 29 29 16 10 9 18 9 30 28 25 17 13 21 16 7 27 21 8 6 21 16 24 15 11 25 31 28 8 8 20 29 10 14 23 25 12 25 33 33 25 13 31 22 18 10 32 22 22 20 22 8 17 33 16 26 19 20 24 28 6 13 13 21 33 31 6 13 5 29 33 16 5 26 10 
1116 873 451 809 1223 1302 1128 870 1224 795 1162 719 1053 883 1153 1348 479 1064 1109 722 1080 557 1209 924 1364 901 866 1318 619 875 458 469 1429 1281 399 589 1022 473 1150 997 1012 1139 615 463 1300 1284 725 1432 1247 890 
4280 3119 2445 3976 4209 4481 1215 1328 3909 1319


 23.4811  39.6730  70.7986  42.1890  77.5363  29.7862 103.9969  25.8700  53.4856  92.9387  27.0653  57.0647 105.6465  47.1964  57.8996  69.7945 107.9412  53.9356  24.9400  57.3726  22.8282  50.7608  72.0500  44.0997  94.1208  60.1834  95.1921  69.8089  69.0178  56.8325  51.7402   4.8258  48.6249  51.8242  96.4984 100.9029  70.2140  56.2589  44.4898  62.7093  17.7206  89.2770  29.9025  30.8681 106.8443 111.4588  81.2287  29.7317  44.2099  47.9918
 33.9459  29.3377  77.9488  32.3619  78.8947  19.4097 105.4620  15.6287  64.4314  98.8141  32.9936  65.9110 106.9834  53.7315  67.8362  71.4547 111.5548  61.3464  17.7415  61.7772  14.4820  46.8045  82.7055  48.9812  98.5373  62.2052  99.3885  65.1332  73.4638  64.6049  54.1588   6.6440  55.2991  61.3415  96.0034 103.7690  79.7495  55.2865  44.0639  59.3620  19.9528  87.4329  19.6627  32.4867 113.4227 116.5840  91.0796  30.6778  44.6084  40.3706
 24.3546  43.9891   6.0399  43.1214  20.4281  40.8590  30.5653  44.4720  29.9933  16.9698  18.8624  10.7171  31.6468   7.7444  17.3199  17.4512  27.6057   5.4095  46.0325   7.6761  44.4092  30.2343  27.3596  11.0096  19.2634  14.9959  20.1874  36.3154   8.4146   5.8621  14.2102  35.2501   6.9793  14.4439  32.8219  25.7087  16.8793  23.2283  21.8942  30.7032  26.2039  34.0911  46.4645  21.3480  24.4614  27.3360  22.6810  22.6555  20.1212  38.7151
 49.9255  33.7598  47.7121  31.0259  25.9187  36.4527  32.4610  44.6394  65.4933  48.4740  39.4229  51.5132  32.4611  40.9950  57.3332  26.4712  43.2129  44.9344  49.7732  35.1032  47.6701  18.9343  68.1966  36.2334  42.2522  27.7080  41.6043   8.5943  36.4993  46.9141  29.4690  45.7430  41.5851  53.1784  21.8732  37.5307  59.2236  20.4922  25.3814  13.5569  37.7381  14.4821  45.0030  32.6558  56.7736  51.4523  65.3322  32.3703  26.7559  23.0759
 48.7797  46.2448  40.3298  43.2751  14.5262  45.8132  33.4701  55.8502  68.2047  44.1137  33.4978  45.9796  34.4006  31.4229  54.6480  11.6842  43.1158  36.5141  61.5315  22.1930  58.5044  18.0205  70.0900  25.2620  37.4233  11.6108  37.0775  19.7608  24.8117  39.2323  14.9513  50.4267  32.1069  48.9229  24.8357  35.4459  56.7219   6.6189  15.2971  12.6479  35.8709  19.9462  57.6585  26.0192  56.5963  52.0312  65.3716  26.6475  15.6080  32.5886
178.1053 219.4403  87.5968 211.2116  31.3917 212.9932  67.6790 240.7263 218.2006  74.9456 136.3479 127.9600  72.6750  98.5612 159.0395  36.1557  73.5041 101.0167 255.0240  60.9000 245.7543 131.0437 204.7301  93.6113  49.3833  53.9154  48.4752 136.4832  38.0546 105.0961  73.0620 209.7993  97.7073 145.3218  80.7880  53.1751 152.1915  89.9351 105.9706 115.5288 160.5659  96.3176 248.3780 128.0553 114.7195  97.8053 174.7284 132.9359 101.0840 179.0371
 93.7230  58.7917 180.5223  67.7315 180.1690  46.0856 228.9878  18.0016 143.4987 219.4230  97.7599 156.5731 231.6280 136.0040 157.6875 166.8761 242.1743 149.6604   5.5252 150.8844  10.3534 113.8774 181.5132 127.4038 218.6188 150.3015 220.0893 144.3765 172.4223 155.4164 135.9087  42.7665 138.8538 146.8606 208.9347 227.2820 180.7570 134.3050 114.9362 137.3180  73.7023 190.9388  18.7200  96.0318 246.2966 252.1390 200.7618  92.3551 116.8327  92.1612
 34.4714   7.5434  59.5396   9.7931  53.2414   0.6854  71.1550  10.2919  56.4819  71.9870  29.2871  53.6425  72.0331  42.8113  56.4862  48.6937  77.8276  48.8090  16.9604  45.5796  14.3335  26.2943  67.9745  37.9390  70.0020  43.1033  70.3087  37.1690  53.2819  51.4063  38.4317  17.3348  43.9856  51.4800  62.5128  71.6654  63.9649  35.1956  28.9567  34.9629  19.4335  55.2213  11.1284  24.7225  82.7930  83.0947  72.1881  23.0656  30.2427  17.5832
 60.2151 114.3296  13.3711 113.1350  64.4881 106.4339  80.2479 111.5872  57.2413  36.1948  56.8730  19.2217  82.5487  34.7136  27.6574  59.5303  66.6260  24.3005 112.9671  40.1423 110.0881  88.0546  42.2436  44.7493  49.1572  55.6178  51.7543 101.5158  38.1204  19.8295  54.0385  89.4224  32.7495  27.9709  89.7499  66.7987  17.4155  73.4728  69.8879  89.4968  73.4242  94.7060 116.1075  66.0036  44.4124  58.4962  26.3898  68.7507  66.0395 105.2569
 69.9212  31.7050 121.4301  37.5854 116.1795  27.7078 146.2469  14.3075 102.2602 144.4655  69.4971 107.9652 147.7482  93.3441 109.6796 108.3422 156.4632 102.4712  16.2624 100.8675  16.8060  71.5196 125.4862  86.8661 142.6326  98.5769 143.3401  88.4996 114.1329 106.3403  90.1863  37.3379  95.2079 102.4860 131.9834 146.5426 123.7344  86.3673  75.4203  85.8153  53.4577 119.6136  10.2176  65.8994 161.8302 164.0828 136.5877  63.3407  77.1993  54.7317
 25.5459  63.0618  92.3399  66.5849 107.5747  50.0817 141.7943  42.3764  60.6195 122.6982  38.9567  71.8819 144.0542  63.0361  70.5926  97.3055 144.8001  70.3219  37.9420  78.6114  36.5694  76.5938  86.7343  61.2118 125.9828  84.6081 127.6184 101.6552  93.5076  73.4546  73.4363  16.1527  64.6505  63.7883 133.7048 136.4345  87.4193  81.9463  66.4778  91.7534  31.6332 125.3095  47.4568  47.8293 139.8137 147.6620 100.9774  46.9249  65.5297  74.2199
144.5977 257.0690  70.2644 255.6455 163.9760 241.0306 184.7926 247.1986 114.9365  92.0387 148.1457  72.3094 188.8828 110.2745  70.9279 156.4727 150.4840  90.6612 247.0387 122.2061 242.6075 211.5529  69.2687 129.8418 122.2603 150.7402 127.2525 236.7318 115.9653  81.8563 148.2430 203.6386 106.7094  81.9042 208.4880 156.8912  42.6161 184.4877 177.4908 214.3595 178.7251 220.7588 255.8351 168.1129  88.4773 124.8263  26.4641 173.1055 170.2946 242.7330
127.6869 174.1380  46.9954 169.7591  59.7733 167.8436  59.5545 182.5133 138.1810  11.4252 108.5462  79.4860  62.4241  76.8502  96.7738  62.1295  33.4850  70.1821 189.2549  61.0999 183.8939 121.2120 118.8862  81.5290  12.2666  69.1653  15.7430 126.9319  42.6357  68.8790  77.6319 157.9235  74.9594  92.7280  83.0488  37.7819  84.2529  95.2477 101.7462 113.2017 128.4490  98.2291 188.0137 110.0821  33.0842  27.8161  92.3802 113.7435  97.5804 151.1557
 91.9392 243.4837 115.0110 245.7835 212.1294 220.3869 261.2235 216.2832  34.1450 173.8358 122.9585  67.3216 266.3429 108.4902  36.5124 195.5567 238.9476  95.8626 209.5669 144.2296 206.6962 220.8437  32.4224 129.3941 199.4773 177.2456 204.8723 263.1218 157.3764  90.2687 162.7753 162.8238 106.6349  51.3837 271.2120 235.5620  59.6351 203.4270 182.4449 236.8593 151.3726 272.6162 226.4762 155.3519 189.5131 223.0832  71.1890 159.5402 174.9663 243.2143
 31.6511  50.3731   7.8518  49.5550  23.7486  47.7400  26.8680  50.6949  31.3157   7.0228  28.6260  15.7262  27.7339  19.0791  19.5156  22.9255  19.6380  15.5965  51.7795  18.0185  50.4723  37.5631  24.4212  22.1423  13.4196  22.9856  14.4887  41.3146  14.5986  14.3435  23.8036  42.4181  18.3318  19.4379  32.4689  20.8418  14.8098  30.7538  30.8123  36.8007  35.0717  35.7667  52.4318  31.0033   9.3877  15.2103  16.3294  32.1231  29.3599  45.3875
109.3807  90.0969 104.4884  82.9443  50.6669  90.4114  93.0548 114.6169 158.3698 117.2975  74.1460 112.7528  94.9677  77.7676 131.3469  43.5138 116.4341  91.4293 128.6646  61.1342 121.6141  24.5713 167.0452  61.8559 102.9940  38.8380 102.3345  33.1232  71.0730  98.2173  40.5120 105.9504  79.8561 117.5847  69.6691  98.7153 138.8453  10.2705  28.0043  14.5646  74.2487  53.3481 118.2891  53.6078 146.1745 136.7369 159.5146  53.8819  31.4756  57.8325
 77.3344  33.0644  94.4748  27.3354  64.4662  38.4105  90.5185  55.9629 113.9511 106.8886  57.9538  93.9672  91.4760  71.2923 103.5710  59.7251 107.3396  81.6012  67.0829  66.3170  62.6293  17.3151 126.0666  60.5008  98.5208  54.6963  98.1785  24.3841  75.6519  86.3315  51.7578  60.9473  73.0957  94.3225  72.0256  95.6337 111.9537  35.5801  34.8533  25.6285  48.3217  57.6472  56.7026  43.2013 125.7788 120.6069 126.0195  41.2781  38.6948   9.7408
 52.3369  85.7547  10.7806  83.7915  33.7812  80.5309  50.4248  88.0869  62.3840  25.0276  41.0677  26.0110  52.4417  20.8916  38.1204  29.4093  44.0524  17.2474  91.4677  15.2455  88.3301  57.7411  55.8191  25.2190  28.5397  27.0203  30.2685  67.1531  10.8486  17.5500  27.8249  71.6654  19.6610  33.4595  56.1746  40.8219  35.2990  43.4754  42.9594  57.0060  54.1989  59.8736  91.6919  44.1545  39.8276  43.8416  44.9509  46.5547  39.8116  74.5371
 70.8949  84.0668  38.1031  81.6300  29.8792  82.6396  17.1009  90.3104  77.2377  22.4165  60.9292  51.9319  17.5269  48.6847  59.5686  33.7764   4.7555  47.0228  94.1326  39.8301  91.6305  59.1338  69.0751  49.0620  15.3468  39.3394  14.1472  57.4193  31.9185  46.9150  44.5376  81.5265  48.0875  57.5303  30.8137  11.0521  54.2695  48.1714  53.4173  53.2909  68.2272  39.8896  92.3937  59.4976  24.9326  12.6109  57.3125  60.8672  52.1859  72.2680
227.0239 168.3695 203.7815 156.7298 104.7254 178.6474 122.1210 213.5884 290.4423 200.0811 181.1824 225.0770 121.4674 181.5744 251.2856 111.0798 170.7129 196.6493 235.1382 152.8676 226.0217  98.5576 297.5692 162.4804 171.0960 120.9629 167.7386  55.8032 154.4592 204.5393 131.9881 214.8909 183.6667 234.0908  76.2130 146.8622 256.4219  96.4200 120.7451  71.5800 177.9071  47.2631 215.6574 153.5499 234.0748 207.8885 281.4921 153.1217 125.5779 121.9658
115.0164 102.1177  88.7067  96.3747  34.2041 104.5565  37.2116 122.1970 143.9386  81.6535  90.7138 104.2966  36.9364  83.7008 119.1184  41.0265  63.2893  89.4812 132.4376  65.8302 127.5147  57.8654 142.9884  75.5912  65.1507  50.3026  63.0938  42.6261  62.4371  92.9268  59.1872 116.8322  84.2968 110.8383  12.7218  50.7465 118.9475  46.5933  61.1453  42.4823  94.1650   6.4399 124.3505  78.7332  98.7159  83.4979 131.0692  79.5330  62.1204  77.4097
120.7497  51.6143 144.6786  43.0172  97.8496  61.0986 134.5474  86.7704 174.4809 161.6630  92.3188 144.7326 135.7840 111.3470 159.0373  91.6912 160.5387 126.3842 103.3354 103.1856  96.9132  31.1143 192.1119  95.4630 148.5888  85.3092 147.9228  34.5512 116.2254 133.3115  81.8359  95.8980 113.9602 145.4666 106.2591 143.1531 171.0736  56.9052  57.5593  39.8589  78.1431  84.4253  87.3868  70.6306 189.3588 180.8273 191.6735  67.8532  63.2135  18.9889
 98.9724 108.8455  58.5821 104.9029  31.0079 108.0331   6.2142 120.3690 113.4655  41.4392  82.1396  77.0759   6.5052  67.5320  89.0359  38.2845  17.2685  67.6125 126.9024  52.8026 123.0987  71.9183 105.3572  65.5531  27.2026  47.6809  24.8820  66.6444  43.0867  68.5874  56.0591 110.1339  67.0988  84.5429  26.0536  11.1626  83.9185  57.0380  66.4182  62.0122  90.5894  39.6022 123.0183  77.4399  50.5782  34.6505  90.6018  79.0935  65.3052  90.5392
122.5740 156.9250  92.9558 150.1090  59.6817 148.0380 126.0626 174.4065 180.5257 120.9480  74.9071 105.9218 130.3851  57.7500 134.3003  39.6728 139.7401  74.7878 188.5687  30.3349 179.2735  78.5462 185.2908  39.0294 109.9078  15.0286 111.0120 105.1038  51.0477  84.0924   6.8031 144.1923  59.9184 115.4453 114.3696 119.2620 142.2311  43.2212  43.3357  78.5164  94.6548 107.8954 182.2440  61.6888 162.1885 158.1867 171.5048  66.4620  36.6107 122.7782
 84.9847  23.4776 123.5885  18.0100  97.4452  26.3370 135.7723  49.6137 134.8116 146.3027  63.9562 116.7168 137.4770  88.6002 126.7580  88.6273 153.8515 102.6049  64.2003  88.4952  58.2124  33.7615 155.1862  75.3936 138.7400  78.2000 138.9244  55.9017 103.9331 108.8222  70.2282  57.2087  91.2002 114.7263 114.4170 139.2157 140.6580  56.5972  46.8504  52.1479  46.1172  97.1566  51.1531  47.1228 171.1463 168.3060 159.4472  43.6225  51.0564  13.4462
 90.8893   8.5287 133.0501   6.7205 109.4770  22.2182 143.0845  39.1362 135.4635 154.2146  76.4152 124.9886 144.4620 100.8265 132.5544 101.9545 160.5648 113.3298  52.9203 102.0332  48.5406  51.1723 156.8578  89.4602 147.3567  92.8974 147.4710  65.6075 116.0905 118.8275  85.7460  58.1921 103.1892 122.0578 122.2882 147.1691 146.2684  72.8180  64.7372  65.9596  57.9994 105.4883  37.6372  63.2794 176.5378 173.9826 163.0417  59.9722  68.4933  25.7501
172.1577 118.3886 167.3710 107.5716  85.2787 125.6366 125.9081 158.9774 236.4212 176.9535 128.4687 179.9938 127.0720 135.9618 203.5182  82.9831 164.6066 152.9884 179.2033 113.6104 170.3192  45.7291 248.5275 115.8643 154.4709  83.7934 152.5998   9.2528 122.6755 161.4386  88.7196 158.2050 138.5708 186.1398  86.4414 141.0641 212.6335  50.8187  70.2285  21.2394 122.8317  57.1013 161.7059 100.6450 212.6206 195.2391 238.4516  99.7010  75.9523  73.0829
 79.6234 149.6144  57.3423 146.2716  83.0555 136.5484 135.8544 152.2909 121.4920  99.9205  47.8148  55.7411 140.1072  12.3888  79.7711  66.6148 134.7680  29.3588 159.8889  23.5776 152.8143  97.3126 124.7013  12.9692 102.4258  48.3753 105.2125 127.8962  47.2593  38.3546  35.9003 116.0674  14.3601  63.0495 134.4130 122.0242  89.2296  73.4943  61.7836 104.3234  76.6528 132.3112 160.3941  55.7291 132.9520 140.5013 115.9130  61.1467  54.3346 129.5768
 90.2406  50.8004  98.1113  44.6870  58.8132  55.9938  83.9256  74.6612 127.8577 107.3546  67.4434 101.4014  84.7200  76.7817 113.1427  55.5516 103.9041  87.1579  86.2829  67.7549  81.4557  18.7821 137.7448  65.2049  96.5213  52.9203  95.7971  10.6192  75.3965  92.0834  52.6300  77.4230  78.4961 103.3165  62.8450  91.0771 120.1770  32.3014  37.6003  16.6315  60.6706  46.8407  75.7130  51.3961 127.3785 119.6386 134.9043  50.0882  41.5190  25.8488
 59.1663  31.3982  65.0594  27.4973  40.1908  35.4000  55.2963  47.1004  82.9504  70.7636  45.2041  66.9484  55.7248  51.5675  74.1742  38.3423  68.1956  58.1031  54.5367  46.0834  51.5707  14.9616  89.5081  44.3191  63.8546  36.8179  63.3654   8.7419  50.8575  61.1923  36.6083  50.0276  52.6553  68.0213  41.6984  60.1365  78.7219  23.9366  26.9920  14.0228  40.3550  31.4111  47.5147  35.1592  83.2625  78.2367  87.9492  34.2286  29.4771  16.2077
  7.5621  48.7830  31.7934  49.5040  49.6315  42.4549  65.8978  41.6981  16.4269  48.8636  17.5811  18.8721  67.2402  20.6118  16.7627  44.4029  63.6789  21.2891  40.5262  31.1620  39.4439  44.9600  26.2684  23.8364  52.9641  38.2284  54.1498  57.4257  37.4893  21.8196  33.0191  27.1497  20.8398  13.7476  65.3985  60.8033  25.7999  42.4072  35.4278  50.6313  23.9491  63.7277  44.4964  26.6062  56.4161  62.6346  32.8204  27.4453  33.7337  49.4935
 26.4061  85.8253  97.9736  89.6339 123.9240  72.0738 159.0976  62.2542  49.0159 131.6721  50.7756  72.9631 161.6325  70.8325  67.3962 113.0172 158.7763  75.6670  55.0144  90.0238  54.8790  97.6684  79.4993  72.3703 137.9149  99.6752 139.9985 124.2456 104.7917  77.7337  87.9950  36.0755  72.0418  62.6840 153.3617 151.3752  85.8194 100.5586  84.4116 112.8593  49.3032 146.2214  67.3376  64.2872 147.7554 158.9417  98.2902  64.0891  82.6327  97.2382
 52.3244  36.9567  50.3551  33.6518  24.9863  38.9310  37.9704  49.2000  72.0902  53.3627  38.7026  54.3607  38.3722  40.7239  61.7052  24.1812  49.7545  45.9639  55.3839  33.6905  52.6195  13.6007  75.6747  34.5211  46.4530  24.4180  45.8916   4.1046  36.4775  48.5753  26.0200  48.4994  41.5211  56.3271  25.9802  42.4634  64.4583  14.3012  20.5777   5.4374  37.2658  17.1000  50.1319  30.1597  64.4476  59.1543  72.4542  29.9323  22.2859  22.9500
 28.9263 152.7778 142.7256 157.7036 193.5058 130.1461 250.5250 118.9094  62.9235 199.3962  74.5867  99.8694 254.8710 100.8522  89.6960 175.5041 246.8510 106.5879 109.8201 134.4924 108.2705 160.3025 111.2227 106.5511 211.5570 153.7171 215.2715 204.0957 157.8311 109.2140 134.8095  71.7245 102.4060  82.3083 244.2641 235.7878 120.4081 160.0561 134.0772 183.4951  81.1227 234.8711 127.8595 101.1231 225.0682 245.1486 141.2799 101.9735 130.0250 165.6753
126.0812 247.8044  84.0905 247.8321 179.1947 230.0043 208.0176 231.8138  84.3414 119.4248 139.1870  66.1991 212.2623 109.0869  52.3720 168.9579 178.2705  90.9345 228.9327 129.4248 225.4638 212.4772  35.5677 129.4170 147.6174 159.2080 152.6062 242.3455 129.7935  82.5179 152.7551 186.9029 105.9940  68.0924 226.7665 181.6995  33.0732 189.5966 178.1304 219.5961 168.1719 235.2133 240.5337 162.9843 121.2723 155.9678  10.6253 167.5594 171.0376 239.2709
102.7643  78.9763 115.3757  72.0525  72.0837  77.5246 120.7231 103.2164 159.4761 136.7955  65.5076 117.3206 123.0554  78.9185 135.3352  61.2423 142.6694  95.5386 118.2777  68.2958 110.6213  13.7295 173.7629  60.7685 124.8449  49.9030 124.7728  45.4265  84.2570 103.3408  44.0256  94.0748  81.7118 119.9732  97.1355 124.2762 146.9041  21.0431  17.3385  27.9072  60.8944  79.4060 107.4244  41.0868 168.2327 161.8612 170.1038  40.2127  23.6075  47.7598
 19.1157  60.1810  80.8459  62.4650  94.1003  47.6877 128.2959  45.5885  60.3272 110.4267  25.5521  62.3291 130.5576  50.5566  63.5814  83.8240 131.5832  58.7546  44.9218  65.3413  42.1261  65.5989  82.9135  47.9102 112.9742  71.1236 114.5351  90.6986  80.3509  62.3511  59.9500  18.4738  52.3073  55.4828 120.4672 123.0369  79.5457  69.1958  53.7765  80.0520  19.9198 112.5365  50.8831  34.8836 128.1624 135.0580  94.0604  34.3084  52.5344  66.6166
 53.9556  43.1837  58.6140  39.5721  35.3676  42.3764  60.6845  55.6389  83.0081  69.2900  34.3685  60.2321  61.9063  40.2314  69.8395  29.7655  72.0901  48.7410  63.3746  34.0397  59.4008   8.5810  89.8878  30.8185  62.9089  24.0588  62.8486  23.4361  42.0463  52.7723  21.4342  50.4323  41.6398  61.8784  48.5946  62.5118  75.5281   8.8266   8.5613  13.7788  32.8170  39.6379  57.8710  21.9377  85.6479  82.1551  87.5401  21.7073  11.6101  26.7967
 54.0251 150.3934  92.6919 153.0012 149.1303 134.8954 183.2106 128.4998   1.8065 131.3331  81.0818  60.6904 186.4471  80.9375  42.8451 137.7462 171.5978  76.2025 121.8945 105.2695 121.0418 144.9590  38.0934  92.0473 146.2957 124.6638 149.5914 173.7492 116.2763  74.0550 113.8324  95.1430  80.4201  48.2731 186.6810 168.1796  60.1513 137.6878 122.2326 157.6423  94.8796 185.2887 134.7879 102.1632 142.5632 163.0683  67.1281 104.1399 118.0202 154.9726
 54.0281  51.8412 115.7730  57.3452 122.4329  41.5168 155.1411  24.2910  83.4484 143.3447  62.2532  97.5036 157.0624  87.0148  96.2989 113.1345 161.4058  94.9809  12.5710  99.3612  15.8876  82.7571 110.0563  83.1095 144.6656 101.5487 145.9201 104.6405 113.7379  98.3041  91.3942  24.8953  88.7410  90.0207 143.8913 152.3457 112.2306  93.7794  79.8964  98.3460  48.7822 133.2388  26.7143  64.9003 160.2869 166.1441 124.7856  62.9258  80.3990  71.6552
 27.6396  48.9648   1.0593  48.1222  23.0206  45.7556  31.1453  49.1283  30.5002  13.6491  23.3905  10.7923  32.2300  12.2422  16.9026  20.7060  26.2295   8.4146  50.4584  12.2324  48.9052  35.0797  25.7266  15.9767  17.7938  19.1479  18.9005  40.7162  10.6988   7.4071  18.9678  39.5720  11.3747  15.1706  34.9345  25.3757  14.4079  27.7808  26.8254  35.1777  30.8999  37.1053  51.1529  26.3016  20.2105  24.3722  19.3612  27.6092  25.0648  43.6982
190.9055 193.2510 126.3857 184.4416  42.6814 193.7654  25.8876 221.3058 231.0298 105.2245 152.2498 158.8417  26.3274 130.2341 184.3133  58.8699  69.3522 135.6207 236.5502  98.3649 228.4074 116.1772 222.2986 120.9965  75.8551  78.7553  71.8677 100.7447  85.0916 139.8373  96.3147 205.0402 130.3172 172.2323  16.3812  48.5587 179.3696  88.3940 110.8066  93.3611 164.8195  43.4901 226.0895 137.3990 131.6166 103.9458 197.3301 140.0134 110.0623 153.5562
 99.3733  46.2115 171.8956  54.4402 164.7510  40.8638 206.8449  21.9709 144.2799 204.2448  99.1805 152.8711 208.9459 132.5874 155.1026 153.7754 221.1316 145.3154  23.6490 143.2386  24.8874 102.1878 177.0096 123.5944 201.7417 140.0946 202.7395 125.8552 161.8227 150.7058 128.3318  53.8293 135.1906 145.1070 186.8510 207.2530 174.8513 123.0114 107.6860 122.1826  76.7837 169.5002  16.3584  94.2977 228.5209 231.7545 192.7842  90.7241 110.1700  78.5445
 33.4400  41.1626  22.3016  39.3318  10.5397  39.3536  26.5399  46.0351  46.6318  26.9547  22.0962  27.3420  27.5936  16.4998  34.5446   5.6941  30.1515  19.7796  49.6063   7.9764  47.3306  20.8670  46.7488  12.8202  23.3797   0.8944  23.5195  25.4944  10.4012  21.7848   5.6749  38.9613  16.8238  30.2062  24.1866  25.0093  35.5950  11.2811  13.5127  19.3138  26.9430  23.4487  47.8796  18.9061  37.0268  35.1925  42.3980  20.0136  12.2002  32.1297
 40.1938  54.7669  16.2618  53.5555  22.0203  52.8601  20.0699  56.8563  41.6199   4.9572  35.3983  25.3586  20.7725  26.0732  29.7455  22.8646  10.6795  23.6336  58.6112  22.2331  57.1249  39.7659  34.9225  27.8587   7.7921  24.8757   8.4278  41.3045  17.1001  22.9377  27.1827  49.5269  25.4619  29.1692  27.7463  13.7578  25.3198  32.3505  34.1294  37.4456  41.3051  32.5464  58.4636  36.2442   5.0834   4.6896  26.5767  37.3102  32.9089  48.3072
149.1250 147.9672 101.3454 140.9928  34.2821 148.8128  24.4648 170.5506 181.4756  86.0295 118.6678 125.8769  24.5089 102.7587 145.6772  46.5637  58.5972 107.5292 182.6803  78.0398 176.3162  88.1032 175.5542  94.9632  63.3355  61.7414  60.2934  74.8549  68.6559 111.0267  75.2296 158.7689 102.9424 136.0220   8.0789  42.4200 142.4057  67.3377  85.2013  69.8679 127.6422  29.5093 174.1346 106.3954 106.8512  85.4991 156.7036 108.2826  84.9112 116.7753
 55.0421  76.3388  41.9542  73.3928  32.9126  71.2746  64.5806  83.1780  82.5961  57.9220  32.4879  46.7301  66.7461  23.1138  60.3200  23.2353  69.5196  31.7143  89.4864  11.8573  85.0890  40.6617  85.0794  14.0891  54.0954  11.5909  54.8809  55.0498  24.1981  36.3485   3.8963  67.2838  24.2282  51.1124  60.0134  60.2119  64.6008  24.9046  22.2883  42.0760  43.4449  57.2331  87.1513  27.9726  77.6857  77.1568  78.9554  30.5479  18.5172  61.1654
 85.9431  46.4987 168.2124  54.8094 164.6355  31.5671 213.3717   6.1329 139.6340 205.9201  85.1094 146.2561 215.9793 123.3649 149.2632 151.4727 227.2637 137.7067  14.6400 136.7284   7.6273  98.0825 175.4415 113.7149 204.1717 135.0951 205.5192 128.9821 158.1644 143.8051 120.9469  33.6856 126.3071 137.5788 193.0728 212.0937 171.5773 118.5007  99.3220 121.5415  59.9582 175.0984  12.9444  81.2977 233.3088 238.0357 192.2761  77.4602 101.3954  77.5126
 59.4411 119.3043  25.5635 118.6713  76.4526 110.5995  92.6340 113.9077  48.9802  47.2738  60.8751  20.1944  94.9310  41.4557  21.3195  71.0552  78.3253  31.1137 114.0313  50.3723 111.5671  96.5358  30.5566  52.2073  61.1627  66.2314  63.7930 111.4243  49.9896  26.3940  63.4784  90.6943  39.6210  25.6995 102.0000  79.0299   6.6577  83.1844  78.1460  99.2837  77.2104 106.4922 118.5274  71.9895  52.4582  68.6879  14.5012  74.6180  74.2974 112.3504
 76.3058  66.8721  59.7819  62.9338  22.3373  68.5322  27.4061  80.6687  96.6552  56.0928  59.5348  69.8846  27.3944  55.3449  79.9954  26.4250  44.7766  59.6140  87.7279  43.2973  84.3427  36.4359  96.5469  49.5176  45.0873  32.3202  43.7801  26.1421  41.6191  62.0954  38.1662  77.1126  55.8167  74.1775  10.8058  35.9836  80.2795  28.9302  38.9402  25.8559  61.6166   1.1000  82.1423  51.0922  68.2051  58.3398  88.8280  51.5911  39.7031  49.9047
113.9309  19.2354 186.4961  29.0269 166.3627  19.7310 215.3261  28.0736 173.7300 220.7651 102.1886 169.6500 217.5916 140.0112 176.7502 154.2956 235.6137 156.6194  46.4825 147.3976  41.2015  88.4774 207.6031 126.4587 214.5985 139.4312 215.3102 114.5538 168.5853 163.7920 127.0276  62.4445 143.2701 163.1397 189.3966 218.0638 198.0500 115.6009  99.8405 111.5328  74.6802 167.7060  24.6221  89.6835 250.9123 251.1405 220.7155  85.0606 103.8524  58.0452
105.3316 224.4233  39.7103 222.8909 140.6789 206.8267 179.4943 214.9747  97.7793  94.3470 103.9356  20.8416 184.2975  63.0147  36.3904 128.1227 155.4337  41.7615 216.3880  83.3923 210.8823 177.0450  72.4213  85.2928 118.5522 116.3954 123.7246 208.6383  86.2369  32.0741 109.4304 167.8624  59.2489  37.0512 194.7967 153.5126  23.8941 150.2259 139.0086 183.4836 137.9260 201.7824 224.4524 126.2031 113.0077 141.1562  51.0183 131.6683 131.0670 209.5128
206.3152 278.0225  93.6323 272.4447 124.3055 268.8776 108.8303 286.9891 207.4649  43.9100 186.0787 134.3758 111.5936 142.0318 152.6062 128.9901  61.6814 129.2863 294.6639 125.8119 287.8719 208.1191 172.0964 151.4927  57.4983 138.6687  59.6505 214.5630 102.1801 125.1603 149.3125 251.9210 139.0092 151.9412 147.3949  80.3985 129.3764 173.4753 181.8089 196.9242 214.2000 171.3897 294.5867 191.1096  19.6180  24.4772 130.9472 196.1280 176.0686 248.0138
 51.5476  75.0813  19.5436  73.7773  35.1135  71.9191  34.8859  76.3293  50.5271   9.3381  47.0199  30.3086  35.8836  34.2592  34.9966  35.2481  22.7403  29.9402  78.0248  31.3739  76.2165  56.6254  40.1637  37.8184  17.3895  36.6986  18.5657  60.1695  25.5155  28.4055  38.7680  65.6049  33.3048  35.2125  44.4354  26.4383  28.0856  47.0503  48.2180  54.5602  55.4492  50.1948  78.5990  49.5327   3.4363  13.8679  28.4190  51.0117  46.3952  67.5758
 26.2639  15.6653  53.4985  18.1790  52.6989  10.0740  68.9832   4.0808  44.4635  66.1133  25.7992  46.2016  69.8705  38.5539  47.2914  48.2592  73.3931  43.3262   6.4329  43.0995   4.0072  31.0981  56.1765  35.3843  65.6195  42.7374  66.0860  41.7171  50.2578  45.3594  37.9608   8.8858  39.5327  43.3530  62.4630  68.4000  54.6845  37.5122  30.9725  38.9268  17.4572  56.6604   6.5678  24.6953  75.2174  76.8685  61.6169  23.4466  31.5806  25.0158
 32.4500 119.8120  95.0608 123.0057 137.6419 104.7393 173.8139  96.8217  25.5131 133.1527  62.6115  64.5368 176.8055  73.2025  53.0377 125.9525 167.8888  73.6296  89.8721  96.6747  89.3031 122.1024  60.4887  80.0340 143.8951 112.0361 146.6704 150.8615 110.4900  73.8485 100.1249  65.7078  73.6272  51.8845 172.5204 162.1172  73.0085 119.4926 102.9487 136.4888  70.5807 168.0809 102.7013  81.7364 147.7762 163.8673  84.2568  82.8169  99.7100 127.5657
195.2312  90.1452 222.8427  79.3414 151.0675 107.6685 191.8744 140.0388 266.2637 240.3106 157.9766 225.8050 192.7226 181.4550 245.3799 146.2431 231.3571 200.9390 162.4117 167.7960 154.5588  74.3832 289.2218 160.4096 219.9548 141.6370 218.4077  57.8403 182.4358 210.0089 139.9787 159.0517 184.7835 227.4820 150.4030 207.8266 260.3431 104.0846 109.9834  75.7572 138.8385 119.5785 138.9536 129.2935 276.5404 261.3915 287.3582 125.7176 117.3981  57.0770
 47.0106   9.0443  76.4351  12.9031  68.3790   9.7576  87.9246  11.6181  70.7611  90.1882  42.6357  69.5795  88.8222  57.8247  72.3056  63.5744  96.1112  64.4480  18.6231  60.8412  16.7622  37.1128  84.5133  52.4409  87.7234  57.6490  88.0057  47.2890  69.3204  67.3051  52.6972  26.1536  59.1267  66.9024  77.4559  89.0767  80.8948  48.0563  41.8084  46.2650  31.6180  68.7026   9.7652  37.7404 102.2407 102.3422  89.9336  35.8933  43.4222  24.6739
 62.0555  96.3332  13.7121  93.9938  34.5255  91.0974  49.9109  99.7366  72.2595  21.8122  49.5010  32.8568  52.0830  28.0587  45.6640  31.0586  41.8712  24.1921 103.6537  19.7896 100.2080  64.6348  63.9015  31.9804  25.0979  30.4110  27.0175  73.2987  10.9826  24.1973  32.8454  82.4700  26.7927  41.1621  57.7006  38.8810  41.2630  48.5469  49.3666  62.6733  63.3376  62.9055 103.5570  52.0002  38.3983  41.6384  50.6817  54.5506  46.1187  83.3406
152.4470  85.7851 161.0532  76.7725  97.9773  96.4575 127.6324 123.2699 206.7229 170.6093 119.8750 167.8018 128.1628 132.4299 185.1214  95.9453 160.0992 146.9974 140.6196 117.7070 133.9070  49.9312 220.5874 115.8894 152.8566  95.0588 151.3234  24.3344 126.7083 153.9801  96.6134 131.5391 134.7984 171.0387  94.2764 141.3548 194.5264  66.5475  76.6024  42.0416 109.4222  69.7511 123.7402  96.7983 198.9691 185.0164 215.5052  94.8549  82.1026  52.4062
178.5445 214.1778  90.8615 207.5339  64.2266 209.9847  37.7202 231.2018 199.0760  51.9916 150.0204 128.5622  40.2647 116.8514 150.5673  74.4194   7.2672 113.3689 241.8496  91.4634 234.8863 145.3552 179.2068 117.0889  26.9467  89.6343  22.7843 142.4300  69.7899 113.7170 104.0631 206.9748 115.3584 143.7978  73.2926  13.5208 137.8326 114.6868 128.8177 129.9656 169.9544  96.7513 236.9971 145.6374  67.7542  38.3610 148.5541 149.4266 125.3348 181.8794
 33.4247  22.5460  70.2119  24.7016  67.9794  13.5706  92.4393  15.6801  62.6545  88.4979  28.7930  60.5764  93.7907  47.7175  63.4937  61.2788  98.9724  55.2430  20.5848  53.7451  17.0742  37.0098  78.2854  42.4035  87.4117  52.9711  88.0787  53.7949  64.4368  58.4834  45.8174  11.4529  49.2312  57.0722  83.0671  91.4640  73.9326  45.5205  35.4733  48.6616  15.7241  74.8147  19.0222  25.9672 102.3720 104.3879  84.7014  24.0566  36.2823  31.0278
 76.8330  40.9092 153.3970  46.3168 146.1848  21.8661 196.9673  26.3546 137.3319 190.9622  67.2853 133.7042 199.6974 106.5355 139.7938 132.4936 211.7088 122.3675  39.0040 118.2714  31.3847  78.5959 170.4259  95.0289 188.0819 115.5319 189.3642 112.5044 140.4246 129.1791 100.9954  28.3395 109.7098 126.4367 176.2956 195.7259 161.5627  98.3622  78.1605 103.0394  39.8850 158.2545  32.8719  60.0651 220.0763 223.6806 183.9959  55.8894  80.3275  62.5345
 41.6271 111.3289 148.7480 114.3577 168.7230  88.2236 235.3492  90.3658 123.8665 204.4296  37.3644 116.4830 239.6868  88.3821 122.5585 148.8245 243.1867 106.0990  93.0448 114.6298  86.3472 113.7232 163.4646  80.8204 207.6904 124.2015 210.5152 162.3630 144.0630 113.8825 102.5382  41.4712  92.0676 105.3321 219.4470 225.9613 151.9595 119.7918  89.8728 141.2573  25.3607 203.9189 100.5282  53.1802 239.9579 251.4559 181.1592  52.1369  87.4525 118.7193
 38.5592 190.6089 131.4685 194.3451 202.0775 166.5510 261.0302 159.3340  43.7558 194.3453  83.2941  81.7022 265.9851  95.1688  66.3366 183.0013 251.0209  95.4613 151.8377 134.0409 149.1615 183.3770  90.1691 107.7338 211.4651 160.4825 216.0139 229.7141 156.3632  96.0294 141.4253 106.0538  95.7023  61.1489 260.0387 241.4685 100.0874 175.4837 149.4040 205.1215 102.7912 254.0108 169.4495 116.0704 219.6742 245.0129 122.1999 118.6945 143.4267 197.2994
145.3104 162.9574  84.7043 155.9024  11.9085 160.2172  40.7162 183.3262 180.3400  73.5230 111.0433 113.4637  44.0284  87.4643 137.0447  25.2686  59.8148  91.9035 195.6860  57.9660 188.3887  93.1296 172.5596  80.3745  50.3550  43.5983  48.2558  91.0470  45.2838  95.8296  59.9260 163.5988  87.3631 125.7977  42.7003  40.4946 133.2819  62.9648  79.6006  77.5278 126.0050  54.8093 188.5686 100.6479 102.3016  84.6777 150.8694 103.7608  77.2532 129.5941
 10.1250  52.0536  60.9456  53.9375  74.9978  42.3914 100.7815  39.5277  40.2093  84.3573  21.9919  45.2587 102.5670  38.9454  44.7865  67.1107 101.9857  44.1480  37.7108  51.5884  36.0897  55.7762  58.3845  38.4380  87.3517  57.4160  88.6834  74.9216  62.7503  46.4617  48.9066  18.4641  40.0984  39.2439  95.8608  95.9785  57.4549  57.4543  45.7910  66.4743  20.9619  90.4592  43.5517  31.2574  97.2555 103.5947  68.1072  31.1612  44.5202  57.1814
 79.5257 215.8299 158.2983 220.9517 234.9851 192.3852 288.1421 178.6170  26.3117 216.3263 124.7764 110.3966 292.8718 133.8755  86.2669 217.4468 274.1103 130.2531 166.2167 170.4394 166.1661 218.1805  80.9978 147.5369 236.6927 196.8637 241.3724 262.2433 189.1767 128.4751 179.4389 131.3833 133.7811  91.0962 289.9256 267.5760 113.5705 211.8416 187.1394 239.4206 139.4380 285.2985 187.5093 155.1747 234.5834 263.5498 124.6127 157.2385 181.6529 227.9649
150.1388 206.8193  61.6950 202.5692  88.4575 199.4091  81.2733 213.4296 152.4994  22.4583 134.0595  94.1572  83.7807  99.4490 109.1566  91.1408  46.0563  89.5476 219.3863  86.9693 214.0631 152.6605 126.1788 106.9526  36.4968  97.8824  38.9002 159.0160  68.6671  86.4418 105.7569 185.7887  97.0796 108.0377 109.7167  58.2074  91.7366 125.5878 131.4314 144.6553 156.2039 127.3334 219.4225 138.2057  11.0724  20.4541  94.6655 142.1660 126.8216 183.7774
 84.9669 115.0401  35.7929 111.1778  25.6543 110.1266  50.1826 123.7743 105.6135  37.8274  63.6396  56.4667  52.9316  40.9871  73.4369  21.8817  48.7494  41.6987 130.6044  21.4985 125.7438  69.8595  98.7006  39.9312  30.6529  24.9993  31.5694  77.5850   7.3426  43.9366  32.5596 104.8949  40.3349  65.8537  56.2133  40.1545  70.4417  47.8844  52.8875  64.6360  78.5217  62.1261 128.2555  61.6037  60.4886  56.8142  83.4868  64.5588  49.4306  95.2913
 46.0435  55.4173  28.0480  52.9759   8.9202  53.4577  28.5722  62.0343  61.5384  31.1088  32.1279  36.3056  29.9082  23.8600  45.5511   3.2650  33.3318  27.0292  66.5980  12.3065  63.7386  29.0930  60.5307  20.1000  25.5069   5.3824  25.5069  32.9371  11.8474  29.2139  11.7388  53.3529  24.0684  40.4283  26.5663  26.7067  45.8956  16.6904  21.0109  25.7031  38.3283  26.9713  64.2949  28.2676  43.6646  40.3134  53.9949  29.6279  19.5900  43.4925
147.3981 238.4483  20.1803 233.7764 100.5661 225.1083 128.5401 242.4620 159.0925  41.0723 125.4408  69.7013 133.4289  74.4961  96.1364  93.7048 100.8325  59.1715 249.6205  65.0577 242.2358 169.2827 132.6380  88.5383  62.7608  92.0138  68.1547 190.3225  47.9723  55.1710  95.8730 200.2037  70.8155  89.9564 151.4520  99.7379  79.7365 133.2603 133.2953 165.8912 158.9366 165.4251 251.5228 135.6030  72.6407  90.1316  97.5244 141.5489 125.5873 211.0433
 56.6559  90.0324 144.9700  96.4707 165.5753  73.9557 210.0535  54.9569  89.8597 184.9267  77.2460 116.6510 212.9402 108.0632 111.9698 152.3369 214.2322 116.7108  41.8174 128.5932  43.9631 120.6114 127.6889 106.0776 189.7829 135.9367 191.9414 152.4860 147.8407 120.2949 121.5045  35.3407 110.0495 104.9852 198.5411 203.4072 134.3681 130.6498 110.7039 141.2121  65.3048 186.5477  59.9467  87.2738 206.3806 217.5110 150.3051  85.6015 110.0460 111.8622
109.0377  72.7761 191.4870  81.3970 191.7898  65.1557 236.4258  40.9301 149.7237 227.7723 116.0285 168.1435 238.7912 150.9644 167.4795 179.7276 248.9502 163.0384  30.6937 165.2087  36.4497 129.1318 186.6796 143.5645 227.3435 164.6482 228.7070 155.3683 184.9682 168.0676 151.5257  64.6785 153.5193 158.4199 217.1773 235.2272 189.1962 149.2119 131.8989 150.4215  94.4302 199.8949  37.7843 114.9927 252.1209 257.9851 206.7647 111.6049 133.8255 106.1525
 87.4119 165.1938  33.2662 164.0395 101.3351 153.9842 120.1775 159.2011  73.7957  57.3051  87.5984  33.8733 123.2002  60.0257  37.2005  95.0404  99.1972  46.0109 159.8105  69.1879 156.3831 132.4738  47.2610  73.9924  77.0135  89.9177  80.5712 151.0057  66.3497  39.7291  87.4878 128.5827  57.4735  42.4698 134.4753 101.3165  17.4264 113.5341 108.0979 134.9385 109.5586 141.7479 165.3294 101.4197  62.1073  84.8000  20.9304 105.0048 102.9563 154.6279
 50.5770  70.9479 135.0945  76.7926 148.0182  54.4094 192.8421  39.3462  95.2074 173.3449  62.4025 110.0040 195.6158  95.8519 109.0867 134.9535 199.5026 106.5041  31.4792 113.8591  30.4213  99.8684 129.8844  91.3477 175.9527 118.7203 177.8221 131.5859 133.5195 111.0137 104.4571  14.5350  98.1617  99.9839 179.6161 187.6739 130.7365 111.1662  91.4020 120.6661  46.5080 166.7334  45.4991  68.8885 196.3662 205.0099 148.4537  66.7514  91.2438  91.0034
 45.7121  71.9100  14.9069  70.8768  36.2524  68.2801  39.1233  71.9574  43.3209  12.1189  42.5119  23.9875  40.2274  29.8770  27.9925  35.3772  28.3106  24.9459  73.1854  28.9548  71.5100  55.0421  32.7306  34.2199  21.0544  35.5989  22.4297  59.9911  24.3925  23.0401  36.6822  60.6559  28.8561  28.6803  47.3457  30.8415  20.7866  45.9630  46.0073  54.0021  51.1996  52.1296  74.3022  46.0323  10.8635  20.7293  21.0400  47.5268  44.0602  65.4337
 62.7954  52.7617  74.4879  48.7500  50.8735  50.0897  84.8755  66.4465 101.4928  91.2343  37.5022  74.0593  86.6188  48.1148  85.8197  42.4949  97.8663  59.6865  76.0067  43.0674  70.8560  14.9571 111.8174  35.8091  84.4927  33.0238  84.6977  37.9561  55.2322  65.0374  26.8390  58.1231  50.1088  75.3424  70.5318  85.8559  94.3342  17.3666   6.8191  25.9494  34.7919  59.5946  69.6878  20.8546 112.4857 109.6122 110.2106  20.3347  11.0618  34.4999
191.3983 272.5109  61.4660 266.2593 101.4153 261.3235 107.8474 282.6542 203.8813   4.9610 164.3552 112.4172 112.4753 113.1279 138.6079 102.3021  67.7111 100.4003 292.0752  92.6689 283.9421 192.4786 172.0452 123.0369  33.3447 110.1019  39.1381 205.0363  65.3916  97.2717 121.0277 242.0610 109.8166 133.3596 142.4733  74.0767 117.7693 152.2931 159.6941 182.3181 196.9865 164.4132 291.5695 169.5828  46.3905  52.3911 129.9484 175.5045 152.6531 238.6651
 16.7535  63.7836  80.2238  66.5748  97.3291  51.6800 129.1850  46.2602  50.8009 109.1500  32.1405  60.4847 131.3679  53.3071  59.1009  87.6254 130.8821  59.5944  42.8567  68.8136  41.3051  71.8434  74.6219  52.5875 112.8870  75.6780 114.5225  95.4712  82.5885  62.3468  65.1811  20.6450  54.7174  52.7362 122.7354 123.4314  74.9417  74.9711  60.5100  85.4497  28.8577 115.7074  51.1370  42.6531 124.9107 132.8602  87.7082  42.2742  59.1647  71.9886
 50.0025 170.2017  99.4822 172.8030 165.4395 151.4381 208.7787 146.1792  17.7487 148.4056  80.9607  59.2549 212.7639  80.7475  40.5066 151.1340 196.4776  76.1760 140.0191 111.1235 138.0688 159.9492  50.9527  94.0672 165.0953 134.6552 169.0156 195.3209 125.7610  74.3823 121.0433 104.1990  80.2912  42.9882 211.8298 191.1028  65.6195 150.4960 131.4952 175.2957  99.6014 209.6085 154.1451 107.0758 165.0248 188.1475  79.7047 109.7018 126.2179 173.6072
129.0101 130.9046  85.3303 124.7779  24.8232 131.0605  21.6842 150.3326 157.8098  72.4720 101.6970 107.4271  22.5740  86.6742 125.3424  36.1080  50.1776  90.8510 160.9949  64.2810 155.2714  76.6551 152.3830  79.8816  52.3001  50.0220  49.7125  66.8608  55.6574  93.9939  62.3414 138.7563  86.8026 116.6298  12.1258  35.0018 122.4321  56.7884  72.4695  60.9391 110.4513  28.3508 153.7392  91.1564  91.9981  73.7643 135.4721  92.9954  71.9217 103.1814
128.1501 127.7048  87.6000 121.2630  20.3037 127.9312  32.4099 148.3414 160.4585  78.4951  98.8585 108.7892  33.6244  85.1364 127.5469  31.0464  59.9106  90.7553 159.7144  61.8605 153.6700  70.6000 156.7502  76.8796  58.5030  44.9782  56.2100  61.0947  55.1714  94.5562  57.6087 136.7567  85.5126 117.8083  15.7175  43.6147 125.9717  49.9103  66.7308  54.1893 107.1106  24.2074 151.8690  86.8850 100.5284  83.4290 140.6001  88.6711  66.4126  98.5732
176.4875 187.1712 109.6067 179.6207  46.4634 186.5975   5.0912 210.2155 207.5806  84.0086 143.7215 141.5050   5.9421 120.0118 163.9973  60.8053  45.6946 122.3635 223.0024  91.9454 215.8666 118.7127 196.0199 114.1916  57.2031  78.6915  53.1788 107.1089  76.5465 125.1144  94.4506 193.3766 119.6163 154.4802  31.6454  29.1439 156.9387  92.3504 110.9405  99.4707 157.3362  56.5830 214.8102 132.9039 104.5048  77.4126 171.1091 135.6376 109.4989 152.6243
150.4559 188.1685  71.2984 181.3263  30.2218 182.3443  59.0156 205.4759 183.2264  60.0305 115.7091 106.2677  63.3004  82.5278 132.5950  33.3905  61.0631  83.8379 217.3105  51.0799 209.5047 113.7231 171.0179  79.2088  39.0527  47.3225  38.5842 119.0952  30.3964  87.0120  62.9900 178.5557  81.6535 121.2481  71.8046  44.8630 126.2455  78.8308  91.6764 101.0858 136.9143  85.3417 212.0628 109.5516  93.9069  80.3332 145.0978 113.7917  87.3178 154.3562
 20.4425  14.7861  28.7109  13.6427  22.2270  13.4492  34.2646  19.1414  34.8595  35.5991  12.3644  27.2170  34.8827  18.4480  30.7512  19.1775  38.6468  22.6520  22.5734  18.1661  20.7466   6.7930  39.6596  14.3405  33.6678  15.5641  33.8035  15.6559  22.9123  24.5377  12.8027  16.7404  19.2136  27.0656  29.1015  34.4933  34.4350  10.4112   6.0538  12.2278   9.3454  24.9661  20.2869   6.4955  43.0137  42.4878  40.0835   5.6924   7.0924   9.9784
 54.8310  84.8799  15.0177  82.6719  29.3308  80.1231  46.1207  88.3811  66.4515  24.5284  42.1497  30.3037  48.1348  22.8571  42.4832  25.2863  40.9087  20.7390  92.2317  13.7855  88.9741  55.4294  60.3493  25.5505  25.7137  23.8510  27.2355  63.8480   6.5000  21.5773  25.8605  72.7286  21.8729  37.5412  51.6316  36.9715  39.8413  40.6177  41.2004  53.8729  54.6795  55.5130  91.8886  43.8780  40.1824  42.2660  49.3776  46.2290  38.1866  72.7498
 29.9342  82.6879  71.6959  85.2628  99.6185  72.7652 123.2576  65.6335  20.8426  96.4128  49.8917  51.7023 125.1997  57.8506  43.2744  91.9798 119.3171  58.0891  59.7136  73.0827  60.0327  87.6903  44.4687  62.0679 103.6980  82.8454 105.5242 106.6255  82.1087  58.1136  74.9816  46.8036  58.1427  43.4398 122.1859 115.6530  55.7714  87.0103  75.9802  97.5752  53.3616 118.9705  69.2109  61.8665 105.4079 116.3663  61.8059  62.3393  74.0532  89.7050
 91.7662  58.7539 107.3447  52.2997  68.8915  59.6378 108.4580  82.5471 140.9288 125.1862  61.6331 108.0692 110.2180  75.9483 122.6078  60.6726 128.6891  90.1243  96.2206  67.8563  89.7514   2.4580 154.6633  60.7143 114.5794  52.1046 114.3760  33.4790  81.1712  96.7132  47.4716  79.0923  78.3725 109.6594  86.4022 112.8812 133.0711  26.3983  24.2593  22.6897  53.9716  69.4627  85.4545  40.5713 151.6132 145.6480 152.6473  38.9367  29.6539  30.3368
 83.9745 111.2692 212.5571 120.8237 233.1064  87.0531 300.3517  60.0419 146.5438 270.4088 104.4397 173.8621 304.5083 154.1888 171.1081 213.5179 310.2114 169.6919  43.7496 181.7018  44.5989 159.6770 200.2578 147.9066 274.7539 189.1729 277.6024 206.9089 211.1510 176.2092 167.7783  32.1797 157.5842 158.2064 280.3130 292.5611 203.9616 177.5133 147.9475 191.0985  80.7927 260.6868  68.3490 114.3801 304.5830 318.1215 229.9030 111.1120 147.8301 144.3372
 84.8619 216.9792 169.5632 222.6752 244.3888 193.3816 298.3458 177.5323  37.8556 227.7388 131.3500 121.6117 303.0576 143.4466  97.8442 226.6522 285.1516 140.7455 163.7856 180.0534 164.3974 223.8247  91.5718 156.1997 247.7383 205.7113 252.3716 268.3671 199.4575 139.3032 187.8718 131.7340 143.5434 102.1952 299.0922 278.2469 125.2082 219.1779 193.8777 245.9730 143.6006 293.6021 186.1678 161.2119 246.2161 275.0147 135.8653 162.9294 188.6871 231.4988
 16.0676  34.5782   8.8088  34.0720  20.2388  31.5352  30.1175  34.0801  21.9604  19.2761  11.9953   7.0374  31.0311   2.7027  12.2771  17.1463  28.3272   1.5426  35.1297   7.8106  33.8130  24.6489  21.4880   6.8987  21.2377  13.9347  21.9919  30.9986  10.9807   3.4363  11.8680  25.7932   1.9200   9.0709  30.9903  26.4121  13.8998  19.7197  17.2851  26.1205  18.5287  31.1910  35.8379  15.2184  25.4069  28.2276  19.4315  16.3185  15.7493  31.0564
 70.4736  51.6571  67.9394  47.0887  33.1701  53.6347  53.9539  68.1777  98.8295  73.3210  50.7242  73.2800  54.7176  53.5381  83.8278  31.0700  69.7423  61.1864  76.8225  43.6819  72.8186  15.9879 104.0052  44.5458  63.9681  30.5038  63.3052   9.6481  48.2622  64.9880  32.3784  65.9470  54.7070  76.0468  37.9052  59.3350  87.9438  15.3697  24.5094   3.2733  49.1842  26.1685  69.7683  38.5303  89.4741  82.6293  99.5532  38.3150  26.9021  31.8245
 14.9132  36.0300  10.5683  36.0137  26.1194  32.9002  32.9528  33.4972  11.6001  19.4549  16.6100   4.1367  33.7290  11.7044   1.8822  23.8483  29.3109   8.8748  33.2703  16.2484  32.5362  30.0080   8.0327  15.2809  23.3451  21.5128  24.1709  35.7148  17.5112   7.6305  19.8591  25.5895  11.2305   3.9503  34.9886  28.9014   3.3324  26.3600  23.9118  31.6552  21.8207  35.7100  35.0501  20.9063  22.1581  26.9660   7.5700  21.7083  22.6699  34.5400
221.2563 251.8271 124.6028 243.4318  76.6928 248.7990  29.0058 275.1794 249.1532  81.5828 185.7135 167.4516  30.3947 150.1352 193.5326  91.4420  23.5526 148.1605 288.8361 118.6678 280.5105 170.1569 228.0178 147.9540  51.4707 111.3177  46.3683 161.3323  95.0568 149.3976 129.3624 250.0130 148.7816 184.7302  73.3098  19.6944 180.0211 135.8253 155.0578 149.5197 206.5779 102.9504 281.4400 177.6176  98.7675  61.9773 193.2336 181.6326 151.9052 212.1669
 65.8182 213.1095 154.8811 218.0861 232.3221 188.3433 289.9972 175.8408  26.9754 217.3405 113.6925 103.8499 295.0004 124.8892  81.0928 213.4511 277.0878 122.5904 164.3552 163.8585 163.4646 213.1963  86.3472 138.5737 237.3010 191.2295 242.1202 260.0385 184.8189 121.5749 172.3952 124.3102 125.0404  82.9246 290.5726 269.0674 112.6016 206.4653 180.0851 235.7339 129.9287 285.0293 185.5586 146.0831 239.0986 267.8968 128.4294 148.3331 174.2716 224.3621
 82.2289  24.3710 108.0143  18.1019  79.8597  32.1954 108.3504  50.6260 121.9898 123.3633  64.0618 104.9777 109.4247  81.5292 113.9947  74.1940 125.6034  92.7184  62.8425  78.6318  58.3041  28.1732 137.2800  70.3716 115.3986  67.7573 115.1926  37.7979  89.6561  97.7599  63.2907  60.0565  83.5500 104.2336  88.8797 113.2784 124.2231  48.1113  44.5148  39.1873  50.9918  73.5450  50.7361  49.3840 143.4715 139.0543 139.2868  46.8562  48.4258   5.8153
 32.4625  20.6309  32.4039  18.6876  17.9501  22.4571  24.1232  28.3011  43.8399  33.9014  25.0711  34.4784  24.2366  26.8507  38.4657  17.7638  31.2488  29.8468  31.9556  23.1225  30.4510  10.1298  46.2202  23.3402  29.8607  17.9939  29.4934   2.9026  24.6770  31.3181  18.7727  29.1122  27.3182  35.4475  16.8814  27.1708  40.1493  12.2037  15.1856   6.9029  23.5511  11.5596  28.5854  20.1495  40.0052  36.7628  44.6220  19.8769  16.2636  12.9330
145.6246 127.4525 120.5472 118.8166  41.3923 129.0986  81.2952 156.8410 196.6295 124.3251 105.7513 137.9098  82.9673 100.6721 160.8020  41.2770 113.0701 113.2717 172.8255  75.3125 164.8541  53.4425 200.8144  84.9484 103.4245  47.6453 101.7002  42.7832  78.5398 120.0764  58.0691 146.5406 102.3254 146.1036  51.6485  92.1226 165.1205  32.5166  56.1696  31.1924 109.7508  33.8090 160.8444  84.9894 155.9762 139.9431 187.0969  86.0741  58.2104  89.0013
 60.6383  60.6383  60.6383  60.6383  60.6383  60.6383  60.6383  60.6383  60.6383  60.6383  60.6383  60.6383  60.6383  60.6383  60.6383  60.6383  60.6383  60.6383  60.6383  60.6383  60.6383  60.6383  60.6383  60.6383  60.6383  60.6383  60.6383  60.6383  60.6383  60.6383  60.6383  60.6383  60.6383  60.6383  60.6383  60.6383  60.6383  60.6383  60.6383  60.6383  60.6383  60.6383  60.6383  60.6383  60.6383  60.6383  60.6383  60.6383  60.6383  60.6383


2.4257 1.3703 2.4728 5.9808 0.3260 2.8810 4.7421 4.6065 1.6876 2.1519
5.8787 4.0178 1.7431 7.6184 3.2597 3.7977 5.3988 4.5267 5.0359 2.1519
2.8051 4.2200 3.6519 3.0020 2.8851 1.9339 2.6263 3.2405 2.1154 2.1519
5.9341 4.1818 1.6190 7.4464 3.3161 3.6431 5.1868 4.2858 5.0662 2.1519
5.0982 5.4871 2.9239 3.2760 3.8246 1.2379 0.8672 0.6843 4.1963 2.1519
5.3505 3.4449 1.5448 7.4216 2.7397 3.5913 5.3135 4.5356 4.5323 2.1519
6.1662 6.9258 4.4328 2.5446 5.2797 2.7123 0.8250 1.4676 5.3587 2.1519
5.2379 2.9968 2.2406 7.9685 2.7462 4.1793 5.9985 5.3036 4.5276 2.1519
0.8968 1.8027 4.2944 6.1589 2.1388 4.1072 5.6685 5.8701 1.1484 2.1519
4.0885 5.6422 4.5500 1.5787 4.2382 2.5190 1.9988 3.0168 3.5129 2.1519
3.1463 2.4717 1.5066 5.3343 0.8283 1.8372 3.7574 3.4951 2.2109 2.1519
1.7835 3.1231 3.4158 4.1394 2.0091 2.3237 3.6036 3.9745 0.9675 2.1519
6.2826 7.0337 4.5109 2.5977 5.3858 2.8142 0.9382 1.5181 5.4747 2.1519
2.7807 3.1924 2.3412 4.1910 1.6311 1.2846 2.9496 3.0417 1.8202 2.1519
1.0770 2.7916 3.8333 4.6773 2.0681 2.9904 4.3073 4.6727 0.3995 2.1519
4.7332 5.0350 2.5368 3.4892 3.3715 0.7884 1.2468 1.0167 3.8110 2.1519
5.6016 6.8426 4.9643 1.2739 5.2865 2.9644 1.3079 2.4414 4.9301 2.1519
2.4615 3.3306 2.8669 3.9122 1.9157 1.6131 3.0059 3.2855 1.5582 2.1519
5.0675 2.6509 2.6657 8.2167 2.7274 4.4901 6.3598 5.7336 4.4406 2.1519
3.5706 4.0282 2.3606 3.6343 2.4024 0.5312 2.0830 2.1844 2.6434 2.1519
5.0100 2.6695 2.4375 8.0241 2.6055 4.2812 6.1426 5.5065 4.3490 2.1519
5.3655 4.5006 0.9805 5.6460 3.0438 1.9986 3.3009 2.3853 4.3968 2.1519
0.4696 3.1366 4.9340 5.2693 2.9805 4.1401 5.3192 5.7849 1.2214 2.1519
3.2686 3.3185 1.8425 4.3700 1.6658 0.9405 2.8057 2.7020 2.2952 2.1519
4.7136 5.9592 4.3290 1.5684 4.4310 2.2710 1.2062 2.3060 4.0259 2.1519
4.3336 4.4852 2.0733 3.8392 2.8204 0.2871 1.7753 1.5018 3.3854 2.1519
4.8394 6.0527 4.3490 1.5673 4.5118 2.2990 1.1106 2.2314 4.1430 2.1519
6.3184 5.6066 2.0854 5.6814 4.1189 2.5432 3.1833 2.0614 5.3422 2.1519
3.8314 4.6167 2.9684 2.9663 3.0279 0.9315 1.5741 2.0060 2.9778 2.1519
2.3153 3.3877 3.1011 3.8332 2.0510 1.8102 3.0906 3.4409 1.4564 2.1519
4.0197 4.0057 1.7090 4.1899 2.3410 0.3612 2.2546 1.9597 3.0528 2.1519
4.0243 1.9456 1.9434 7.0984 1.5618 3.4625 5.3766 4.8844 3.3196 2.1519
2.7330 3.2318 2.4382 4.1192 1.6927 1.3184 2.9325 3.0626 1.7802 2.1519
1.4701 2.6674 3.3749 4.6155 1.7011 2.5773 4.0083 4.2933 0.5409 2.1519
6.4377 6.7401 3.7940 3.6545 5.0764 2.5317 1.3390 0.7800 5.5402 2.1519
5.5577 6.5654 4.4506 1.8675 4.9619 2.5147 0.7117 1.8300 4.8085 2.1519
1.4345 3.5552 4.3171 4.0961 2.7631 3.1187 4.1058 4.6538 1.1592 2.1519
4.9540 4.5819 1.4559 4.7115 2.9694 1.1577 2.3990 1.6145 3.9792 2.1519
4.4883 3.9164 0.8910 5.0253 2.3311 1.2159 2.8897 2.2536 3.5140 2.1519
5.7195 5.1207 1.6749 5.2621 3.5826 1.9472 2.8115 1.7769 4.7432 2.1519
3.7904 2.4866 1.0549 6.0440 1.1926 2.3413 4.2498 3.7773 2.9125 2.1519
6.4954 6.4736 3.2763 4.3650 4.8334 2.4571 1.9078 0.8451 5.5547 2.1519
5.4687 3.2008 2.3871 8.1619 2.9794 4.3604 6.1587 5.4346 4.7611 2.1519
3.8812 3.0799 0.8040 5.3778 1.5268 1.6037 3.4938 3.0221 2.9294 2.1519
4.3731 6.2615 5.4721 1.2168 4.9798 3.4574 2.7797 3.8743 3.9817 2.1519
5.1851 6.7887 5.4284 0.4686 5.3526 3.3658 2.1303 3.2875 4.6559 2.1519
1.5351 4.0148 5.0230 4.1850 3.4093 3.7695 4.5748 5.2245 1.6811 2.1519
3.9772 3.0813 0.6856 5.5063 1.5693 1.7181 3.5928 3.0848 3.0321 2.1519
4.3165 3.8316 1.0053 4.8894 2.2203 1.0633 2.8117 2.2493 3.3410 2.1519
5.8798 4.5033 1.2428 6.7353 3.3351 3.0165 4.3935 3.4371 4.9507 2.1519