50 25 5


18 26 20 27 13 20 9 17 27 21 34 9 11 6 26 33 24 5 23 25 21 12 12 23 26 31 20 21 29 23 18 20 25 26 11 9 13 26 12 18 9 29 29 14 11 27 25 9 33 31
1054 1206 1271 843 735 1073 813 688 1155 1038 1089 698 1076 707 848 1317 938 1114 997 1332 699 472 808 918 1058
4421 1522 3121 3015 2833


 85.8500  28.8455 141.2788  76.9619  87.2911  50.8633 148.9521  23.7614  27.1376  98.0590 134.4995  49.1255 101.9673  59.4068  36.7879 176.5400 145.1282 141.0884  16.8028  54.6705  29.6891  64.8000 106.6284  25.0536 119.5639
163.8547  66.6026 109.4427 162.9306  45.5542 129.8213 109.6944 136.2125  76.5536 178.4032 163.2456 111.6306  40.3947 142.3585 136.7543 201.6400 126.1836 114.7923 124.6930 119.5214  86.9753  96.1019 128.1716  97.3664 206.4585
144.5701 183.1603 109.8794 158.0878 132.7509 165.8854 145.2563 208.9476 178.1964 139.8994  59.5214 157.5883 165.4243 164.3849 245.8833  13.2242  85.5563  98.1432 224.9303 154.6105 173.3076 134.7746  88.4708 179.3366 136.4734
 55.7620  82.8245 207.6412  41.3814 133.7026   8.6442 234.4646  56.2903  67.5135  73.7767 151.7241  27.8768 179.0688  15.2735 125.1743 221.4296 201.8909 201.6902  92.6840  25.6287  52.9641  61.9454 114.8313  46.3772 105.6321
 43.2570  81.9673  77.0500  52.2440  65.8027  60.2196  99.3530  89.8015  76.6336  40.1245  15.7364  57.1215  93.7808  57.8996 118.5504  48.0594  64.8615  70.1365 103.5683  54.0308  71.4717  46.4557  21.8501  73.8964  40.3126
 71.8443 143.8601 138.4376  86.1313 122.6789 104.0654 173.3533 150.0957 134.9160  63.2155  40.5428 101.9233 165.8005  98.6073 197.1852  80.8230 118.4932 127.4226 173.6039  96.2623 126.1524  89.1067  55.0382 128.8716  55.1072
 72.6900  56.5310   5.7240  75.4786  27.7574  68.7862  10.7869  78.8368  58.0285  75.3971  49.6813  62.1385  26.6017  71.6424  83.4805  49.2597  16.6830  11.1571  78.1086  63.4714  59.5733  51.4102  45.7930  63.5281  81.7745
146.8081 160.8631  73.8436 157.1604 109.5510 158.1297  99.6880 190.9609 158.8827 145.3077  74.1625 148.7355 128.4815 158.9179 215.5979  34.0832  56.1836  65.8201 199.9591 147.6831 156.9136 127.1351  91.6590 163.1901 146.4588
179.0157 208.2416 100.8764 195.3353 133.7893 197.5553 149.4515 251.2923 203.4512 177.1961  64.9438 183.3127 175.2805 198.3620 294.5908  30.5399  67.9376  84.7817 268.1714 181.1376 198.9037 149.6572  91.5173 208.2780 181.0806
160.4405 101.0135  48.7091 163.6337  45.3333 142.0631  39.7072 156.2832 107.0946 169.5813 129.5618 126.3783  21.5565 150.6479 159.0966 143.5892  70.3259  57.8614 149.4412 131.2003 113.2983 105.7867 110.3510 122.3716 188.6249
266.8844 176.5153  68.0008 273.1104  81.5008 239.8389  50.6509 265.4494 185.7499 280.8495 208.8663 214.3742  48.5522 253.2254 271.5783 226.1309 105.3128  84.4542 255.4821 221.7061 195.1405 179.4186 180.9825 209.9323 310.4557
 60.4624  18.4678  65.3492  57.2140  40.7365  43.6767  64.4114  33.1783  23.0907  66.5076  75.5267  40.2462  39.1081  48.4038  21.6907  93.1059  70.4219  66.9068  22.3173  43.4789  27.8521  42.9824  61.6739  28.6220  77.3280
 42.2184  40.0841  42.7396  45.6766  21.1045  39.6276  57.1836  58.2079  37.7249  46.0068  32.6331  32.2321  45.1126  42.0666  74.9333  54.5959  39.1546  39.4803  64.0711  32.7368  35.9577  17.9057  16.8659  39.9952  55.3055
 17.3658  24.4562  28.8241  19.9309  18.0588  18.8184  37.4262  30.9856  22.3342  18.9190  14.5775  15.6784  31.1382  19.2895  42.3722  29.0118  25.6425  26.5632  35.8332  15.1406  20.4294   8.6886   5.2718  22.0693  23.6149
190.0307 190.6353  57.7411 203.3481 109.3908 197.2453 102.8418 242.1417 189.1560 191.9739  92.2091 180.7636 137.9385 200.9457 274.2143  69.5737  27.5011  43.4293 251.9391 180.8840 187.9073 146.8574 102.3865 198.2443 201.5193
270.8062 133.4849 160.1112 268.4298 111.8783 224.2478 134.5093 219.2365 150.0368 289.6460 263.6818 202.3145  51.5667 240.8575 195.4071 301.4727 192.0013 173.4086 192.3606 212.9362 166.0605 185.3534 222.5671 177.5510 325.4959
202.1121 124.9591  71.6363 204.7260  70.9378 178.1371  46.7088 189.1658 133.6524 213.2111 169.8556 160.4267  26.2029 188.5994 185.1527 184.1252  98.7357  83.8902 177.3626 166.5379 142.2295 138.9898 147.5914 152.2641 235.7632
  8.5747  15.2480  33.1371   8.1094  20.3045   4.4525  38.7585  15.3912  12.5160  11.7819  22.2794   3.0907  29.7745   5.2290  26.8377  35.0621  31.6643  31.8261  20.9172   1.6101   9.8683   6.0519  15.2594   9.9791  17.7191
122.9218  16.0176 153.8115 115.2114  86.1564  80.7051 159.3495  63.1998  27.1877 138.3067 164.6260  71.1239  97.5298  92.9023  61.6542 212.8496 162.4212 155.4024  47.7897  79.4083  39.4381  79.0079 128.8150  42.3412 165.9199
 87.4886 175.1844 168.3642 105.3438 148.1285 126.6274 211.8549 184.1497 164.1360  77.4859  46.4711 123.4172 202.0373 120.1803 242.4575  99.2815 143.7228 154.6878 213.0742 116.5035 153.3291 106.7052  63.5777 156.9277  69.3776
141.6092 156.7271  66.8381 153.6306  96.1252 152.9336 104.5159 192.9965 153.7857 141.3525  56.0842 141.0045 126.2219 154.4111 224.2259  34.9667  41.2242  54.3868 204.4423 139.9308 151.0513 114.2006  71.7432 158.7307 146.2903
 59.8137   8.4009  67.3740  57.4830  31.7737  40.4615  71.7365  40.3842  13.1015  67.4166  74.4531  33.2383  41.1180  46.7041  45.4108  98.4176  71.4751  67.9417  36.9226  37.4271  18.7956  32.3177  56.0234  23.0366  81.4362
 13.1563  70.0221 100.2557  18.8216  76.6428  36.0512 117.6979  60.9073  63.3029   5.5939  53.0890  40.2573 101.7575  30.2517  92.4759  83.6069  92.3638  95.2526  78.0803  35.9209  56.7285  43.6365  45.9952  55.7484  10.0256
225.1391 167.4856  58.1468 230.6955 102.3366 209.9186  17.7115 228.0213 174.1238 233.2936 171.1690 192.6830  75.3983 218.5113 228.9719 166.2105  84.8977  71.7781 219.9767 197.2307 180.5664 167.6739 159.9855 190.5756 251.1198
216.6560 228.4897  90.6129 231.5392 148.0167 229.7417 130.3002 277.5731 226.3598 216.0656 108.9698 214.3550 174.6505 232.0600 312.1830  58.7997  64.3877  78.6477 289.2381 213.5246 224.2920 180.7664 130.0712 234.2935 220.9174
140.1491  80.6060 270.2412 121.4710 177.4598  82.6282 287.0682  13.0237  72.7497 160.3758 241.5813  88.7413 207.9802  93.7175  70.1155 317.8892 273.6528 268.3569  35.0080  95.4981  69.8443 123.9539 195.1211  57.2704 195.9546
117.1995 107.0902  38.3401 125.3734  45.8947 116.1649  72.0347 147.8179 106.0839 121.5368  62.5901 102.5600  76.4853 120.4007 171.4019  76.2533  27.0740  29.3789 154.3172 103.6367 105.5712  76.6188  53.5421 113.7253 133.8861
 97.0148 151.1630 117.0115 111.4528 113.4778 122.5718 154.9004 169.5990 143.7881  91.7760  16.8000 115.9675 156.1864 119.6819 213.4081  51.5737  94.0540 104.7763 189.8889 111.7232 136.6405  95.4133  48.1560 141.5920  89.5312
196.5415  85.7949 260.2063 181.3337 176.3872 140.2476 261.5139  83.8942  92.9073 216.1354 271.0571 137.5089 180.4187 153.4755  15.1384 335.1622 272.7889 263.3024  39.3001 146.6500 102.7370 159.4328 225.7596  97.9428 250.5649
 60.0617 149.4483 162.9123  76.4632 134.8549  98.8510 201.1790 151.6523 138.3608  49.8946  56.6463  98.1278 185.0450  91.7663 207.3836 111.0745 142.6232 151.2026 179.9836  91.0620 127.5063  87.4245  59.4491 129.6425  43.4797
 67.3491  66.4168  71.4364  73.2213  36.6290  63.9466  95.4185  95.0688  62.2615  73.3923  51.9106  52.0508  75.9152  67.6953 123.2006  88.6397  65.0438  65.8854 105.2058  52.6395  59.0444  28.5633  25.7501  65.5002  88.4701
 17.2012 111.8560 165.9076  25.8519 124.9672  54.7770 194.3116  95.9810 100.6032   6.9570  90.0711  62.2440 166.4077  45.0004 148.6221 141.5200 153.4647 157.8663 124.6385  55.0273  89.6022  69.1922  76.3521  87.7565  22.2396
158.5505 167.4487  64.5484 171.6983  94.1279 167.5187 110.2112 212.9921 164.5604 160.1330  65.3266 152.3624 130.6639 170.3784 247.9256  59.8274  34.9178  49.4501 224.9981 151.8521 162.0287 119.9708  74.2605 171.5104 169.3613
211.5221 198.7416  45.7142 223.7809 114.2087 214.2504  84.0287 255.1166 199.1709 214.7331 118.1307 196.7650 131.5520 219.2053 281.2715  92.8491  28.7767  36.9648 261.1751 197.9160 199.7228 162.9655 124.5191 210.5681 225.9820
 93.2973  77.6033   9.1360  97.3251  41.8297  90.3910  18.1903 104.1662  79.0434  95.9655  60.5944  82.4158  42.0817  93.4799 111.0721  55.5683  17.7894  13.1122 104.1007  83.7109  80.5126  68.7804  58.5589  85.3155 102.7404
 78.5222  87.7234  42.8145  84.1537  61.0092  85.2555  56.6312 103.0437  86.5008  77.4308  39.7430  80.4814  71.5557  85.4699 116.6707  17.2041  33.2550  38.4616 108.2053  79.7837  85.2794  69.1824  49.8740  88.5194  77.4988
 60.1283  24.1831 104.8385  53.3040  65.8341  34.9432 110.9730  13.0648  21.9527  68.8957  97.5344  34.7703  77.3670  40.7904  27.2988 128.4580 107.1315 104.4609  11.8607  38.4820  22.5425  47.3189  77.5589  18.3208  84.3132
 90.7355  58.3930 127.1400  92.3092  55.4782  66.3408 152.2599 101.2482  51.3676 104.6389 109.9188  46.9269 104.9196  76.0001 139.4184 166.5170 125.3645 122.8373 113.4247  51.9024  47.1827  22.2159  69.4803  57.2118 132.5554
 30.2980  26.5753  78.2636  27.5282  44.8506  11.6097  89.6418  30.2176  19.9106  38.2175  60.1980   3.2754  65.2664  17.2504  55.1397  89.7890  76.6232  75.9994  41.2147   7.5562  13.4833  15.1371  42.1858  14.0810  52.5753
153.1889 168.2171  76.8988 164.1389 114.0595 165.1597 104.6605 199.9580 166.0725 151.6322  76.3187 155.2251 134.4948 165.9893 226.1658  34.2984  57.9055  68.2373 209.5575 154.1012 163.9483 132.3661  94.7739 170.5792 152.9425
 76.5575  54.2130  15.9425  78.5677  28.2045  70.2997   5.9058  77.6810  56.5845  79.9346  57.9148  63.5551  19.6450  73.6834  79.2859  59.4840  26.8571  21.1997  75.1282  65.3517  58.9525  53.8523  52.0922  62.8840  87.2665
125.5650 213.7725 180.5697 146.0740 169.6758 166.3099 232.5362 232.4780 202.3809 115.8161  38.5264 159.6773 230.2543 160.5629 296.5525  87.8336 149.4876 163.8757 263.2318 152.7485 191.2631 135.0074  74.4662 196.9442 108.2792
122.1575  18.8923 171.3507 115.7917  84.4025  74.4577 187.8593  81.2047  13.7161 140.8648 168.9946  57.3262 118.3150  89.5532 109.7124 231.9195 176.7204 170.4041  83.1066  67.5905  22.8788  60.6960 123.7294  34.4893 175.1189
 85.4511  58.8123  29.0395  88.7065  12.9710  76.8671  41.2354  92.3479  60.3309  90.8152  63.2242  66.4447  30.2724  81.6777 102.4721  77.2478  34.9465  29.6800  92.6145  68.8105  62.2851  50.4523  49.7292  68.4212 102.7162
 70.7211  59.2828  13.8517  74.7029  23.6313  68.2200  31.5823  83.7190  59.5872  73.5940  42.4879  60.3981  36.1289  71.0687  94.2374  47.7408  12.9581  10.5966  85.7188  61.4466  60.1242  46.4774  36.9189  64.8035  80.9834
215.3688 240.3810 110.5435 231.8406 160.8312 233.8108 154.7439 286.5906 236.6878 213.0206 100.0764 219.1579 194.6016 234.8550 327.2085  39.3589  80.0717  96.4108 301.8094 217.2881 233.0790 185.0690 128.0076 242.8515 215.2049
113.5300 164.7229 120.2001 129.6919 115.5011 137.7827 164.9638 191.9982 156.9062 110.2412   5.5227 127.7581 165.8199 136.0997 240.8377  60.5981  93.8686 105.8915 213.6459 123.7679 149.4544 100.5376  42.4595 156.2374 113.0335
 74.0184  70.9381  18.5570  78.4249  41.8113  75.5529  31.6577  90.1060  70.9549  74.9138  40.6522  69.6003  48.2438  77.1252  99.5978  30.3620  11.9595  15.3531  92.4950  69.8892  71.0079  57.8706  43.7607  74.7252  78.4462
214.8199 192.3139  44.5842 228.3471  86.9561 212.4864 103.2963 262.7606 192.0841 221.7168 118.2091 189.7279 125.9070 219.8286 297.8248 126.3982  24.5290  27.6295 271.1518 191.8802 192.4599 147.1404 108.7684 206.2096 241.2733
 76.6045  76.6045  76.6045  76.6045  76.6045  76.6045  76.6045  76.6045  76.6045  76.6045  76.6045  76.6045  76.6045  76.6045  76.6045  76.6045  76.6045  76.6045  76.6045  76.6045  76.6045  76.6045  76.6045  76.6045  76.6045


7.1348 2.9832 3.0647 6.3461 5.6272
4.3254 3.3174 4.9776 5.5936 5.6272
3.2639 2.8111 4.0793 0.9216 5.6272
7.1585 3.3039 3.5723 6.6596 5.6272
3.1315 1.8283 3.7379 3.1329 5.6272
6.2372 3.0742 3.9392 6.2777 5.6272
2.2244 3.9473 5.4073 1.7982 5.6272
6.3158 4.4643 5.6157 7.3299 5.6272
4.6657 3.1426 4.7062 5.6543 5.6272
7.5169 3.1524 2.9105 6.4857 5.6272
6.3640 1.6708 0.3875 3.8746 5.6272
5.7045 2.6176 3.7000 5.7494 5.6272
1.5077 3.4320 5.3016 3.3622 5.6272
6.5924 3.1797 3.8430 6.4577 5.6272
5.8391 5.6823 7.1850 7.9258 5.6272
6.8250 3.1433 2.1728 3.3175 5.6272
4.1388 2.3908 3.3126 0.9958 5.6272
3.6695 2.5116 3.6582 0.9127 5.6272
5.7615 4.9256 6.3424 7.4045 5.6272
5.9220 2.6031 3.5491 5.8126 5.6272
4.9937 2.9961 4.4448 5.7172 5.6272
5.1518 1.6511 2.9737 4.7925 5.6272
5.6161 0.7358 1.3154 3.8933 5.6272
5.2818 3.2551 4.6179 6.0397 5.6272
8.2668 3.6670 2.9176 6.8818 5.6272