100 50 5


17 8 34 10 8 30 31 12 5 24 7 5 9 14 9 10 5 31 15 33 11 27 6 33 21 18 7 8 6 28 9 32 26 10 26 19 22 12 15 9 25 31 25 8 18 12 26 6 8 13 31 12 16 24 14 14 6 30 23 26 26 10 12 18 11 22 25 22 24 33 11 6 11 25 24 27 24 7 12 19 18 25 27 21 27 31 35 11 23 6 12 8 27 28 8 25 29 35 35 8 
1208 480 1395 579 1114 1365 370 897 535 1010 1180 781 1107 1387 683 345 704 416 366 1079 1452 591 1280 542 870 1413 1263 641 1288 451 1415 939 1331 549 664 939 865 602 857 488 462 330 763 975 485 551 895 384 806 1159 
1428 1099 1695 3943 1320 


  2.0011 337.0696  17.4722  58.8676  70.0011  89.3415 441.9999 258.4071 356.7846 277.6721  23.9998 370.8223  56.2733 342.9824 102.7684 260.2609 334.0367 350.0599 287.1065 359.7194 414.6182 331.7221 384.8305 310.0001  71.9433 231.1407 436.3770 209.9563 330.2159  36.1934 422.6519 409.9537 364.9494 109.9984 344.1999 400.2901 443.3642 252.2920 300.3968 186.7354 361.7567 192.9590  59.1179 384.3110 433.4617 353.0518 363.7051  23.9261 337.5530 395.9589 
430.6710 331.0727 371.2379 209.9993 365.3971 100.1696 432.2433 295.0201  72.7975 206.7808  84.1600  37.4917 322.0775 295.3883 215.9678 169.9851 248.6313 174.9535 413.0049 119.8928 290.3020  96.1032 107.5094 127.2618 288.9626  81.1729  78.0539 349.5883 229.1921 370.4030 132.0717   4.9447  13.0024 232.9680 138.3721 412.4682 224.8227  96.0508 279.0627 182.9906 266.2810   6.9229 190.8858 352.9547 365.6467 250.1685 311.9576 200.8654 219.5364 232.5107 
 99.9724 262.5170 138.9162  97.9999 131.1180 281.9295 242.0794 175.9660 120.0533  32.7036 104.3735 297.2014  40.0486 138.0938 233.0235 269.0315 370.0459 255.6960 150.9046 297.0580 244.8313 261.6452 196.3056 128.5515 350.6211 242.0866 148.1552  52.3052 332.6692 356.9991 359.9997 429.8941 129.3365 174.8378 204.2890 401.9745 138.5714 382.9659 172.9801 298.0798 270.9989 304.7098 128.9658  39.9633 363.3136 224.9958 303.8563 141.0108  74.7624 223.6284 
224.0105 108.1765  37.0674 271.3881 201.0355 215.2106 168.1529 415.0071 351.9546 318.6224 217.0154 152.6020 339.9831 265.4271 173.0012 426.8274 130.4337  15.2096 132.1255 343.9870 142.3127 103.0695 224.9104 419.4026 257.9543 384.8865 314.3474  35.8120  69.2264 142.8424 359.4110 244.4209 103.7950 261.9821   6.7828 215.3718 443.0003 176.1255 329.0293 216.0044 124.2650 294.4942  93.4694 356.4767 182.0900 332.5461 410.0406 140.2729 195.2357 416.0294 
105.8159  13.9680  35.5825 284.4960 390.1826 176.7657 263.2560 143.2895 398.3129 348.9590  91.3889 416.1433  67.1128 186.0891 400.1542 327.7400 149.4836 202.2494 444.0360 185.4306 272.0096 274.3168 230.3930 227.6836 271.2048 116.7978  90.0598 213.4316 140.5560 343.1185 126.3214  82.4715 310.9903 368.1829 204.8694  45.5246 383.9007 298.2212  21.7920 265.0021 281.6761 402.0064 216.0198 276.2034 101.9132  60.0212 321.5965 138.6556 277.5025 234.9784 
282.1765 230.2423 314.4667 382.9621 267.5648 180.4117 426.5477 118.0136 369.0090  49.9781 280.4121 441.6721 200.0023 124.8678 200.7711  73.2781 447.4870 368.3286 446.9269 304.2701 120.9890 378.4042 263.0005  78.5868 190.8401 402.5276 119.1411 269.2929 316.0418 447.0557 107.9958  48.8879 376.5029 325.0000 343.1581 351.9849 100.0953  36.8424  50.0296 249.8900  39.8770 323.9982 293.9877 271.6024 144.0010 364.7685  32.3579 224.5938  15.9393 166.0045 
275.9984  10.1313 147.0029   1.8434 216.7141 413.9801 141.0085  21.0018  48.5385 209.9479 205.0709 272.9294 266.0062 102.8211 358.4438 372.8724 227.2153 259.1689 226.1537 305.8502 171.5754  85.6879 301.7528 437.0736 113.5859 144.3691 315.7973 116.0379  80.1209 183.0066 424.9999 425.3417 195.1100 205.8334 164.3961 356.0121  69.1491  19.1498 185.3107 344.0793  75.7374 444.9931 358.6769 448.9396  19.0742  46.0000 116.2867 263.9867 305.3720 450.3062 
 59.3648 257.4376 195.1592 415.6099  96.4842 184.0161  23.7389 181.3479 280.9088  20.9882 147.9789 147.3187 308.4226 427.7731 356.4742 422.7123 286.1992 268.5547 225.0092 304.9909 330.9909 152.1174 126.0013 208.3755 223.8116 359.9456 162.7146 421.0042 342.5139 191.3369 362.8911 184.7799 383.0013 118.2082 252.8381 121.7448 180.3045 315.6704 200.9283  39.1389  26.0603 371.7821 221.9818 131.9948  81.3197 254.0316 179.0600 383.0322  41.7014  58.9790 
  4.9060 324.0736 441.5822 205.3367 309.6524  65.1496 253.0413  24.2450 158.8072 432.7781  25.8567 412.0912 368.1673 255.6955 410.8651  53.0108 280.0356 157.6215 384.0074 331.3101 316.2923 125.5420  20.2364  14.3397  23.0393 128.5352  94.0049 172.0627  99.0135  75.8461 370.1567  65.5218 336.1346 225.0256 163.8730  97.1357  96.2418 314.6109 103.2619  94.9768 357.7123  82.1230 228.8647 304.9765 191.9972 211.0882 387.0097 210.0028 409.3493 302.1124 
283.9128  87.0314 386.9995  94.2194 248.9209 138.3463 443.3252 152.4220 149.1974 182.4543  73.6863 195.0635 140.5162  76.4245 175.6081 332.0016 341.4511 145.8740 211.6524  87.8516 224.7540  55.0717  19.2975 375.9849 307.4259 121.0960 168.1732  26.3205 267.9983 386.0836 130.4900 159.8003 365.3929 273.0275 404.9940 439.6419 360.2624  38.9063 222.7272  33.8555 312.1385 100.5639 166.9327 284.4854  46.1420 433.0185 288.2725 336.2968 372.5259  23.3036 
412.7436 211.0052  67.0093 273.9629 309.6675  51.3481  54.1163 220.8775  89.9298 226.9825  92.9763 197.5725 385.9806 410.2105 283.9655 373.7735 305.3898 280.0435 180.8404 374.2507 245.9992 317.1921 383.9244   5.1544 335.0232  61.8253  23.4832  23.1278 158.1532 194.2137 369.0009 127.0174 155.1093 108.3039  84.9832 234.5554 324.9197 197.0179 258.1254 245.3157 370.9326 259.0298 178.4225 420.6577 134.2320 208.0601 157.4198 338.2273 290.5268 275.9397 
336.9356 441.8815 316.0945 384.0160 426.1895  84.0034 194.5450 125.7285 231.2773  87.8465 189.4845 419.7556 259.9141 338.1520 100.0058  74.0007 294.3651 141.0011 410.0994 200.0257 182.6714 102.8129 347.5148 201.1065 123.7290 137.9630 120.8505 234.0666   8.9104 227.5472  88.2607 200.6901 204.9359 163.3390 344.9446 413.1767 161.9726 420.9258 438.7402  31.6651  74.0995 330.9259 145.9199  66.8872  73.2540 314.9988 435.5800 305.8763  48.0117  93.3517 
196.5300 334.6470  83.4207 417.8000  75.3223 397.5357  79.9363 132.2030 119.0024   8.5167  41.0074 159.9724 349.0566 259.1928 412.9479  17.9979  49.7148 151.2678 102.6370 375.8845 311.7227  13.9806 408.2191 356.8371 146.2604 179.9895 105.1177  18.1975 268.1447 117.9398 350.2195 294.0019 399.6626 151.2795 281.0439 281.2184  74.1265 105.3913 337.9052  96.5445 340.6848 214.1414 194.8986 350.9194 189.9905  26.1576 336.0840  13.9359 318.2302 146.9864 
134.3865  35.6371 223.4857  75.4927  24.0082 322.4997 326.0972 182.8822  19.9489 132.5815  75.0885 359.0513 301.0609 226.0505 196.0038 208.3700 140.9889 233.3897 397.5680 406.0001  66.7660 198.0873 191.9831  82.4729 220.9211 225.4125 423.1846  73.7646 156.2359 260.0496  57.1049 224.9084 156.7911  30.7033 155.8682 288.2417 146.8647 115.1625 270.6314 218.9376  29.8314  48.0836 393.8645  64.6621 169.9263 258.8938 385.3169  57.9821 184.9957 181.1361 
377.5580 193.9832 380.8602 132.5000 167.1878 297.0697 138.4352  85.4069  85.8275 343.3247 144.3770  70.2432 358.9640 116.7391  51.8514 446.0018  65.0230 369.9556 176.1770 345.0091 194.9054 166.1156 408.5938 446.9745 429.3491 162.0691 323.1480 242.0166  64.5359 338.9638  19.3840 301.8607 356.0260 261.4337  76.7390 150.1697 294.7808 297.1833  71.0509 334.8392 356.9343 140.2897 400.9707 168.3921 288.5705 101.5660 335.5580 116.8588  18.9174  21.9193 
439.9127 164.0383 215.1087 244.6194 392.1720  19.0432  27.8859 419.1833 135.9914  98.7574  26.7025 153.9193 172.9890  51.3935 282.9972 233.7805 185.9463 312.1613 245.8887  26.0116  41.4048 212.9741 433.6959 221.4567  11.3564 398.2106 121.2448 112.9356 277.1836 102.7608 258.6714 229.8104 177.2268  96.0236  20.9336 252.9966 173.9982 434.9066 276.2972  50.9591 134.0365 125.8721 356.4098 142.0220 165.1280 422.9305 411.9537 376.9357 121.9387  48.9365 
331.2979 357.8424 249.7572 202.4517 149.1235 263.9300 425.0444 418.9936  30.7349 223.1399 312.9891  57.9479 110.6901  80.1782 242.8248 196.6016 174.3407  42.4056  46.4463  95.5188 282.2716 252.9690 428.2192 242.1044 414.4897 226.4485 444.8668 135.3115 160.0393 398.0875 301.0184 325.2259 228.3029 168.0202 268.9840  75.0440 421.0674 285.1328 117.5795 156.1874  82.2866 287.9984 399.0041 146.5944 271.5330 359.0724 410.0134  87.1359 362.7635 226.1191 
 45.5225  55.2983 155.9895 157.3401 197.8244  15.0794 198.9490 145.9196 165.9980 102.1844 403.9084 111.3214 139.9999 405.4868 248.9768 333.7638 134.0490 317.3297  98.3857  44.5936  84.9957  88.2867 371.8851 376.0217 445.6927 184.2264  68.3037  68.2263 102.0042 192.5349 172.3536 131.2499  11.7908 155.0280 265.9162 349.3715 449.2640 101.0000 221.8162 266.0935 301.0665 395.1096 389.1231 208.5431 212.1682  71.7339 146.9529 345.3641 403.9996  85.5231 
180.2728 300.0165 233.9836 223.9649 434.9970 425.7011 330.4325  89.9593 115.9956 280.3861 443.5088 296.5248 350.9487 163.2486 140.7200  92.9930 355.0672 207.9480 447.0706 428.4504 313.0808  47.9023 380.3430 124.9989 173.1909  50.0094 305.1402  16.0094 232.8040  94.5806 294.9999 314.0021 127.8770 355.0798 292.9979 142.9398 440.9757 265.3541  39.9825 210.9906 104.0339 159.0301  36.8587 375.9708 399.9869 382.1232 198.8356 444.6103 267.6495 313.5728 
379.0832 386.8946   6.4358 225.9978  27.6849  94.8090 358.2032 165.4357  16.9631 226.3022 268.7900 262.4920 361.0546 325.7062 244.3481  70.4270 169.0163 298.8474 381.9820  70.3240 352.7140 177.4295 366.9862 411.4289 372.0001  51.9819 170.0000 297.2300 294.7988 255.0887 272.9229 333.5362  83.1165 440.0003 279.3772  87.6887 114.8108 115.9543  96.3317  79.1652 108.0092 128.7016  28.8274  80.3499 192.6554 152.4542 445.4437 101.1170 246.6585 189.6019 
427.9786 123.9491 192.9474 175.0007 142.3540  38.0600  59.8603 195.0049  62.4191 416.6905 357.8954  20.0512 212.6239 399.2137 440.8053 346.8078 413.9847  89.0619 267.0036  92.0385 442.3575 238.0954  99.7272 238.9831  89.1594 236.9486 260.2217 385.0795 376.9558  18.7193 145.6873 357.9428 115.8775  70.2353  51.7215 206.1405 128.0289 275.0069 132.0337 149.9420 378.1746 331.7376 336.0689  53.3841 276.0269 343.7516  18.0792 198.4838 201.9727 418.3793 
 13.6188 119.7495  15.9729  88.5531 298.2195 434.4916  25.0192 242.0177 399.6752 160.9393 239.0011 316.6154 332.1833 377.9971 438.9992 107.0052 285.9983 166.7752 103.1013  42.7681 186.7196 330.2363 170.6885  18.3551 241.4097 401.7315 391.9700 293.0270 439.4471 122.9750 195.8933  97.2263 326.9213 104.0000  33.1627 236.8935  22.1098 332.1895 330.9997 338.9903  14.9784 431.1299 130.6850 114.9391 343.0567  93.8588 113.0050 415.7349 323.7038  53.5628 
311.7282 207.8701 191.9932 364.0176 188.8721 419.2727  17.1228 186.9289 295.9916 286.0006 273.9959 132.7162 188.3312 293.0041 280.0002 219.7193 384.1779 127.9562 238.1406 180.0212  48.4588 119.5870 293.3485  50.3564 252.8177 437.1307 195.6517 151.1684 131.0739 371.9423  69.0781 138.3035 364.4117 141.5602 351.2364 225.7753 383.9724 245.7809  46.7897 194.9999 280.0358 169.6140 234.9102 145.0369 362.2944  32.1770  34.3369   4.1312  37.0064 289.4465 
256.9516  41.6080 120.8209 272.7214 274.9392 339.4711 168.6889 326.7180 247.5879  23.7081  31.1226 440.7372 304.4909 416.1367 141.5194 177.9926 112.7496 148.0071 155.9998 351.2626 438.0183 367.8266 167.7474  54.8913 244.5954  15.0072 430.9294 400.3850 378.5176   4.2389 148.9879  84.0294 227.1732 244.0730 121.6637  28.2261 158.9053 151.9533 244.1144 354.0022 140.0391 187.0124  66.4800 167.9703 194.9971 340.9140 235.9730 304.6574 122.0051  25.9835 
437.2050 348.6008 140.7634  13.9280 251.3113 160.5678 287.8950  27.0011 123.8771  52.5345 123.7031 208.8359 215.9660 123.0673 283.5811 324.8177  96.9941 359.2008 337.5855 438.2745  46.9849  93.4775 321.1917 204.0439 144.1511  15.6109 357.6854 272.6603  73.0120 158.2602 361.9485  92.6892  18.9091 193.3762  79.1846 185.7958 269.4729 146.2215 115.0444 199.4359  52.8738 442.0874 425.5390 174.1578 128.9266 381.0097 284.9578 241.4929 436.0877 410.0340 
113.2659 340.1309 303.9712 119.9958 348.9993  18.0937 352.9988 183.5729  42.0017 197.6809 252.4274 339.9951 415.4268 241.0612 360.9707  30.0118 188.5609 189.0073 147.9732 152.6045 165.8374 282.8899 116.7503 227.5048 259.7010 343.7015 120.5144 324.9195 282.0692 344.8561 366.7706 135.1817 406.2609  75.0001  53.9130 286.3484 132.8649 170.9137 310.9047 397.3619 317.1314 399.3235  32.9473 117.6452  55.1487 260.2638 254.5070 267.1842  43.9024 257.9618 
 74.3237 371.9993 270.3029 375.0166 229.2023  41.9731 254.9690 441.2372 165.3914   6.6896 424.7895 228.4726 199.2710 317.7018  71.9543 416.9104 189.3089 436.9747 216.9010 235.1843 274.5267 120.9744 264.8303 328.6629  93.0069 377.9179 425.4336  38.4893 262.9915  63.9934  22.1031 147.8042 343.7614 118.0543 333.3479 150.5600 287.5120 423.0458 278.1092 372.0086 417.2551 326.9206 105.5331 245.1441 140.1151 372.8512 395.6249 394.4621 116.2990  56.9243 
146.9294  61.9983 436.5385 186.2859 215.0103  63.8934 312.8279  25.9966  29.0255 262.4555 153.5005 194.0052 158.9558  10.8004 243.9334 328.9985 274.7628  74.9062   1.0035  48.7964 144.1920 314.9336 106.8472 359.1397 295.9931 273.5522 419.9018 184.6614 150.8472 335.4860 278.1923  90.0606 297.1255 287.2256 312.6533 135.0000 240.9655 319.9355 298.6694 310.7116  90.9340 375.8057 330.9462 435.2739 294.8510 135.5497 230.5680 395.0295 359.2865  63.6065 
 87.9453 266.6373 377.2677 171.0675 289.9232 101.7353 222.8772 375.0104 343.0085 239.5567 338.3399 375.9997 158.9805 108.5877 297.2951 392.4910  96.3118 352.7210  53.3609 119.1876 382.8155 220.9918 298.3623 161.9195 191.1439 211.5067  93.9454 220.3089 411.8348 355.7158 142.7585 422.6211  95.0000 369.9937 135.6417  40.5050 403.1241 429.0197 199.9296  66.7374 306.0000 335.2540 181.8394 183.4283  40.9060 236.9258 155.7167 401.8968 124.4429 381.7526 
 88.3167 339.4847 259.6953 105.1278 240.3611 414.1017 223.9164  33.9727 303.5182  29.9884 264.8731 135.8921 340.5434  83.3786 363.0629 439.1178  22.0238 357.2449 398.9689  70.6885 276.3044  60.0213 347.6064 422.1841 150.9958 344.0771 388.1578 413.4419 232.8577 324.5006 299.3573 236.8605 312.7317 367.8039 170.6806 221.0976  60.4420  20.0626 190.6776 388.5096 215.1229 156.9425 341.8875  56.8509 340.0707 417.8453 447.1726  54.1776 219.5342 396.1301 
 81.1495 187.8614 316.0201 405.9890 413.8513 388.9138 447.6893 367.9678 218.3518 395.5494 173.6797 105.4613 429.0634 195.8641 176.7725 183.3631 265.9389 102.4915 158.4650 218.6968  47.0484  72.7085 412.2244 443.0239 203.0362  45.5883  44.0663 273.9539 324.9244 116.9919 148.5428 437.4501 135.0610 119.0248 285.9769 180.0337 178.9275 177.0334  30.8959  98.1527 364.2601 124.9915 338.9971 286.5246 336.0757 437.5500  10.4828 153.9991 337.0342 368.1538 
230.8610 350.9127  95.7217 144.2564 189.0005 223.0035  39.8105 216.9985 437.9998 203.5209  70.3148  77.7751 150.9936 282.4348 248.2608  51.3899  48.1343 168.7614 403.9511 129.9120 168.9977 314.1405 289.9713 170.7387   0.0008 444.9749 275.9984 179.2205 248.7557 258.3802 160.7730 270.9993 145.0433 301.3483 364.1221  95.2454 291.3898  73.5569  58.2393 257.7999 188.2728 326.9781 237.1580 145.1720 219.4604 208.9781  41.9970 221.5718 102.8943 429.6055 
394.7272 107.2260 264.3373 335.0102  10.6450  27.4587 259.4108  55.7287 232.6475 129.3636 243.0429 334.8341  68.0000 263.5501 212.9947 311.1149 176.9999  84.3051 299.3157 220.9686 163.9667 277.1181 364.3564 291.8238 171.1921 140.3756  42.0081 388.8387 382.3098 360.2475 311.2861 314.6944  14.8733 163.0345  73.7811 192.0147 174.1735 266.1740  21.0030  49.2790 381.9683 119.0581  59.2771 280.0086  33.0518 128.4021 300.2965 272.4221  12.1072 337.9973 
140.8907 427.3506 116.9664 128.0522 170.2902 220.1403 132.0379 435.5174 434.9259 365.7282 242.8905 261.7453 355.9654 338.3537 286.9852  80.2493 147.7919 111.8258  64.3184  12.9296 383.5297 430.9744 177.2039  82.9836 314.9992  96.8513  23.9209 324.9801 101.0953 419.9946  11.9679 278.2991 375.5710  23.6758 187.9808 289.9449 139.7865 214.4763 204.3770  31.3278 180.9485 147.5347  38.6564 266.8126 302.0146 296.6497 253.4049 195.7339 443.0294 409.4546 
249.6353 285.1400 251.2969 329.8762 242.7628   9.8931 256.2252 128.8952  93.2543  16.5718 105.0233 194.8006 367.2306  52.2187 321.8460 406.3564 304.5351  77.1101  88.0017 103.4179 117.0611  37.5075 177.4382 256.9404 375.9134 373.0664 447.9992 417.2270 410.9418  87.9854 249.2545  42.1920 374.9540 211.2905 272.1796 205.8979 196.0824 447.6979  54.7756 378.0508 127.3643 440.5510 450.6951 283.1539 237.0369  63.8162 170.9678 248.2550 120.7501 140.6491 
308.3469 195.9928 116.9334 271.9641 395.3243 334.4654 323.3648 107.0200  39.4620 335.0346 247.6556   9.2869 133.7620 311.3770 272.3853 197.0011 256.9897  83.9955 130.0902 244.9851 304.3310 210.5094 182.6113  65.0002 110.9723 129.8741 186.8404 376.9987  52.6385 416.8326  11.0232 159.7643 245.7048 321.2512 380.8317 289.9494  14.7888 371.1680 200.4794 365.1055  26.9472 279.9941 343.9937 361.6516 115.1744   7.2890  42.9966 349.9518  28.9965 339.6715 
 32.9999 395.3439 195.7105 444.0068 223.9308  48.3724 206.2674 417.8378 434.6164  44.9950 248.4903 403.1055 169.0028 249.0122 356.9970 133.0899  93.0023 278.1600 355.3851 378.1387 345.4920 222.4753 354.0001 413.6137 187.9228 211.8603 320.6350 144.2144 250.1926 339.4330  51.8311 186.6500 153.6384 448.9567 239.2038 160.0895 306.3248   3.0097 246.1029 138.6017 112.9018 112.6444 149.0149 256.9577 148.7226 177.2533 373.7446 282.2350  50.9999 161.9613 
228.7545 344.0879  93.0809 205.0846  91.2169 435.0390 356.0936 241.0336 233.9010 332.2803 178.5737 110.3573 399.5940 364.0133 321.5951 248.6787 322.7204 257.7674 315.8644 101.8737 370.9870 431.3567 339.7854   5.1301 156.1153 287.9890 341.6549 137.5090 380.0614 253.8846 246.1433 207.9998 425.7496 362.9191 398.5608 210.3368 366.0999 225.5573 261.4134 421.0059 143.7343 237.9610 108.1909 233.3711 103.1410 251.0882 338.0818 242.4408 426.7579  18.4871 
308.9752 411.0543  82.4279 368.4503 250.0867 316.3466 197.6181 171.3046  20.0161 184.1652 402.0097 251.1872 213.0906 256.5788 203.9955  53.9991 428.1054 316.4058 410.1690 133.6694 395.5268 248.0316  67.6502 365.9987 423.3978 201.3481 137.9487  58.4684 192.1300  76.1341 433.6515 428.3054 246.0027 121.8510  56.9672  20.0551  62.9992  20.6582 384.1649 143.6302  28.0034 143.2593 235.4783   6.7556 315.3787 128.3950 352.4185 327.0163 319.7959 412.3684 
 88.5802 200.7090 415.5722  58.4731  46.0071 384.0963  54.9938 217.2286 428.6054 424.4276 423.3937  29.8939 245.2728 318.4983 109.1440 198.8544  84.9531 263.9453 259.1384 240.7807 110.4341 409.7836   4.9332 151.5931 434.2469   6.1150 446.1305 194.0150 134.1301 356.0950 228.9915 213.7364 346.0417 330.9941 281.1630 168.4552 183.9034 432.8512   2.5534 221.0342  73.9999 298.9706 201.9365 114.5102 194.0258 303.0005 308.4321 360.1276  99.5248 433.3786 
158.8854 404.0037 390.0632 382.9485 424.0000 317.2788  16.4880 433.5221 322.0735 277.0008 339.0523  68.2642 120.1953 430.1600 436.3855 399.2419  20.2554 177.2386 231.6030  96.2638  95.6597 340.1672 143.3710 235.5460  66.4432 245.0016 265.8748 201.2031  86.0313 311.0000 266.4225  52.2434 245.0985 122.9827 171.1525  25.6181  22.8128 413.1272 316.6299  56.3179 125.3527 296.2196 227.9903 435.9504 152.3725 239.9920 120.8939  26.6495 122.2032 238.9433 
 47.2871 331.5590 270.0467 145.7210 388.9831 165.2543   8.8159  68.1220 257.4134 377.7972  57.5637  56.4418  67.9801  95.7005 289.2897 251.7694 380.8741 267.1522 180.4514 100.9897 191.6833 247.9905 381.9012 441.5343 136.9832 282.9984   6.0634  69.1169  79.8944  69.1482   0.9274 399.9561 365.5753 437.4909  74.3469 125.0699  81.7151 276.8139 277.2139 312.9060 237.5000 279.6346 448.8697 193.0180 194.0418  81.4325 321.6574 115.1610 413.8048 170.9634 
449.2604  44.4691  70.9727 385.0321  89.9057 184.0972 309.3966 333.9895 289.0978 444.6692 359.0081 429.4914 313.4700  78.8940 307.7282 388.0800 256.9198 223.0016  34.1237 333.7478 252.6098  91.9326   3.0319 279.8855 237.5370 361.0404  55.0062 253.1658 191.0498 409.4096  16.0079 128.7943  41.4845 277.7691 324.9368 410.6897 228.9129 243.0002 104.8386 397.4337 435.8660 279.5315 379.2897  86.2284 100.7999 141.5947 362.8325 302.2716 280.7738 278.9266 
257.3572  79.1956 264.8215 218.9066  74.0262 353.3203 383.5544 261.6592 337.3720 129.9978 223.9732 372.0430 385.0319 187.6952 229.9742 278.7195 321.2723 152.1030 162.6639  93.2985 132.3573 297.4172 399.6314 183.0551 184.5583   4.6946 305.3228 374.6384 182.8417 401.9972 247.3491 143.2317 376.4484 255.0730 140.1858 337.0881 164.0342  51.2662 236.5603 430.6382 447.9779 234.8176 344.4560 417.9587 198.0942 291.1309 301.0875 450.9064 431.1738  83.0020 
421.0249 369.4888 283.7324 209.0357 433.4269 134.7860 373.9787  65.4663 423.5966 377.9373 340.4505 185.6208 356.9311 398.5429 320.4104 154.3523 133.4134 362.9959 425.6970 378.8323  19.0237  38.9765 176.9504 172.0193 427.7467 231.4204 204.2783 404.3420 182.5644 270.1225  25.0000 404.1413 371.1997  95.4120 346.0070  41.7669 324.5207  43.8222 341.4113 330.1524  46.1597 382.7208 404.4049 245.0093 170.7299 162.9515  82.0021 153.9988 231.8783 224.4672 
 40.9980 227.7527  62.8214 151.5138 360.6018  18.3293 403.8396  62.6304  62.0049 103.8952 431.3280 140.4250 367.0871 230.7127 170.1131 439.2352 216.0435 414.4419 206.6860 336.0612 157.0136 148.0670  98.9559 360.8497 212.9686 168.7674 424.0940   7.7612 205.7337 278.0606  76.8594 285.9789  59.4341 152.2965 345.4417 389.4729 259.6366 275.1112 225.4358 213.8165  69.0455 252.8934 152.0524 358.9973  93.1771 217.0115   3.0232  57.3221 416.5570 423.9557 
152.5815 276.4790  32.3852  34.7616 255.0696 256.3794 436.9831 169.9579 317.9085 328.8558 150.0724 375.9963 185.7960 190.7563 281.9815 317.8312 376.8595 392.4136 261.5077 117.8264 191.3960  30.6154 338.1583 261.4546 356.9854 135.1302 392.6551  12.7884  32.5267 404.4129 390.6282  72.1998 131.1072 124.9082 200.7963 317.9532 294.2426 406.8409  15.8326 209.8162  44.0005 344.6790 377.9801 267.4949 199.8114 223.9745 240.9984   5.9307 219.5131 307.0328 
156.2254  49.1672 174.9122 103.4476 347.8817 343.9393 145.0022 142.8990 178.5003 188.4421 439.2699  51.0000 376.0740 339.9645  93.0035 405.1410 174.1861 160.9129 426.2495 230.9939 318.7214  51.0525 159.1034  80.1477 430.8502 248.0011 106.3450  26.5967 270.0000 115.9302 282.1014 223.0518  82.0096 226.9942 102.0936 394.8269  43.8815 275.3035 450.7525 407.7966 274.4252 392.9641 115.0637 172.4500 268.0409 330.9831 212.0095 198.0083 433.4970 265.4121 
141.8218 142.9635 196.9806 103.0092  40.8928 111.2940 401.6451 348.3369  78.1263 412.8305 269.5726  97.1502  98.9894 210.1832 164.1763  87.0036 381.1671 139.0497 253.7450 186.6488 373.9839 328.3915 130.0671 376.0160 145.7094 317.8983 142.8052  36.0489 440.9067 398.1950 328.6062 241.7290 383.0160 377.7316 409.6508 136.1578  72.0271 292.9999 203.2450 122.9677 105.2028 414.7325 204.1130 399.0001 441.0881 435.9915   6.7378 241.2594 328.8888 120.4753 
108.5792 388.9921 104.6294 390.9264 196.7547  80.8980  78.9998 142.2740  53.9449  83.8738 293.6799  82.8511 341.9534 421.5427 195.1208 167.8615 421.5419 100.7040 170.0186  12.6386 294.2045 130.2653 355.0546  24.8861 343.5821 308.1072 191.0972  66.2959  15.5802 290.9838  57.9452 393.5149  69.0547  28.9025 389.9052 439.7439 211.6428 315.0084 419.9209 103.6521 445.3025 293.1432 296.1256 227.0250  66.8559 418.1929 152.3636 114.9890  11.7162 302.8153 
432.8742  29.9989 220.9332 219.0037 369.1255 158.7812 286.1741  68.9324  41.7612 176.1995 330.0096 390.5576 154.3512  99.9395   1.2985 317.6883  62.7302 138.4185  93.0599  39.1684 107.4693 388.4479 393.9423 108.0460 216.0693 278.9139 186.5733  31.0244 196.1959 270.6516 443.9562 159.2301  74.2525  18.7791  72.6627  47.7728 238.8419 277.1517 298.5955 149.0730  56.0825 217.3381  92.2190 430.4943 205.1397 198.9309 447.0805 115.9309  35.2391  74.8772 
191.5610  65.7151 101.0130  18.0091  52.1784  88.0701  38.1780 311.7290 216.1318 222.7983 371.6506 415.1530 306.9121 343.8488  95.3769  80.7199 130.3036 440.6077  28.1317 313.3433 346.2969 264.1233 193.8347 156.0806 258.5512 200.6633 429.5534 199.9239 373.6090  20.0104 330.7282 441.3368 427.0342 331.1126 316.7193 163.0218 136.4870 203.8130 351.8311 221.2308 186.8599 424.9996 168.0195 153.2390 171.7283 442.9992 328.2921 179.0983 202.3167 240.0408 
365.3934 262.9538 332.2003 233.5124 433.7788 344.1843 413.7206 123.5948  39.3701 161.0178 236.2496 325.1935 137.3113  21.5716  86.1384 220.3324 198.9959 296.7006  65.9904 196.2914 326.7574  88.7029 431.0343 248.9087 167.9977  83.3052  62.1162 141.2333 421.9269 418.3027 401.7851 110.4745 253.9831 217.0543 135.3776  51.0991 370.4046  56.1867 168.6847 269.8600 154.9659  43.5788  69.1830 276.0003 298.5729 364.6287 233.1236 199.0002 358.6619 153.7823 
100.3790 244.9980  96.8604 335.8169 362.9992 393.1241 306.9927 421.4791  97.7216 377.4623 122.7274  19.6133 167.9191 241.9804 312.6954 295.4098 193.1186 436.1178 431.2812 173.6958  12.0792 163.0005 195.7513 435.8163 251.9046   3.3044  85.7387 252.0832  75.9836 391.9804 448.0016 189.1533 396.0834 251.3167 265.6815 427.2382 193.4766  23.0002 179.0626 336.9666  10.5953 390.7166 348.8942 193.2552  63.0521 109.4457  85.8739 388.8562 305.8222 123.3218 
414.7637  51.1923  81.5951  42.3914  93.9685 396.0972 276.6954 351.4974 341.5751 333.9752  62.2985 444.9747 263.9867  62.9534 399.6344  27.0003 353.9785  56.4597 439.8915 369.5404 181.9336 410.2367 213.4131 294.8319 114.2373 242.7047 433.4454 191.0879 191.0515  81.1432 167.1594 190.3487 175.1490 204.0916 417.6369 330.9278 332.8464 355.0355 158.7572  12.2378 255.4096 286.0321  11.2026 110.9941 432.9745 223.2194 265.3698 296.8587 145.8769  32.2986 
417.8696 145.9562  68.9946 346.2048 353.9587  66.2144 252.7354 109.5091 118.8013  48.6520 167.9982  83.6751 317.8603 275.6824 329.6545 356.0441  93.5626 197.5968 148.6565 352.9691 292.0150 202.9455 301.7999 230.8767 377.9973 306.9312 217.0002  44.0165 418.5029 332.1548  63.8422 252.2912 355.9800  46.9354  67.3850 194.7069 186.2164 356.3241 229.0436   1.9425 197.8635 155.1098 187.6955 223.1686   1.4622 107.0764 203.2203 409.1262 130.4476 151.4423 
 25.7205  78.3232 157.2681  63.8259 118.3709  13.9608 444.4449 418.7038 335.5372 263.8427  35.6879 127.5537 344.9721 426.5260 219.0945 141.6225 388.7015 268.0881 102.7361 401.6446  59.2637 223.9486  47.9477 440.0257 156.9788  68.9129 289.9971 304.5746 412.2706 248.9971 138.6833 345.9588 264.7786 308.8826 316.9820 442.5325 103.7968 113.9985 295.1029 383.5156 413.1133 252.6199 357.9402 137.0295  55.6757  79.0724 409.8054 388.7150 440.3433  87.2615 
220.0495 156.9608 392.9992  81.3222 295.8772 114.9993 328.0345 428.4019 347.9992 146.3298 277.1407 306.0700  69.8826 138.9518 447.9311 205.3446 164.0365  35.1623 338.5539 298.0364  36.0356 399.2259 268.0637  15.0728 273.0390 355.4724 251.9201  25.6655  68.0605 156.4759 432.0092 335.5336 195.2950 289.9302  57.1499 417.0737 316.0809 449.8282 241.4745  48.7700 422.0185 170.8468 132.7151 308.8766 150.8811 383.5160 262.1431 255.3834 264.1252 136.4453 
118.0054 233.2552 200.0461 201.4059 426.5189 106.0867  45.0543  54.3219 167.6763 239.1235 413.0221  21.0050 141.3774  82.9948 227.4941 306.9767  74.9405  87.9476 291.0156 208.9841 436.3811  28.6291 216.7573 105.0310 402.8066 236.1612 331.0008 437.6148 193.0980 439.7803 378.9891 256.4507 101.4878 215.4477 441.4717 276.1491 337.4604 449.0845 280.0543  43.1050 322.2617 353.1595  59.2550 251.4701 143.1996 172.0874 176.7678 425.0755 174.9339 297.9280 
 44.4434 133.0332 449.4174  97.9239 181.1019 119.9979 232.5661 342.5939 307.0000  89.9045 171.1824 429.0662 169.2107 343.3748 191.0085 276.9289 108.9580 194.8365 446.1413  46.6629  53.2660  44.4630 241.9583 338.8919 138.0766 360.8370  13.2863 126.0519 243.2812 152.1483  22.8404 356.9784 203.4305 419.8430   4.0153 449.5237  98.2176 310.4689 421.9959  83.9200 401.6238 127.5071 435.2475 121.6500  17.9558  72.1992 149.7497 184.5954  40.2089 318.5369 
118.8563  85.0548 422.9964 417.9833 321.5576 193.7377  45.5819 408.7981 326.9531  97.6418  81.0346 238.9575 249.4621 120.4977 144.9987  90.0531  71.5828 446.1977 215.1352 396.2907 107.3346 324.0000  16.9782 341.9931  97.3138  84.4704 400.9822 125.0840 164.9656 417.5820  36.9822 216.0701  48.7392 305.2166 295.9478 354.0162 366.3116 261.9367 215.4431 197.9823 409.5021 213.0137 263.1185 107.5076 154.4119 325.7713  45.6309  72.0236 206.9395 207.9135 
437.7467 110.8160 256.7724 433.9610 375.2717 251.1025 296.6357 301.8469 344.8837 180.1262 323.6865  91.6039 116.7999 379.8426 337.9341 344.7685 362.1191 293.2376 166.0109 252.9467  44.7567 321.2362  23.9988 262.9655 276.0429 426.3526 206.5216 384.9782 182.1224 214.6646  32.9505 354.5633 192.3776 432.2191 211.9012 217.1675 269.7457 384.3308 147.4418 358.0620 334.7340  97.0229 123.9891 421.1597 448.9101  86.0596 325.8870 222.4723  69.9569 329.2357 
222.9964 430.9995 127.4914  46.9014 375.8738 209.8517 326.6231 332.6961 317.5305  49.9295 285.9852 337.1701 167.4858 273.9723 367.7224 196.0842 199.2606 193.5359 188.4432 341.0859 418.3294 233.7616 130.6513   6.7987  17.6444 357.8504 317.9906 359.0118 115.7223  28.6449  19.7610 448.0185 317.0005 134.9891 150.1836 419.9559 242.0121 289.6511 429.4276 413.8698 421.3311  79.6491 176.8258 284.3862  72.9999  56.9024 393.0629  20.4418  18.8983  79.7372 
187.3547 199.9059  62.9983 419.7912  10.4999 218.0013 196.1840  11.3683  93.4626 397.7871 399.9187 401.3025  26.8557 377.2249 260.5084 363.9276 341.9906 418.8454 100.4268 185.1180 341.4060 255.0369 431.6190 312.1937 404.1531 167.6147 445.8347 351.6268 337.5082  84.3543 177.3556 313.9122 224.8919   8.8572 379.7226 155.9566 186.9991 330.9987 136.1059 133.0184  44.1058 403.5855  93.6769 359.7527 326.5775 393.8683  83.9403  92.9099 380.0581 394.0790 
358.9907 417.1599   3.0261  79.9159 366.5705 158.0468  59.8401 278.0724 380.7404  71.6963 285.9729 388.3420 187.9122 164.7132  71.2905 377.8302 401.6640 136.1986 322.5267 284.4671 392.8027 140.0022 174.7086 393.4657  95.2390  94.3288 447.2551 215.0337 409.7915  31.0195 421.4020 393.6387 141.6069 296.1729  63.1304 289.7778 425.9264 187.8347 136.1677 362.8123 332.1751 311.0795 383.1936 383.9766  28.0027 150.6630 213.8586 296.3898 366.5725 137.0627 
181.5127  46.8075  71.9391 128.0704 215.0030 121.0665 301.9051  57.8551 382.6568 208.9789 288.4956 259.9296 222.6170 311.9907 393.9837 428.0081  97.9967 121.9643 253.0085 424.0335 380.9978 342.5020   1.0934 187.3026 350.8524 435.7613 194.8600  74.3066 179.4776 370.6308 287.0145  33.0027 407.4444  90.2151 181.5649 330.4458 336.2966  55.1696 338.5703 354.0496 102.0612  89.0896  60.8725 305.9509 384.5660 114.7724 158.4976 329.2488 141.4190  61.2079 
136.8127  92.0033 149.2613 165.1845 382.8331 142.7794 336.7921  73.2081 211.0138 288.3633   7.3242 286.9661  37.2389 418.9199 396.0028 383.1827 198.0976 309.3861 110.5872 394.8145 105.0701 174.5698 300.7362 303.2724 407.8871  78.0098 137.7913 150.7894   8.6225 397.0483 379.3619 332.0495 170.3779  32.0467 171.6236 372.7277 109.9984 192.8679  55.6371 117.7644  43.3738 146.9097 287.8000  34.8163 446.9983 347.9908 179.6369 416.0091 308.9369  97.9212 
 66.5628 342.0495 419.7497  72.8933 254.3097  39.1436 402.0971  89.7269 246.8823  12.2306 257.9820  69.7649 403.1642  69.9607  22.9139 449.5317 172.0786  91.9732 254.2674 163.9928  27.7079 383.8177 117.0439  84.0150 154.9223  36.1841  34.7957 249.1571 133.1065 237.1261 440.9999 279.7504  27.6934  17.0494 354.4613  51.0592 285.9748 107.0496 363.8522 414.0256 224.8867 135.6033 211.9984 109.4620 316.7694 227.5055 242.1516 303.2047 430.0612 146.3415 
276.6758 154.9779  48.8689 420.4996 395.4139 353.2820 119.3785 166.1304 368.4857 245.1272 371.1960 157.9504 246.1450 149.6785 363.9360 419.3022 361.4408 216.9664 204.9176 148.9320  93.5410 336.7444 389.3759 232.2561 179.8046  37.8158 154.5112 390.6628 294.8008 246.6900 140.9583 199.3696 426.0828  75.4114 106.0000 207.6040  39.9800 406.2101 138.4059 145.8159 300.4597 315.1257 123.4763 305.6786 106.2961 376.3555 437.0030 400.7030 336.7690 204.6215 
167.4914 235.3232 447.9985 177.2449 339.9457  82.8688 289.1482 169.4193  22.8240 415.9517 110.9233 221.8449 194.4123  94.8686 244.7482 312.1480  81.0082  32.0866 357.8912 129.0069 433.9529 379.8938 330.6231  49.0033 118.9906  91.9984 206.2555  90.6296 338.5707 429.0511 276.8912 205.8654  67.3477 377.6892 327.6497 197.0129 384.7395 385.5730 400.1220  22.9487 124.7829 170.4509 424.7632 350.0581 152.9667  21.7684 269.7054 404.0727 327.9977 243.4144 
431.8681 408.0196  58.6565 224.5864 207.1913 325.3556 116.8919  94.6025 104.9995 120.6446  86.0675 258.9433 158.3402  56.7465 146.8931 114.1359 134.1235 396.0707 124.0162 302.9787 353.2686 279.9997 314.2668 327.9744 432.2902 208.1576 293.0635 356.0550  41.8560 368.2962 353.2978  21.9989 136.2317 429.9012 422.0549 367.0005 434.8049 280.4187 232.6024  95.0540 274.4060 335.0005 298.3022 352.6549 350.4677 111.0621 210.5333  71.9168 125.0799 299.9823 
324.1446  83.7950 294.9959  91.8853 431.1485 387.7870 337.8656 284.2927  59.6755 149.7782 260.7323 116.9803 149.4842 450.9930 153.5471 345.0880 296.1936 251.1435 230.7984 428.0457 394.0295 304.9243 356.9743 300.2791 258.0001  98.4110 380.0286 208.5627  52.8665 154.5235 166.4385  65.3228  50.9610 240.3158 429.3222 225.4141 411.9632 206.0949 234.6439 152.0004  10.5078 386.9920 384.0163 109.0092 328.0003 262.9984 274.0578 323.0793 186.0865 111.9668 
261.9644 275.0415  98.2624 416.7555 292.2154 410.9744 420.9102 250.0000 326.5508 170.6772 382.0441   6.0289 228.5889 323.0382 146.0676 204.3771 250.7196 117.2213  89.1932 187.5726 407.7527  17.0073 407.6045 195.7562 137.8303 183.0000  59.2443 173.0037 113.9509 350.0002 419.4921 288.3306 110.8933 332.9997 174.0062 195.4329 173.1985  65.2856 151.8518 356.1520 290.9641 283.4047  89.9017 436.1830  16.4144 418.0349 130.1627  42.8550 254.7988 164.9731 
223.9950  16.6969 339.6281 105.0212 179.1562 405.1631 323.8777  58.0954 125.9051 183.1109 447.4588 147.6506 397.0529 203.5326 448.1132 104.1444 284.1089 401.2265 104.0060 199.3026 188.1999 268.8933 146.9186   4.0990 415.7357 350.0342 115.5378 159.6284 316.5523  79.7088  13.9010 252.8513 115.0258 181.9667  27.6349 336.5404 317.6705 225.9711 377.9426 388.6035  56.3788 109.5098  69.0493 148.7378  75.0094  32.9996 324.8351 269.4846 272.5095 181.9509 
 11.0994 206.7658  66.8783 270.1278 447.0333 151.5599  87.1035 105.2548  61.6219  74.3702 299.0015 217.0790 390.9783 247.9856 237.0916 369.8173 220.3764  37.1306 281.5403  28.9372 124.3637 449.6783  23.5807 401.9723 293.1740 240.7973 413.8205 174.1303 123.2019  86.5157 171.0204 377.2857  83.2361  39.0844  72.9565 383.5235   2.0008 380.0428 428.8912 161.3523  73.3212 142.9837 398.7153  52.3442 139.0244 118.9992 343.4061 166.9727 386.1483 313.7821 
250.8112 296.1648 189.9277 441.9994 173.2030  56.6144 111.0484 323.7798  16.7611 442.1745 244.9019 313.2265 356.4978 137.9720 164.3303 161.2360 103.0239 357.5683  59.7528 329.3791 164.6765 222.4064 223.8418 440.7624 206.5671 380.7230 124.6960 178.0097   2.9368 242.4887 172.1143 206.3903 418.9966  51.1273 268.0034  89.8634 224.3410 423.9584  21.9689 204.0698  88.3556 168.8867   6.9129 377.9512 409.8370 221.7554  72.8918  68.1626  82.9266 210.4572 
 84.0993  23.9101 251.0013 215.5486 111.9905 409.7464 408.8689 184.2450 286.1515 399.0840 153.7730 102.4120 226.2038 368.7700 142.0666 390.1669 292.8507  42.6029 326.9119 419.0524 449.9971 314.5341 422.4930 147.2359 262.6004 333.6619 256.3692 228.8693 102.8861 430.8214 276.2538 226.2443  52.6528  75.1882 233.5409 134.0161 343.0895  49.1532 233.1599  61.6945 382.0913 195.0436   0.3243 414.9907 115.2484 292.9799 152.0136 334.2111 412.5304  28.2715 
111.2484  45.0676   6.3548 376.0391 340.5647 167.9988  41.4113 144.0274 378.2005 181.0323  75.9886  89.3960 238.1032 342.8933 416.0696  65.8608  84.7361 230.9988 437.6268 234.4277 363.0468 256.9506 192.0438 435.1884 197.0863 234.9545 123.8373  18.0571  91.0005 283.7755 265.2607 328.8738 180.4867  17.0166 105.0690  89.8311 245.2731 195.2716 199.6805 400.2928 255.3025 415.4464 201.0609  84.1414 154.9530 391.7391 168.8692  75.0137 414.9991 332.1685 
264.7220 142.0215  30.9056 302.9243 375.9891   2.9958 149.1949 314.3197 344.1991 102.2722 321.1755 242.2833 293.0951  55.1839 333.2921  47.7376 172.3159 360.2714 281.3877 310.0080  53.9034  77.1273 281.2102  52.2970 303.7789  74.0315  24.9883 309.9442 289.4780 213.0113 212.6238  82.4760 160.5931 200.4617 281.9966 161.0331 338.9868 296.9998 141.0689 442.3500  82.9533 137.3191  33.5362 323.9039 215.0572  22.7573 103.9494 158.8272 272.9611 438.1719 
 34.2792 114.9923  86.3140 219.7808  20.2838  42.9064 305.9730 360.0443 118.8729  13.1951 143.9920  31.0052  88.7447 450.5528 359.0035 320.1579 346.0021 348.4275 290.6905 201.1413 195.8517  23.7674 333.9957  59.2378  38.9997   2.6813 390.9446 323.2885 191.1314 144.9936 363.7390 412.9903  11.9457 214.3543 148.2377 329.6508 401.2382 162.1323 312.4552  73.2543 436.1920 255.4073 178.6714 170.1685  13.0294  97.2679  18.5289 111.0106  93.9987 127.9036 
  8.0768 218.8702 433.0769 439.4612  29.9546  78.2776  62.2690 205.9939 250.1099 340.7891 211.8152 187.5791  56.8427 429.0250 171.6318  48.0949 108.0000 105.5751 368.9451 174.7226 334.1236 330.3574 266.0693 420.6851 372.0108 181.5902 436.5670 364.2107 188.4920  21.3240  15.4728  96.8311 153.5738 129.9760 343.3239  32.6564   3.1792 131.5740 301.2392  41.8467  74.5856  86.4307 413.0218 291.1828 130.9210 131.0699 283.8726 306.8611 351.9530 237.7368 
402.9921 389.1526 395.6907 344.6380  59.0609 161.4847 357.0468 171.3152  59.2393  74.4837 388.9936  22.1262 347.0030  53.9286 216.9679 353.6795 208.0051 185.3053 171.0182 424.9894  32.0045  70.7374  28.8593   5.9088 334.2418 351.1533 198.8752  35.8764 305.2199 428.8847 295.9938  51.4670  63.1728 402.8324 132.2550 331.5325  84.9998  43.1312 312.1693 145.1011 310.4115  37.3045 405.0981 114.1308 237.3855  60.8474 239.7439 308.0871 420.5574 138.2133 
180.1220 369.5381 146.1892  56.6363 188.8281  29.8648 305.6975 288.8069 220.4671 391.7018 293.2096 281.2863 321.6650 404.7833 200.0042  78.1883  23.4573  38.4575 342.0333  86.8070 319.4751 372.4476 179.0977 341.8671 210.7871 270.9492  79.1929  81.9408 165.0368  42.7095 279.6794 375.5317 150.9897  85.0379 123.0012 269.0129 190.9478  71.5235 307.2922  80.9907 174.2163 203.0000 369.2330  46.9786 383.9532   6.8495 291.8549 443.4528  74.6955 415.0861 
118.0084 124.3640 354.2664 161.9089 357.0294  80.9771 121.9400 121.9613 292.3476  16.2084 120.0700  73.1786 178.7210 137.3369 175.4060 130.0084 407.8636  26.9893  24.6172 225.0011 144.2141  13.8943 390.2031 177.3652 141.5784 120.0288 331.9770  83.7913 446.4763 376.4390 391.3980 392.0234 317.4423 177.7376 336.6095 394.1848 206.9897 242.0665 392.8364   9.9977 204.8059 275.4319 415.0790 252.9868 317.9782 357.8843  91.9948  12.1568 270.2808  46.9230 
392.8273 323.2539 248.0233  66.0201 194.4991 212.5783 381.2725 315.4810  33.8006 328.8069 431.8597  91.6760  82.0836  20.4729 223.0190 445.1167 158.3723  13.0106 332.9939 372.5530 443.3963  11.3154  30.3585 392.4771 358.1085 113.6000 267.1579 357.2430 444.1572 285.4925 361.2613  94.0119 219.8703  12.2958  51.0907 159.0003 279.5267 277.6797 127.1718 416.8165 323.7584 329.9723 355.4317 344.5654 155.5433  29.6690   0.9823 414.3703 433.4390 106.0531 
257.4113 106.0034 243.0897 390.6463 370.2107 246.9992 174.1548 322.5659 233.6220   9.8449  84.5426 173.4019 406.8171 362.5507 211.6705  99.1223  70.8943 189.5814 344.9565 275.4489 438.0166 396.3464 251.1446  65.4990 152.0993 287.5218  82.9140  99.9564 124.0833 448.4579 444.4936 224.5975 144.9850 258.4294  27.5730  40.9196 371.9561 270.6905 158.9851  46.0346  68.2328 146.9999 377.9130 434.6510 313.5775 242.7700 353.0134  72.8856 388.5178 158.9097 
181.1947 377.9133 269.2138 330.6147 120.9907  28.2901 296.5724 145.9359 423.6552 264.3899 228.8580  39.7753 271.3228  27.2203 249.0466 181.6239 137.9424 120.1651 429.4053 423.1096  83.2930 403.5855 145.9609 107.0511 336.5860 374.1276 179.9871 378.9998 370.7143 288.7117 339.4653 246.9710 385.9092 118.7022 392.3649 270.0016 247.0444 193.6627 184.1778 214.9021 283.7504   5.8049 210.4855 364.3839 258.0702  49.4474 364.9616  68.7528  68.5536 340.5148 
 61.5871 324.9477  78.7699 111.2790 315.1058 196.2472 430.1439 385.8766 360.0520 163.7198 164.5189  30.5999   8.9211 171.4909 384.9558 201.9971 214.2175 293.2559 116.5573 153.8468  13.3861 189.6307 219.4933 173.6283 279.9457  14.9947  37.6218 397.9890 297.5226 258.2661  79.7872  66.5963 111.2632 134.3352 167.9507 204.0160 337.2959 447.0551 406.6425 220.6021  54.9655 156.2682 443.7402 391.6623 359.0234 195.7043 240.0162 241.0020 425.7845  82.1096 
210.4622  47.2786 363.0554 199.8608 240.6767 162.2421 413.0053  88.6187 321.9833 254.0042 290.4966 129.9929 405.0186 272.9895  14.0166   3.8868 392.0416  12.2896 227.3378  18.0181 364.9290 270.9531 436.0867 286.1740 128.9853 121.7211   7.0258 241.7398 365.1581 331.5802 346.1165  81.0978 133.1226 119.3832 162.9243 190.6226   1.9099  88.1361  86.2689 239.6005 207.7900  97.2869 234.8490 301.6793 281.2608  35.2938 168.1054 258.4276 165.1636  38.5602 
108.4368 377.4794  55.1127 126.2917 416.7097 212.0100  89.3444 396.0026 124.7962 121.9657 286.2304 165.0081 384.3419 262.7333 165.0193 146.0412 438.9970 123.5521 246.0911 170.6637 381.0638 298.0035 207.9622 381.6285 287.2677 236.3245 227.0766 333.0000 168.0427 432.8175 144.5897 432.0183  81.9798 312.8737 104.3576 264.7635 189.7218 306.3908  66.4115  47.5639 139.3385 449.0584 413.3369 287.0898 230.0106 411.9882 280.5049   2.7635 119.3296  26.0177 
428.5736 434.6516  34.0715 121.9976 156.0073  23.8280 342.0741 105.0544 216.7388 161.0110 248.0025 325.9839 187.2458 347.8749 188.3230 224.1920 185.1747 436.6157  13.8347 153.6619 315.0838 172.3999 118.1304  62.7406 362.7381 230.8676 372.3472  51.7960 222.6557 280.9122 238.0829 310.0456 309.8659 365.0001 129.2363 440.1483  27.1449 379.3468  24.5144 269.1946 112.2384  47.7444  87.7029 161.0027 421.2314  97.9631  81.0640 418.8418  23.2672  51.3976 
 86.7786 205.4374 374.4615 416.0467 232.8937 308.9570  88.1835 246.1234 415.2626 239.0020 213.8940  36.9978   6.0362  23.0054  74.7744 361.0641 221.1481   8.3720 356.8457 121.9324 289.4705 367.0358 258.4677 250.9897 285.9880 111.8603 258.4271  18.9564 414.9556 317.9880 189.1527 216.5806  48.4208  42.6525 414.8564 242.9610 177.6232 184.0415  25.0357 401.0054 402.2878 414.5390 121.3112 230.9195 335.3937 110.0002 184.1255 188.1388  43.1829 293.6578 
421.2681 237.9938 232.5727  22.1351  66.0766 115.2379 235.4045 233.4067 353.8786  59.9973 140.3235 219.0358 413.3418 420.0020 426.2606 124.6094 341.6686 112.4522 121.9092 142.9841  48.1066 420.2961 386.0582 365.9965 409.9264 373.9815 187.7059 431.0254 213.6352 124.2434 132.6844 412.6893 386.7075 382.7960 357.0092  64.9927 329.3113 355.9970   8.9586  45.7507 198.0311 185.7821 368.9885 449.9663 445.8130 418.3480 249.1896  26.9988 408.9761 389.0523 
 49.9363 366.9927 384.7146 286.8497 327.3319  63.0197  48.5892  73.3964 108.9232 217.5660 251.7748 223.4367 221.9743 201.7958 146.9914 191.0335 291.9761 193.0124 383.0996 227.7897  99.1350 343.9332 291.8824 184.2035 295.3798 409.7513 380.3105 438.0360  41.0338  44.7031 156.1402 189.7515 372.0387 118.1305 380.8569 167.2932  76.2101 113.0641 159.2809 271.5786 410.9491 226.4837 319.1890 145.1261 313.9193 126.6451  66.2486 141.0018 378.7784 422.8132 
275.8324 362.6573  88.0122 109.9752  37.4715 103.2219  45.3989  52.4291 339.5870 318.9752 183.7014 449.6100 123.8315 238.5230  97.9760  35.0180  97.5672 136.2789 410.0000 406.0510 402.3494  44.4921 208.8155  58.9196 429.2033 191.6712 143.5895 392.0552 128.4367 399.9839 324.7745 210.9507 164.3050 184.4101 310.3634 387.6367  98.9706 179.6936   7.0865 415.7402 134.1102 448.9824 135.8859 108.8946 296.0428 268.1029 370.9817 114.7669 314.9128 359.7100 
114.0216 283.4540  18.4351 331.0073 427.9442 104.4838 235.7906  25.9228 167.7917 115.7852 325.0450  86.0084 102.1499 259.0181  19.8363 241.2795 256.3557  76.0091 331.6315 378.7573  17.8842 269.8730 332.6285 131.2863 154.9868 110.8783 401.9801 107.8117 358.9157 255.0902 273.3955 373.0012 417.3029  78.6949  21.7792 295.9537  99.8452 412.9876 113.8382 230.9806 280.8650 397.9084 187.9550 191.1984 241.6282 398.5312  74.2382 408.8300 347.0314 143.6949 
 45.2166 115.0300  12.0059 116.0005 130.0232  46.4953 435.4970 380.0331 420.7379 300.8701 393.5332   6.7379 303.9211 430.1218 355.0259  34.1390 180.4434 340.1112  68.1925 393.1568 333.2052  20.9931 324.2207 356.7009 450.1778 371.7270 180.9045 351.2380 300.9927 415.0218 446.4977 381.0732 370.2360 259.0431 113.6696 446.3890 182.6957  30.0899 255.1010  47.0952 163.9091 149.3401 377.0045  84.6037  18.9963 149.2424  83.3611 122.0948 445.0069 162.7089 
266.3036  93.4894 206.4618 225.1042 197.3377 276.8430 270.0052  95.9667 159.0383 105.5660  34.6966  52.3644 149.7727 406.7986 160.4844 229.9642 343.2442 127.2289 130.8564  25.9977 343.8043 389.7038 267.0407 195.3287 113.9996 123.7779 276.6782  67.0275 360.9733  46.0903 218.8451   3.6689 353.0000 438.2791   7.2793 263.2331 269.4454  94.8983 100.2970 166.2429 442.5734 206.0003 146.0000 402.9762 222.5452 100.4420 260.3512 355.8231   4.9668  14.8172 
344.0367 151.1265 425.4630 163.9973 253.2388 434.0259 193.0674 222.1177 155.0860 171.7195 241.9992 148.0809 349.3990 169.5655 257.6192 411.0060  23.8676  65.8989 358.7743  93.8935 200.4969 423.6508 364.3764 110.7645 418.5084 271.9842 179.0001  55.4201 264.7988 222.1408  16.9999 406.6881 222.0101 353.8317 410.5365 279.2610  26.6537 350.9992 340.9618 179.5885 437.1766 344.9929 233.4822 215.8857 241.9495 372.8270 295.8686 119.3763  79.5447 112.1298 
 16.0017 291.7272 282.0363 239.1066 188.6038 442.5949   8.3687   6.2976 418.7798 358.3651  31.7204  82.8900 132.0018 278.9476 128.4215 299.1921 309.6977 230.8596  46.9939 302.1685 167.4720  94.6621 447.9045 121.4859 373.9242 218.6528 375.5190 100.0907 107.3025 345.2812  16.2616 251.0339 329.9307 359.3615  80.6206 351.7885 154.4181 208.1353 253.6418 218.9995  87.2607 338.3962 301.5776 251.9016 211.2795 218.2910 164.9196  17.9557 117.8818  29.5279 


2.4657 9.3711 8.8815 7.2944 7.6950 
7.9835 2.7122 8.0358 7.5262 2.8732 
2.0406 4.8247 5.0356 3.1828 3.0231 
8.2907 7.0518 8.7615 8.1771 8.9419 
1.5748 3.3351 2.7731 5.0044 5.9372 
6.3459 5.9852 2.0029 2.8676 5.0439 
7.3609 8.6513 7.8266 4.9157 6.9831 
2.3848 6.2170 5.7279 3.3764 9.9305 
8.1237 3.4435 8.0340 1.7909 8.8067 
6.5627 2.7906 2.7261 3.5560 8.9540 
8.8505 6.6852 9.7692 4.9983 2.0034 
2.3187 2.2674 3.9833 2.7230 3.9706 
6.0147 4.2392 3.6435 2.9268 0.3889 
2.9832 7.6790 6.0379 8.5738 7.9666 
2.9869 5.7722 2.1354 7.6476 2.0633 
0.0391 9.9996 8.2217 7.1277 4.6289 
4.3559 2.4615 1.0362 4.4907 3.1891 
2.8423 1.3025 1.8275 5.0769 4.5498 
3.3628 8.4862 4.0001 9.9571 6.1173 
3.8141 0.3998 8.9217 8.9238 2.9083 
7.9838 7.1345 1.1569 5.9849 6.1043 
3.8260 1.4038 1.0380 9.8379 3.9121 
2.7815 2.8210 6.9979 2.0178 2.9892 
5.6620 5.1652 6.9122 9.8654 3.0978 
6.2966 8.7996 5.0000 1.9236 6.9513 
8.0367 6.6840 4.9729 7.0003 9.2873 
1.6348 2.0917 1.4417 6.4849 3.0219 
2.8807 2.7811 4.3487 6.8864 1.8402 
0.1930 3.0758 6.3555 3.0992 4.0023 
8.7987 9.3967 2.5498 2.8325 7.9490 
3.0001 4.4585 2.8119 4.7007 3.4180 
3.2178 4.9259 4.1934 4.0435 3.0182 
1.0071 4.6295 3.1957 7.1306 4.4545 
9.6351 3.1531 4.3783 7.9700 6.9967 
3.9568 2.0109 8.6228 5.0042 6.8760 
6.3961 5.4504 5.0097 2.9291 7.0693 
3.1141 3.0605 9.0790 4.4914 9.1510 
8.4593 9.7920 3.2111 6.8060 8.9662 
1.0274 0.8212 8.0361 8.9922 8.0518 
6.6440 7.2846 4.3053 5.7207 8.1842 
6.9014 3.9992 2.0214 1.1359 6.9984 
6.2795 5.9102 1.6781 6.0279 1.0000 
7.8070 1.5222 8.2145 5.1028 4.2484 
2.9536 6.0000 7.2919 5.9295 6.2508 
7.6171 5.0606 4.8634 4.0184 1.6385 
8.5868 5.5156 4.7482 4.0610 7.8182 
0.6054 2.5328 2.4868 2.6683 2.5160 
1.9992 7.7042 6.6224 0.5163 8.1609 
3.0256 1.9513 1.9941 7.1946 9.1782 
3.9838 3.2725 5.7027 7.5481 2.2625 
