10 8 4


29 32 12 7 14 22 18 11 12 5 
899 342 679 507 480 1424 1359 559 
1778 2774 1269 1900 


422.6782  58.3029  93.5460  37.8450 313.8858 306.3226 158.7621 438.9453 
419.1386 211.9909 248.2358  56.9618 156.4065 333.6976 443.8775 388.4653 
249.8859  58.0584 176.9848 111.9939 319.8113 248.9988 175.8405 410.8566 
287.3972  58.0000 309.9400 110.8258 436.5163  55.2100   1.7948 115.7135 
433.9991 443.0866 351.9711 353.5808 396.2963 129.0723 351.0427 212.0081 
 93.0799 116.9830 193.9157 123.9930 373.8840 377.3706  41.4116 285.9760 
 97.8257 263.6473 152.9783 129.4507  26.1590 386.0011 433.9684 130.8762 
300.0460  89.2431 211.9919  39.0608  40.9852 233.6205 377.9802 227.4712 
106.2953 115.0072 133.3695 132.0945  63.9422  53.5437 379.6545 421.2564 
208.8072 320.3719 346.0630 390.3560  91.4966  25.5755 127.0358 101.5479 


2.9907 2.9921 7.1872 0.0365 
6.1215 1.9455 7.2370 1.9926 
7.0162 1.4994 3.0955 7.9707 
7.9835 4.9976 7.3383 2.0196 
6.0409 0.0081 5.1647 4.9805 
1.7665 6.1584 5.8417 0.9733 
5.8783 8.1789 0.0003 6.3871 
3.0550 3.9904 1.0007 9.8126 
