100 50 5


35 27 21 27 11 21 18 25 23 31 30 24 19 10 21 29 18 24 27 35 33 15 8 7 35 30 30 13 20 6 14 17 24 8 10 14 6 7 17 6 29 31 6 13 24 20 10 15 25 5 23 31 21 31 26 18 5 34 19 17 8 31 22 18 24 22 26 5 16 24 11 8 25 15 12 29 24 22 24 10 28 13 18 16 22 28 23 12 35 17 10 35 19 6 27 5 22 25 32 13
681 991 1187 1044 1097 1002 334 1268 400 466 1277 797 1152 1376 1168 1086 742 1061 780 411 1252 793 685 1317 833 1401 838 425 833 1073 476 406 1168 876 1043 998 814 1093 704 901 414 825 1169 551 1215 1310 911 953 818 901
3453 1041 2445 919 1862


194.9161 161.1464 163.7256 116.6398 138.2115 127.0736 166.0520 277.7686  73.3139 190.7282 246.5076 272.2091 269.8318  97.0889 261.6364 124.1277 264.2120 239.3069 187.8796 163.0343 311.2870 317.4841 139.7920 181.5097 190.9939 161.3136 269.0332 336.2808 135.5047 225.5491 326.6571 205.3653 191.9360 140.7440 190.8864 200.0935  65.6378 195.0329 261.0467 122.5365 143.2462 246.7847  76.2406 204.3383 157.5346 207.9144  80.4916 154.0708 118.6133  96.9557
150.9947 110.6951 131.8488  89.9590  83.4121  65.9817  96.9093 184.7720  59.6138 129.2420 156.9629 188.1034 174.6875  48.7625 172.3854  63.8828 175.7393 182.1542 129.4753 126.6024 210.6507 211.4429 109.3713 108.2107 115.7633 123.5895 174.6952 238.2216  75.8503 145.7462 229.0151 128.1385 119.2275 104.9342 114.3194 167.2331  66.1031 126.4157 178.5803  82.3571  77.8275 192.0695  57.2629 125.1542 138.3067 164.7108  54.1113  96.6660  92.3463  75.3469
147.3340 114.7924 163.3990 154.4393 116.7608 133.6135 110.5937  49.6427 168.7293  93.1721 139.5578  44.1110 119.4819 142.1588  55.7181 164.7023  47.0011 135.9960  99.7527 149.5231  40.3249 126.5204 153.8096 160.8283 100.7319 144.9951  93.4144  35.4999 178.9442  68.5723  21.5493  86.9139  89.0103 141.8837 147.0198 193.2587 230.9351  82.7563  46.5997 133.7522 129.2870 154.7409 163.2120 153.2747 198.8287 161.3600 211.9404 107.7118 155.6609 230.8946
219.9398 154.1310 224.8735 191.1259 122.0355 104.2036  78.1346  63.0628 189.2702 137.7296  54.1725 129.8902  29.2847 134.2690  60.1367 119.7808  75.3876 226.5821 149.0058 207.9431  76.9581  55.5971 202.2176  94.7396  59.5728 201.3360   7.5648 162.8984 130.2209  72.0146 144.3511  60.4281  76.3776 186.0024  76.3928 270.5994 224.4109 105.0935 119.7735 158.2693  91.1565 249.4040 181.3606  79.2978 260.2385 240.9396 188.8588 121.1301 193.9812 211.2127
 73.6035  67.2136  84.6912  86.3177  75.4797  89.3700  79.1914  54.4214  97.1412  57.2961 101.3998  33.5614  91.8342  89.7237  56.2414 107.7008  50.4013  62.6506  58.5573  78.5173  51.3389  96.4836  83.1813 109.3022  76.1379  76.8358  78.1232  14.0890 116.0138  58.5122  21.3128  68.7954  67.4839  78.4146 102.5786  96.1893 136.0274  58.8993  38.0583  79.1429  88.6648  70.9531  94.8658 106.5896 103.2499  78.7671 129.0270  70.0176  86.5388 138.7979
 22.7315  60.2100  45.9132  67.9109  93.5120 128.8257 127.0890 142.1739  93.9160  66.4560 197.4090  93.8853 193.0773 110.7497 136.3463 162.3860 127.4472   5.7357  58.0197  40.5300 154.5413 216.4594  54.2829 185.1406 134.4258  41.0640 173.7311 113.9867 178.9151 118.2941 119.0598 127.5572 115.8964  54.5082 178.7770  61.2401 177.2086  91.7662  95.5675  74.7627 135.4902  20.6666  93.1312 189.3953  77.6685  28.0466 178.0578  87.2721  66.6848 193.2114
 23.3730  51.9215   4.3237  30.6878  73.3199  98.1487 104.8784 137.3496  48.8079  68.0260 165.4694 106.5883 167.1506  77.4747 130.5372 121.0035 125.5266  46.9224  60.8275  16.4195 151.3830 190.0323  19.3138 145.9321 114.9766  20.6718 155.1448 131.3908 133.6575 111.6524 132.7246 113.3984 102.7540  29.5227 143.6801  27.2425 116.4404  87.0309 105.1614  49.6307 106.1359  45.0953  50.6219 152.7656  26.5016  23.9427 122.5848  72.7209  28.6941 133.3386
146.9169  95.3693 160.0947 140.9299  87.8586 104.4587  77.0876  27.5772 153.0329  71.4077 123.7126  41.8390 105.6069 116.3081  23.4960 141.8214  10.1520 143.6637  81.5280 143.1732  44.3713 124.7503 144.1963 140.4735  66.3612 137.1780  75.7925  76.4628 159.2737  27.0474  61.2883  49.6091  51.3529 128.9101 124.8344 199.9231 221.0670  49.3134  33.1257 113.0224  99.3586 166.1372 146.0244 133.7689 199.8814 165.7259 197.7140  78.5597 142.8658 220.2740
101.7040  64.1370  88.5381  51.5467  43.9306  45.1890  66.8758 137.0306  32.6997  80.5765 132.8757 132.5087 142.8181  18.6810 126.4467  64.8196 127.3106 126.6672  80.2911  81.5657 158.9380 174.2195  67.8890  99.2495  83.4444  78.2571 137.1263 174.9145  80.4678 102.1089 168.0436  90.6693  80.6018  61.6439  99.6858 122.6372  84.5706  81.2734 124.9137  40.2263  56.9147 136.6248  27.3787 110.6035 102.2600 114.9827  75.7790  54.5454  53.9447  94.3264
242.9690 166.5727 246.1917 205.3239 126.2952 100.8420  73.5295  82.5811 200.6361 150.8605  51.6697 152.1478  36.3177 136.5862  75.8132 116.6198  92.5530 253.7035 163.3594 227.3695 103.0884  75.7530 219.3646  89.2762  54.0299 219.8853  29.2453 194.9368 128.8474  80.5243 174.3799  60.6627  78.0622 201.1738  68.0265 298.7397 236.9167 113.7379 139.7412 167.9745  85.4847 279.0870 191.6557  73.0719 284.6754 266.9525 195.9350 127.1748 208.6892 221.6034
176.1692 105.8197 169.7396 124.1830  58.2162  11.6846  28.8141 126.9397 111.4168 107.6411 104.0200 151.5285 115.7627  48.6148 113.6426  50.8781 120.8401 198.3626 115.2391 154.7890 155.2534 156.7806 141.9618  72.6880  47.0857 148.3942 111.4616 205.8665  74.2626  88.7939 191.3466  64.0133  60.1176 127.1108  65.6040 219.0627 149.9871  84.6914 139.1282  92.1005   3.7108 218.2302 103.1987  80.8604 198.6444 197.6620 117.0246  68.8283 127.6016 143.9453
 25.4807  81.7875  46.3989  79.5950 119.0422 158.2627 159.1967 181.6331 108.4699  92.8388 240.4105 127.4743 237.0252 135.1087 174.6052 194.6828 164.8421  21.8453  82.7843  46.9383 196.3350 264.6129  62.5199 223.1316 168.9044  49.9408 215.9777 150.0958 213.0699 153.0749 156.2385 162.2077 148.5204  67.4071 217.0021  52.6016 202.2010 121.8293 129.1624  93.7592 166.8539  11.5400 108.9032 229.2201  75.9463  17.6526 206.7820 113.3565  77.6358 222.7987
 25.0836  62.4141  12.2325  41.9216  86.2868 112.9955 119.6309 151.8444  60.6457  78.4129 183.7701 117.1562 185.1272  91.2793 144.8848 137.2543 139.1564  47.4445  70.5668  24.2107 166.1762 209.0667  29.6698 163.5260 130.0223  28.9031 171.9526 141.6418 150.5860 125.2872 143.8964 127.9090 116.6606  39.9077 161.0434  20.1023 130.7564  99.2668 116.2230  61.5427 121.3486  42.3444  62.7748 170.6471  26.9378  20.0223 138.2183  85.1963  39.8185 149.1944
 28.7406  11.3146  26.0204  12.1198  13.5074  27.3249  30.8274  53.6202  16.5276  20.4416  64.3361  44.6848  65.6410  17.0839  49.3050  41.8951  47.9460  38.3334  19.0394  21.0238  62.5281  78.6464  16.8671  54.2826  36.8348  18.9974  59.9060  62.3566  49.6017  38.2562  60.4692  36.9789  31.2533  11.7618  52.4970  42.7103  52.7800  25.7002  42.1217   0.2828  31.5146  43.5295  14.1354  57.5782  37.6969  35.5106  50.1767  14.6986  13.1609  58.1234
 64.9973  61.6145  45.0326  23.0522  68.1553  85.5120 100.8074 154.9900  16.2679  83.0711 166.3742 134.1626 173.3197  59.5989 145.7994 104.4916 143.2879  92.6502  77.7684  46.4233 173.8730 201.6004  32.9325 136.6719 115.0817  46.6205 164.6124 169.4783 117.4537 122.5625 167.1328 117.8961 106.4665  38.4507 136.9361  69.1158  91.7967  96.6002 129.6285  43.0520  96.0368  95.2958  21.4570 147.0102  47.5941  71.5706  99.1104  73.0100  22.8505 111.1977
 23.0345  92.9562  47.6033  87.8561 137.4276 184.3383 186.4716 216.8673 122.6220 108.0689 284.8327 153.4185 281.5386 155.7808 207.9923 227.7859 196.6561  29.9642  95.7690  48.4612 235.3959 315.3795  67.1580 262.7702 198.7651  52.3809 256.8005 183.0810 249.8733 181.2454 189.6210 191.2974 174.5949  73.6309 255.7402  59.0376 235.7987 142.9606 154.7853 105.9278 194.9995  22.4727 123.2449 270.5179  84.8650  14.1744 241.5031 131.1140  85.4443 260.7592
 62.1800  20.8924  60.3567  36.7081   9.8013  38.5994  41.3894  82.4614  41.4649  30.1928 102.3319  71.2839 103.7125  25.7444  74.5443  67.8602  72.7637  75.9858  30.9265  50.2229  98.8241 126.9128  44.3984  87.1189  51.6603  46.1306  92.9597 104.2049  82.2884  54.6276  99.4267  51.6678  41.3988  34.1450  82.6341  90.7523  99.1526  33.3947  65.7712  14.7314  44.8908  87.3792  36.4299  91.8115  82.6974  75.3188  90.2875  12.2413  38.5641 105.5993
191.5762 132.2507 192.1215 158.7823  98.5991  73.3321  56.5428  77.6180 152.5048 122.4729  29.0013 128.8943  28.5691 102.2935  71.7026  79.5585  84.2650 202.0214 131.7322 178.1427  93.9918  61.4123 170.7724  55.4083  44.4719 172.4680  35.5467 163.6177  87.4157  72.0520 147.9703  53.7471  65.8445 157.1606  39.0788 232.6680 173.5990  94.4375 119.0439 130.4770  61.1077 221.0412 145.7187  42.3795 219.8937 209.9576 140.8409 100.9773 161.4515 160.1908
221.0418 163.8902 208.3466 164.8781 122.3648  77.0201  96.3839 173.9322 140.7920 169.8731  93.8707 208.9362 121.7655  97.5272 163.6231  30.7989 173.7731 246.0376 175.6242 198.6943 196.9579 153.9239 183.6973  37.4902 105.0227 194.0265 137.6081 256.6372  10.2636 148.0649 242.1834 123.1212 124.9797 174.1134  54.2995 248.4178 110.8070 150.1011 197.5551 144.1072  74.1989 261.1795 135.9752  56.9342 222.3387 238.2434  69.9055 133.9246 167.7752  87.2117
214.1660 179.6878 182.5313 136.0379 154.0231 136.9113 176.9561 290.3887  92.7209 208.4899 249.4214 288.9678 275.1626 111.2015 274.2931 125.1812 277.9029 258.6820 206.1750 182.3218 323.9467 322.3958 159.0838 181.5987 201.4471 180.6858 277.2716 353.3608 132.5433 239.0725 343.0786 217.2271 204.9799 160.1444 193.2184 217.1129  46.2345 210.7700 277.4476 141.1177 152.0443 265.8694  95.5609 205.4646 173.5185 226.7538  67.4883 170.3670 137.9844  79.7893
129.4627  69.3785 115.1979  62.8778  42.5188  62.7703  85.9807 179.7252  49.8835  92.4471 189.5625 167.7663 199.5013  23.0906 164.6789 104.0301 164.2870 162.6043  92.0836 102.0559 210.7835 243.9807  84.5831 148.6283 108.9630  96.3012 186.9085 228.3638 128.7275 128.8607 219.0775 115.9620  99.6737  71.9672 145.6990 167.5260 144.4499  95.5998 157.2276  36.8804  78.8203 178.9623  40.2072 162.1106 143.3112 150.3968 130.8765  56.5264  66.6118 158.0507
109.2380  84.8689 120.3457 113.1523  84.9721  95.7301  78.9693  33.3965 122.7624  69.4558  97.0263  35.3599  82.2231 102.7198  38.4026 117.2433  33.0358 101.6440  74.4038 110.3683  25.0626  86.4005 113.1001 113.4168  71.3844 107.0736  63.7290  30.3479 127.1310  49.1206  20.4979  61.7011  63.9049 104.4475 103.4304 142.0317 165.8096  60.8603  36.4611  97.9325  92.2640 115.0844 118.7454 107.6131 145.5270 119.4171 151.6607  78.7464 114.0797 165.1848
 24.6967   5.0120  25.5280  17.2195   7.8661  21.4883  20.8089  34.9271  21.7825   8.3204  47.9633  27.2998  47.5890  16.7139  31.6101  34.9571  30.1358  29.5894   8.4562  20.4870  41.8345  57.4819  19.1441  42.6937  24.4524  18.5360  41.8131  41.6800  41.4165  22.8952  39.9111  23.2640  18.5282  14.2042  40.2250  39.0566  49.1203  12.2984  25.1318   8.4259  23.7582  35.1641  19.7585  44.2784  36.9032  30.8000  45.4178   5.5472  17.8885  52.2032
 45.8393  30.6015  43.1362  31.9649  19.8000   8.1537  14.5644  36.9081  26.8969  32.1925  25.0131  43.3142  29.8939  13.8814  33.9090   4.0582  35.8827  51.9957  33.6193  40.2653  43.3743  39.3343  36.6477  13.2426  18.1559  38.9548  31.0139  56.0174   9.7197  28.5611  52.6170  22.5140  21.9764  33.8077  14.0336  54.0521  28.9313  27.5595  40.4322  25.8228   8.3368  56.1081  25.3121  17.0559  48.1051  50.4987  20.1572  22.8320  32.7459  26.2980
259.9348 176.9395 252.1322 198.1918 121.6395  66.1167  70.0429 159.2961 178.9079 174.9790  75.3923 211.9582 101.5097 107.7386 146.3820  52.2450 160.5581 284.6593 185.4207 235.0150 188.7957 147.9176 219.6361  33.3989  73.6382 227.5904 114.0640 271.2976  64.6932 129.7117 251.2661  96.9810 103.7542 202.6823  22.5879 309.1839 189.8165 141.8429 197.0130 161.8174  51.8012 308.5865 170.0543  40.0914 283.3349 285.0784 141.3185 132.3005 202.1804 169.5420
129.6295  90.5627 153.3188 145.9283 110.0939 150.6926 126.7804  96.1873 171.8717  61.3799 206.2414  18.7830 188.5339 148.9345  92.1957 202.1762  76.1391 115.6943  67.1364 133.8407 108.1270 213.6796 141.8480 213.8647 123.6877 127.7031 154.0961  64.4302 225.7185  80.0483  61.3557 105.4384  96.4909 126.0346 197.7112 195.2362 275.1276  66.9484  24.5506 121.8299 150.9146 142.8671 165.0409 210.6611 204.3220 149.8454 256.5702  95.1497 147.1560 283.0579
104.0637  37.8060 116.0411  93.6481  49.8415  95.8320  80.8376 106.0694 113.7586  11.3406 177.2655  70.3102 169.5743  88.3840  94.9883 148.1626  86.4401 110.8247  23.9719  95.8410 129.8778 203.4049  96.3131 168.9384  87.2216  88.5244 142.6436 124.7528 172.3708  64.9200 117.5525  76.0019  59.7068  78.0283 156.2473 165.0436 213.9507  24.9289  62.1406  63.4789  99.8536 135.5592 106.2364 170.8141 163.1396 127.3460 196.5916  34.8852  95.7005 222.7807
 27.1775  22.0084  19.8304   3.1308  32.4308  49.4332  54.9640  82.8262  18.9537  35.3679  98.3320  66.5935 100.2357  34.5969  77.4382  66.3949  74.9307  42.8369  31.4882  15.4700  93.9350 117.1203   7.7750  83.9881  62.7615  14.0478  92.5870  87.8870  75.8445  63.2320  86.8326  62.6197  55.0602   6.5324  82.3197  40.9325  70.5576  46.0187  64.1917  14.9500  55.2538  46.9516  18.3820  88.8768  34.3025  34.2512  71.2814  33.2236   3.3750  80.3701
105.4213  92.6035  86.0783  62.5415  84.2568  82.8686 104.2017 166.3406  38.8973 110.9820 153.6079 158.8118 166.0440  63.1053 157.1375  84.4201 157.7168 131.5924 108.2843  87.5673 185.3827 193.3759  74.4615 117.2739 118.6108  87.2993 164.2410 194.7886  91.4698 135.9089 190.2523 125.7981 117.2682  77.1287 122.0885 103.8048  44.7518 116.3644 152.9634  70.8477  92.5462 134.1857  42.3566 130.0597  78.5308 111.2822  58.9566  92.5592  63.2367  66.2420
 43.3574  32.4294  47.3155  43.6204  31.3760  34.8424  28.0072   9.1377  46.9173  26.3736  34.4839  14.2080  28.5893  38.1538  11.3286  43.0894   9.6451  41.1004  28.5712  43.2710   5.8876  30.5199  43.9952  41.2015  24.7373  41.8929  21.1760  15.3559  46.9243  16.2879  11.1196  20.9764  22.2217  40.4185  37.1808  56.3978  63.1141  21.9876  13.8699  37.1722  33.2703  46.5350  45.2558  38.7934  57.1994  47.6273  57.1452  29.0886  44.0415  62.5395
 14.6573  22.8011  25.6001  31.4162  44.9420  68.4212  67.7635  82.4979  48.3811  29.2412 114.9983  54.7327 112.9831  56.5602  77.9317  90.8501  72.8464  20.7672  23.2741  17.4192  92.1482 129.2547  24.4231 106.0114  73.2205  15.5828 100.9873  73.2810 101.9117  64.6432  74.4805  69.3769  61.3491  21.2970 101.9263  44.9651 103.7605  46.0336  54.3094  32.7926  72.9412  30.0218  47.1453 109.0256  49.5246  25.2439 102.6914  41.0680  31.0289 113.2642
 62.8331  64.7843  44.8120  33.1783  68.9999  79.8855  93.9880 139.8184  24.0350  82.1768 144.8517 123.5143 151.8374  59.2315 132.3007  91.3046 130.5610  85.6480  77.7956  48.9367 155.2551 174.9415  39.0293 118.4432 105.8581  49.9768 146.0135 151.9192 100.3691 113.5016 150.1794 108.9265  99.9415  45.2420 119.9063  57.2963  68.8448  92.8762 119.8736  49.5867  88.5418  85.6073  29.0496 127.7247  36.0532  65.6361  79.4948  73.4904  32.7002  87.0520
 62.4388 115.4258  52.0640  87.2416 145.4426 177.8899 187.5254 227.5480 106.2921 134.8142 268.2307 180.5663 270.4790 149.6369 219.0215 206.2037 211.3074  80.7660 124.7206  67.1837 245.0034 300.8050  73.3631 240.8416 200.8859  73.1020 253.9201 207.6798 222.1229 194.6032 212.3767 198.2943 184.0856  86.9555 238.5804  11.3817 185.5206 161.7600 180.3871 113.8020 188.7983  64.8284 110.3804 250.6208  38.4270  46.5439 200.3677 144.3334  84.5076 211.7471
 33.5985  20.9233  39.1559  35.9499  25.0630  35.7134  29.4066  23.7217  42.3128  12.8090  51.2744   6.7148  47.0043  35.4208  22.1009  49.4445  18.1528  31.2972  14.9144  33.8242  27.9806  54.2467  35.4121  52.7288  28.8011  32.0675  38.1295  20.9990  55.7292  17.6675  19.3085  24.0865  21.4401  30.9396  48.5109  51.0027  69.2004  13.3808   5.7255  28.8934  35.7890  38.5384  40.4000  52.0286  52.5775  39.3231  64.0450  21.1007  36.3525  71.1288
 43.1449  39.8919  33.1282  22.8642  39.0800  42.5470  51.9516  80.9633  12.9035  49.7393  80.0162  74.0746  84.9781  31.0006  76.4317  47.1782  76.0013  56.4068  47.7678  34.4224  90.2930  98.6552  28.0414  63.4232  59.1136  34.5601  82.5761  91.5034  51.9662  65.4883  89.8582  61.7111  56.8198  30.2972  64.8494  41.8059  32.5467  54.3283  71.5325  29.6719  47.6240  57.2325  15.5541  69.2501  29.3946  45.6686  38.6264  42.5000  22.9811  43.0345
 24.6305  46.7231  39.9959  54.5053  68.8414  92.6260  90.1262  95.7306  71.8420  48.4206 136.2550  61.3911 132.3204  81.5281  92.3856 115.5815  85.9276   5.8415  43.3023  36.4952 102.9214 147.1512  45.6091 129.7674  94.1985  36.6928 118.6045  71.6740 126.7251  81.4781  76.1128  88.8551  81.4224  45.2501 125.0247  47.9031 127.4130  64.8682  63.3855  57.8541  96.6322  15.0524  71.1582 132.0354  60.4087  26.4900 127.4677  64.0663  53.7500 137.7720
 25.3044  21.9601  31.1162  31.9608  27.9480  36.8680  32.5786  26.0403  38.1264  17.2217  48.8079   9.9607  45.1390  35.5796  25.5958  47.2896  22.2684  20.3197  17.3529  27.6501  27.4801  49.8670  30.1509  50.1487  32.2184  26.7024  38.1264  11.7883  52.0698  23.5757  13.6953  28.6291  26.6958  27.6061  47.0046  38.0430  60.1764  20.3404  12.0785  28.5696  37.2005  25.4372  36.9901  49.6351  41.3139  28.5616  57.2468  24.9682  32.0534  62.4310
 57.2575  42.0057  54.2863  43.0405  31.0803  19.1882  23.5219  42.9968  37.1808  43.1580  21.8379  52.6487  29.0581  25.2292  40.3861   7.9063  43.1228  63.4496  44.7861  51.5957  48.8781  37.4041  47.8414   7.2073  25.4150  50.3261  33.2625  64.8753   4.0696  36.6317  61.0346  30.1206  30.8471  45.1678  11.5997  64.9066  30.9777  37.6653  49.6815  37.2495  18.0405  67.5628  35.8236  12.2602  58.4104  61.8453  20.4267  33.9366  43.8059  25.0698
156.8802 114.9035 156.4688 132.0201  90.2865  69.1681  60.5071  71.8169 125.6774 108.4425   4.7630 111.5679  16.5425  90.1406  69.0922  65.1854  78.4945 164.7504 114.9538 146.8738  80.5673  33.0902 141.1079  40.3817  53.0217 142.9178  36.1529 134.3634  66.3218  72.0577 122.8537  59.7300  68.3535 131.7478  32.0286 185.0401 131.2968  88.6131 104.7681 112.4646  60.6574 178.1163 121.0634  28.0124 174.8781 169.8160 106.4364  92.6155 133.9380 118.5781
 46.9223  32.2094  46.4215  37.6342  23.1825  15.3517  12.8547  22.9791  35.2989  30.6320   7.8083  34.3060  11.0719  22.7535  21.1445  15.3424  24.0216  50.2498  32.7565  43.1471  27.5254  19.1479  40.9481   9.3434  11.2176  41.7809  13.5378  43.6894  17.1421  19.8726  39.9532  14.5860  16.9112  37.7314   5.2228  56.4501  38.9189  24.0533  31.7709  30.8441  12.3508  54.7495  33.6677   6.7853  52.6974  51.4209  30.6000  24.3148  38.3139  35.3797
208.4043 136.9233 207.5802 166.4959  94.6165  62.7955  43.7986  95.2481 158.3318 127.9373  54.9632 145.7503  60.3625  97.6611  85.1776  76.7821  98.0513 223.2258 138.4528 191.1294 119.1914  99.9487 181.4985  60.0356  33.6162 184.3809  59.9466 192.1510  90.5729  76.0403 174.5583  50.0223  61.1206 165.3796  41.2820 256.4102 188.4250  95.7233 133.4444 132.6746  48.0666 245.3895 150.1394  52.0968 240.1349 230.3843 150.7456  98.7994 169.7419 175.2186
153.1419 101.2756 174.3981 159.8004 109.6616 144.6465 115.9039  73.1685 182.1460  69.3638 190.1637  13.6857 170.1157 149.1644  69.3694 196.0710  52.5448 143.0726  79.0992 153.6500  86.6803 194.9427 159.0327 203.0394 109.0953 146.7352 133.8558  69.5796 219.5984  60.9448  57.9501  89.0386  83.0991 141.2628 185.2101 220.5835 281.0018  60.1640   0.8768 130.1941 142.4331 171.1947 174.3030 197.8065 226.1619 175.2496 257.8458  95.0326 161.5707 285.6359
 40.7786  26.4497  39.6568  30.5603  17.0029   7.9339   8.1567  24.9774  27.7680  26.0647  15.2624  32.8380  18.4115  15.3020  22.5748   9.5012  24.7137  44.8935  27.8494  36.6157  30.3144  26.6027  34.1080   9.6000   9.4190  35.3160  19.0086  43.2301  13.0250  19.0163  39.9352  13.4470  14.1733  31.0966   7.4933  49.5372  32.3747  20.4882  30.2840  24.1045   5.1590  49.0421  26.1716  10.5520  45.3991  45.1344  24.6665  18.7585  31.2441  29.8062
 35.1731   4.1924  38.6037  28.6133  19.6317  41.7591  39.6534  57.8430  38.7814   9.3960  83.4632  41.0720  81.9590  33.8779  52.8210  63.7326  49.5073  41.6530   7.3906  29.9762  68.4025  97.5334  29.5829  75.9861  44.7461  26.7686  71.6168  63.6113  74.2327  39.1988  61.5471  41.7334  34.1187  21.6285  71.6979  60.2209  85.4630  21.3975  38.2443  17.2003  45.2230  51.1645  35.8727  78.2497  58.5854  45.2568  80.2385  15.0177  29.4286  91.1244
229.4985 170.7576 233.1400 201.9553 140.6992 119.5636  99.9049  84.0428 197.9702 156.6393  43.5519 146.8959  18.5189 148.0506  84.2568 123.8400  97.6803 235.6161 166.6426 218.3246  89.6097  15.6516 212.6040  92.5703  84.7033 212.4836  34.5608 171.9703 128.4036  97.9700 155.0149  87.5786 101.6549 198.3907  78.5885 273.8249 218.1732 127.6281 138.4532 172.9826 107.3970 255.9190 191.0685  75.5924 263.3991 248.1489 184.1452 140.8628 204.5534 202.3246
159.6372 115.5829 151.6017 119.5418  84.2401  50.2036  62.1289 117.9864 103.4650 118.5116  59.8481 145.3300  79.7659  68.2575 110.4618  19.3794 118.2007 176.9728 123.2716 143.6497 134.9117 104.1894 133.1245  18.0100  67.5435 139.9441  90.8951 180.2626  12.6143  99.5793 169.3054  80.9862  83.0388 125.2264  29.4822 182.2851  89.7949 102.6016 136.8510 102.4471  46.6004 188.9386  99.4066  32.6055 164.1946 172.9084  59.9923  92.2627 121.7476  74.0945
 20.4626  39.6268  12.9769  26.5498  51.2411  64.3323  68.7154  87.0014  34.4224  48.4087 102.1626  69.0887 103.4333  52.4812  83.2586  75.9886  80.3841  31.2923  44.3355  19.7023  94.6794 116.2365  21.1518  90.4567  74.4829  22.1387  96.9390  81.8977  82.6390  72.8069  83.1541  73.7489  67.8399  27.0858  89.6005   5.7070  68.6412  59.1222  68.5631  37.9138  68.9351  27.0496  36.0756  94.6026   8.8814  16.2388  74.0781  51.1141  25.4096  79.1569
106.1264  73.4763 113.0913  99.6075  64.5007  67.8531  50.3897   2.1319 104.5775  60.0534  63.5641  42.2036  49.8273  78.9423   8.4013  86.2969  12.6579 104.8295  66.3443 102.9928  13.2960  58.1489 102.7171  80.0799  40.9544  99.3350  31.1314  56.8508  95.2773  24.9546  46.4046  32.6921  38.2273  93.4317  69.9637 137.4735 139.0489  44.4276  37.8622  81.9891  62.9242 118.2876 100.2112  73.8817 136.2206 117.5396 122.6594  60.3298 100.9093 136.0046
207.9982 176.4724 186.2693 151.4565 150.0452 123.4395 151.8447 233.7184 120.6405 193.6001 177.3112 246.2505 201.6693 117.6860 222.7111  94.0910 228.3993 238.9907 194.0064 185.1476 257.1325 232.7564 168.5764 124.9325 166.7817 183.4734 211.5841 292.7422  86.8925 201.1219 283.0465 181.3605 176.4931 167.6678 138.7058 211.0001  27.1166 188.4602 236.9254 149.7819 130.2366 245.3594 121.3582 143.1592 179.3077 217.8156  30.6349 162.5110 153.1227  10.0281
 38.6648  27.0356  37.2508  29.4051  19.1019  10.8089  12.2549  25.1925  26.1874  27.0667  11.4011  32.7149  15.8703  16.3825  23.3736   6.4288  25.4198  42.4587  28.4736  34.9498  29.3518  22.2509  32.5979   2.7203  12.9865  33.9297  18.3135  41.2318   7.2258  21.0054  38.3798  16.3294  17.2123  30.3154   3.3634  45.2626  25.8778  22.5310  30.5812  24.4902   9.1325  45.7507  25.0012   5.1539  41.2733  42.1770  18.6918  20.7962  29.9719  22.5263
 28.9343  84.9849  33.5280  70.2329 118.0133 153.1622 157.9906 188.2694  95.2911 100.3290 236.1949 140.1840 235.4942 128.3792 180.7235 185.0424 172.3966  43.2969  90.4862  41.9685 203.8677 263.3114  53.9447 215.1330 169.0962  46.8715 217.3437 164.8678 201.8248 158.4782 169.7370 164.5875 151.0918  63.2772 210.8744  27.4279 181.6541 127.4246 140.6923  90.1084 162.5241  30.6944  97.1529 222.5878  51.7342  11.3145 189.7513 114.6575  67.8890 203.5536
330.7055 254.5364 334.3659 292.8268 214.1900 182.7244 160.5243 142.0389 285.3531 237.1143  69.9426 224.1148  52.3937 220.4396 143.3169 180.2092 160.4893 339.3244 249.9617 315.5491 145.9060  18.6413 307.4114 134.2815 142.1373 308.0553  79.7429 254.0837 181.7457 161.6789 232.0511 147.4769 165.4889 289.3197 119.7772 386.9081 300.7000 199.6518 213.4649 255.7740 166.9217 365.4295 276.6152 111.6620 372.0099 354.7556 255.1066 215.3579 296.2361 276.5763
138.9345 117.7209 158.2142 156.2355 128.5300 151.9509 131.0945  79.5443 174.5914  97.1156 169.5663  47.1243 150.8094 155.4660  83.6003 185.8491  72.8531 122.0084 101.2847 145.3123  73.1792 159.3591 152.3924 186.5813 123.9123 141.4691 124.6268   9.9057 201.2324  90.2289  17.1018 109.7971 108.6823 141.9372 173.3875 183.9773 244.6948  95.2810  54.5552 139.4762 149.5663 139.5805 169.7260 180.6286 194.1046 150.8714 229.1319 118.4002 156.9949 247.9823
137.1455 131.9777 104.9550  77.4460 131.2487 142.2603 171.5073 261.1350  49.3670 162.8754 258.0843 238.4198 273.7583 106.5580 247.1138 155.4322 245.5783 178.5936 156.3021 110.8760 289.9884 316.1679  91.7317 205.9837 193.7071 111.9619 266.4422 291.9683 169.5473 213.1344 287.3232 201.6831 186.4348 100.3835 210.8294 127.6647 102.3230 178.1187 230.7941 101.0143 157.9836 179.5673  57.9136 224.3246  87.8531 143.2831 124.9304 141.5764  77.4138 136.7465
 70.7133 129.0590  60.7099  99.1732 161.9708 197.3510 207.5779 250.1126 119.9296 149.7153 295.0974 198.4652 297.3457 166.7997 240.9730 228.1497 232.4560  89.0055 138.7382  76.8563 268.8159 330.1043  83.9707 265.6228 221.9426  83.2528 279.1965 227.0897 245.4104 214.6690 232.5047 218.9595 203.5674  98.5595 263.1078  16.7796 205.4133 179.1130 198.4827 127.7815 209.1313  70.8203 124.3542 276.1612  46.0207  52.8357 221.7375 160.6045  96.2130 233.9574
129.2050 106.5893 144.6852 140.3118 112.1193 129.1424 110.0446  59.9159 154.4468  88.2898 137.0500  44.4130 119.7768 134.6425  64.8012 156.7998  56.7263 116.4404  92.9011 133.2084  51.4816 125.1012 138.2612 154.7030 102.3858 129.6391  97.4636  21.2773 169.3717  74.1156  16.3434  90.3817  91.1323 128.6718 142.9805 168.2880 211.1542  82.9597  49.0555 124.2346 126.0722 131.9385 149.9790 148.5333 175.4095 140.1974 196.0841 103.8502 141.1515 212.3245
 32.0203  24.5750  28.3053  20.6785  19.1140  14.4964  20.3158  36.7789  14.8584  27.8356  29.1392  38.4069  33.0447  12.6397  34.5167  11.3385  35.3916  37.8550  27.9806  27.4829  41.5425  39.7231  24.2562  19.3314  23.6064  26.9621  33.8031  47.7054  12.3566  29.8624  45.8504  26.2285  24.9136  23.5438  21.0918  34.5172   9.2404  26.8777  36.5738  19.3776  16.2980  39.6180  14.5810  22.7689  28.8559  34.4618   5.8815  21.6043  21.0999   9.8795
245.6318 161.5945 247.4502 201.5033 115.2816  86.0166  56.4871  94.6215 195.4278 147.1933  66.8314 159.3908  62.2349 125.0817  83.6600 108.0264  99.8194 259.9064 160.3420 227.2607 121.8913 107.2009 217.5907  87.1097  37.0662 219.1460  53.5109 211.4256 124.4920  77.8867 190.1260  50.2292  66.9722 197.9539  64.3130 305.0151 237.9339 107.5287 145.1752 160.8373  69.3367 286.9425 185.6039  74.7536 288.4276 271.7630 194.5041 117.5751 205.2316 223.4066
165.9528 122.4511 173.1168 153.1783 105.8082 100.6715  79.8274  36.0545 155.9103 107.0295  66.8762  86.5218  44.9694 119.4364  40.7478 115.7254  49.2456 165.7368 115.1422 160.5225  33.4853  44.8597 158.7893  98.8643  66.1298 155.8373  26.9619 100.3117 123.7489  59.4266  86.7876  60.8866  71.1729 147.0244  85.9987 204.6526 188.3038  85.4472  81.3280 130.1404  92.3003 182.6763 150.2842  87.5702 200.9473 180.5900 164.1796 102.5791 155.0070 180.2119
157.0360 115.3700 155.2816 129.9544  89.6919  65.9944  60.5307  79.9826 121.9349 110.5468   7.5147 117.4941  27.4169  86.8382  76.4815  57.6297  85.6047 166.3678 116.7099 146.1810  89.8848  43.5522 139.6802  31.1263  55.0695 142.3453  45.6554 141.7896  57.1213  77.0927 130.5353  63.3861  71.0480 130.7487  24.9367 183.5443 122.6407  91.4281 110.5005 111.1150  57.8862 179.2095 117.5133  18.8393 172.1463 169.7513  97.3983  93.0012 131.8890 108.9833
 55.8577  43.9721  49.7632  37.6884  34.9213  26.5072  35.7176  62.0375  28.2473  49.0363  47.2927  65.6230  54.1621  24.5933  58.4656  19.0402  60.1090  65.2527  49.3566  48.5827  69.6011  64.6278  43.3922  30.9951  40.7279  47.7828  56.1712  80.4986  19.0773  51.3264  77.3859  45.1960  43.4224  42.3475  34.4615  59.3678  12.4209  47.1224  62.6288  35.6984  28.9739  68.0017  27.9174  36.7152  50.0486  59.6695   4.7227  38.9187  38.3448  11.2530
221.4808 155.9608 207.5697 157.7221 108.7389  57.6633  84.6306 180.8642 131.8040 163.9877 111.9684 212.9034 138.3382  79.6073 168.0157   3.7840 177.7847 250.0903 170.0578 196.0183 208.8648 178.7708 179.1041  51.3001  98.5298 190.5542 148.6714 268.8615  21.7796 146.1652 253.3946 118.5907 117.6972 167.6905  62.0805 254.4437 119.6600 143.4979 200.0586 133.0709  57.4429 267.4833 125.6827  72.1548 225.8973 241.4303  76.5424 122.4480 161.0962 102.1496
133.3225 104.7667 115.6761  83.3150  84.2841  69.3726  94.8363 166.7735  56.7054 120.9292 138.9261 169.6052 155.0777  56.2142 156.7046  60.9745 159.6470 159.9509 120.6054 113.2246 187.8444 184.7472  98.7744  96.6809 109.9578 111.3717 156.8082 210.3966  66.7239 135.2100 203.0643 120.5070 113.5569  97.0003 103.6331 141.4217  37.4162 119.4845 161.9296  81.0484  78.4352 166.5529  56.5109 111.4975 115.7731 143.1299  34.1858  94.9964  84.9670  48.4125
 35.2662  63.2233  17.1237  37.0490  82.3002 104.9314 113.5532 148.9727  50.5643  80.0225 173.3610 119.2906 176.2297  83.4148 141.9754 125.4501 137.3279  57.7115  73.0050  28.9100 163.3357 199.5275  28.6024 151.6664 124.2730  32.9405 165.2134 144.2053 137.3655 122.8083 145.5336 123.5409 112.9570  39.6858 150.3431  21.5857 113.3235  98.3034 117.7156  58.1341 113.3373  53.1686  53.5557 159.3102  13.7013  32.0784 122.2880  82.7007  35.0076 131.7660
239.9659 181.3994 244.0105 213.0796 151.7766 130.8194 111.1262  90.7901 209.2494 166.7598  51.9222 154.5244  29.3704 159.3325  92.0862 134.2375 105.2821 245.4294 176.8277 229.1046  93.8771   5.1530 223.5842 101.8375  95.7868 223.2490  43.8307 177.4793 138.0584 107.4707 160.4279  98.1274 112.2690 209.3152  88.4637 284.6870 228.4902 137.7667 146.4185 184.0626 118.6438 265.8979 202.3451  84.5826 274.5336 258.6316 194.1575 151.7273 215.6697 212.0021
 58.7384  26.6091  51.4410  20.5744  35.8782  65.6013  73.9495 123.4578  33.3189  48.1277 147.5321 101.7423 150.5631  42.0476 114.0502  96.6461 110.7396  81.1946  43.9587  41.0198 142.8722 179.1859  31.1632 124.7066  87.2002  36.8374 137.9177 140.0059 113.3502  89.7861 136.4443  87.4142  74.7663  20.6624 121.1247  87.9807 116.0550  61.6883  96.4958   6.3037  75.0545  91.6819  28.7923 132.2820  76.7888  73.1198 112.1070  38.1407  22.8292 129.0963
227.1662 165.4368 220.9143 180.4260 124.4205  82.8177  84.3959 136.8018 164.1409 162.9650  41.0009 185.0435  70.0013 112.8052 129.0868  59.0481 141.5633 245.3542 171.1250 208.4860 155.6586  98.6661 196.7360  16.3986  82.8132 203.0279  91.4036 226.5983  55.2700 122.6186 210.5501  98.9538 106.9624 184.4307  19.0440 262.9197 155.7200 136.8233 173.9822 154.0750  72.5661 263.2931 157.9562   8.1600 242.5481 245.7860 116.8069 132.0588 183.3811 134.1623
 21.8706  18.0700  26.5259  26.7219  22.5504  29.7401  25.9566  20.0076  31.6484  13.8002  39.1539   6.6259  36.0081  28.9715  19.6714  38.3850  16.8880  18.1059  14.1572  23.5281  21.2002  39.8821  25.4304  40.5191  25.5016  22.6721  30.1314   8.8535  42.3416  18.1556  10.0405  22.4502  20.9567  23.1565  37.8385  32.6169  49.6897  15.8532   8.4528  23.5357  29.9039  22.4572  30.6409  39.9955  35.0606  24.7584  47.0118  20.0530  26.8349  51.3711
112.5702  96.7557  97.7580  77.0285  83.7204  72.7134  91.3269 143.8389  57.2478 109.5282 118.7051 145.7062 132.0606  63.5170 136.5386  61.9462 138.8263 133.0505 108.7362  98.0559 159.1433 153.1869  87.4429  86.1822 102.1086  97.3981 135.0124 175.2895  62.2211 121.0575 170.2064 110.1246 105.2874  88.1044  92.9969 112.2371   6.4973 109.4777 140.2440  79.1636  78.8553 136.0442  58.5873  97.6206  91.7114 117.9724  26.1393  91.3981  77.8825  25.7023
 38.9732  53.4990  18.9250  19.8331  77.9306 109.8500 119.7898 167.7428  46.2397  77.0733 200.1079 132.3663 203.2121  82.1522 158.1646 140.2988 152.5649  70.6746  68.4509  18.0687 187.4810 234.1462   6.5902 173.4348 133.8340  19.7705 188.3321 168.9794 157.3377 132.3343 168.7896 132.7831 118.6865  21.4044 170.5657  56.9387 139.7280  99.8775 129.1200  45.8519 120.6350  74.1013  47.6223 182.6570  47.0608  48.0863 144.9636  78.3287  17.2283 160.3920
 45.7761  39.0960  35.6403  21.8800  37.0393  40.7922  51.0216  83.0625   9.1558  49.6365  82.2601  76.2830  87.4877  27.9863  78.0645  46.8269  77.7016  60.0206  47.7712  35.8519  93.3601 102.5217  28.5886  64.5114  58.8963  35.5819  84.7161  95.7196  52.6027  66.0596  93.6410  61.7730  56.4339  29.9091  65.7665  47.4625  36.0862  54.0370  73.3366  27.4507  46.3888  61.8785  11.6273  70.7105  34.7868  49.5386  40.2921  40.9668  22.2823  46.2577
 44.2140  24.5507  45.4261  35.7500  15.4574  16.3155   7.4124  19.6704  36.5098  20.6434  29.6162  26.4045  27.8742  21.8401  15.9924  28.2363  17.2907  47.1770  23.7655  40.4196  27.3408  37.5572  38.7664  29.6588   5.7954  38.4661  21.9721  40.3760  34.0376   8.6170  36.2043   3.5418   1.8049  33.9300  25.3862  58.9739  54.1148  11.3954  22.9977  25.9821  14.5391  53.6023  34.1424  28.9654  56.1467  50.4132  46.1085  14.7106  36.5663  53.3178
179.2791 132.2847 164.5433 124.5755  97.4465  61.4171  87.6345 168.0069  99.2956 142.9869 114.0811 188.1789 136.2066  68.3465 157.2927  26.9838 164.1493 205.3085 146.2746 157.4901 191.0527 168.5313 142.4825  63.1199 101.0353 153.8254 144.4743 234.1308  26.7967 137.6635 222.6922 116.4737 113.6687 135.6328  74.0950 199.4619  72.0976 130.7765 178.1506 110.0233  65.4050 217.1474  95.8048  80.9494 173.5655 193.7734  36.9899 109.5425 127.0819  58.1362
114.6166  91.9764 103.0854  80.5423  74.2480  56.5983  73.4311 122.4083  62.7647 101.0298  89.7031 131.2844 103.7481  55.0492 115.8405  38.6398 119.4317 132.2250 101.8677 100.9705 136.4137 122.7719  91.2253  58.4271  82.2171  99.4808 109.1425 159.1333  35.4622 103.1700 152.9619  91.0816  88.4608  89.2833  66.1151 120.7039  23.1758  96.5540 125.5375  76.6359  60.3567 137.3811  62.2180  69.3649 102.9075 121.7044   1.0500  81.7455  81.7642  12.9035
 79.0432  54.8830  85.7678  76.7947  50.9301  57.2552  43.6094   8.6433  82.4498  43.2501  59.9002  24.6360  49.4728  64.0963  11.1109  73.9735   6.8694  76.5634  48.0217  77.6415  12.5059  56.3170  78.3008  71.1555  37.2667  74.7847  34.5608  35.8053  81.8377  20.1903  27.5655  29.6108  32.0384  70.9817  63.2729 104.6956 113.8254  32.7635  21.8087  63.3610  54.1680  87.4237  79.0604  66.9305 104.9997  87.9580 101.8789  46.6752  77.7231 112.6734
119.3765  99.6225 146.6316 148.8661 127.6715 170.6021 149.8840 120.3626 178.0751  76.0497 228.9190  42.5629 211.6424 164.6449 117.6793 220.9625 101.7474  97.4145  77.1564 129.4219 128.5482 235.1170 140.8320 234.8599 148.3100 124.5806 178.0187  58.8707 244.0617 106.9129  65.7584 131.0851 121.5432 128.0060 219.7391 181.6069 283.9124  90.7037  52.0903 131.4951 172.1909 122.7115 172.4252 232.5086 196.0902 135.9986 269.3652 113.2475 149.4254 294.4785
164.4993 141.1437 186.8144 185.0574 153.6024 180.1684 156.1596  95.6962 206.1836 117.6588 198.7420  60.5775 176.8362 184.3731 100.7954 218.7486  88.7779 144.4794 122.3360 172.1846  87.1468 185.6597 180.4781 219.0770 147.6891 167.8580 146.9312  17.4723 236.2421 109.2430  25.5676 131.5537 130.5620 168.6413 203.8911 215.7621 286.3602 115.5614  69.0208 166.0706 177.3139 164.2975 200.6436 212.0053 227.8135 177.8531 268.4762 142.0332 185.9003 290.0294
124.5482  77.7609 116.0001  80.9797  45.0372  14.9665  40.5672 113.0094  66.4273  84.9465  92.5615 124.6890 104.2022  24.0042 103.0721  30.9763 107.2655 144.4397  88.5059 106.9311 133.9641 134.3154  95.5887  60.2900  55.2831 102.8370 102.7685 165.3488  48.4020  83.1079 155.8796  66.5888  61.3891  86.6490  60.1836 150.5524  89.4683  73.9360 116.0251  61.6616  23.7966 156.9717  61.0602  70.6265 132.6155 139.1028  67.5787  55.3806  83.4470  87.4350
108.7465  77.3623  91.5432  54.3440  61.0157  61.3546  85.3064 158.9322  27.7249  96.7664 151.1339 152.4504 163.0349  35.2833 147.8908  74.8573 148.6646 137.0230  95.2848  86.9797 181.7795 195.8803  71.5687 112.8697 102.6249  84.4831 158.2989 196.3847  88.9186 122.4322 189.8301 110.5150 100.0596  68.2786 115.1705 123.8605  76.2830  99.8887 144.8561  51.0839  73.4674 145.2198  25.2103 126.0514  99.6081 120.7238  73.0330  71.5965  56.4250  90.4676
 76.9942  56.3853  72.0201  55.9200  41.3145  24.9538  33.4211  63.7559  46.7855  59.2130  37.7001  74.9347  47.2984  31.3844  59.7282   7.5392  63.1096  86.5592  61.1073  68.6023  72.6044  59.7857  62.9414  16.8760  37.4983  66.9306  51.9616  92.9104   1.8028  53.1159  87.8251  44.0822  44.0991  59.5626  22.1045  86.7078  36.9899  52.6279  70.7743  48.6181  24.7582  91.9484  45.0539  24.1531  76.9453  83.2389  22.1274  45.7962  56.9811  29.4613
199.8849 162.0436 223.1663 214.7255 168.7826 193.9982 163.9433  84.7545 235.8061 133.3814 204.6670  65.4649 177.7533 203.4860  92.5649 236.5105  80.3093 181.4823 141.0769 205.0795  71.5777 186.2019 212.2749 232.5593 151.6073 199.3641 143.0468  36.6714 255.8731 107.9454  24.0539 133.0047 134.7036 197.0223 214.2529 260.9101 322.3589 123.3339  71.6346 188.8639 188.8890 205.9219 228.7190 222.7678 270.8434 217.5211 298.2783 156.1491 216.1357 323.5514
100.1388  83.5167  89.0560  70.6800  70.0048  56.9633  71.9102 114.6530  54.7054  92.5151  88.1588 120.1631 100.1648  53.1705 108.8640  43.4072 111.5676 116.1494  92.6655  88.2517 126.9196 116.7661  79.6487  61.0864  79.9653  87.3201 104.3696 144.3403  41.1887  97.2932 139.4413  87.3076  84.4461  79.0199  67.6361 102.5192  10.3225  90.1604 115.3716  69.6278  60.8773 119.6328  54.9691  70.5608  86.3090 105.4307  10.4032  76.4728  71.5748   7.7794
126.0212  82.7665 130.4990 109.6757  64.1012  59.4218  39.1102  27.0084 111.1102  70.6813  52.5578  66.0367  40.4824  76.4322  21.8008  77.9483  31.2501 129.5642  78.2892 118.9152  41.7231  58.3211 116.0073  69.2298  26.2584 114.4784  21.6913  90.7602  87.9970  26.2782  78.9759  21.3624  31.7168 104.9900  57.1267 160.8368 143.9613  49.0027  58.9832  87.7110  52.1304 144.9228 105.7800  62.1550 155.4438 140.0304 122.7073  61.9890 111.4885 138.4667
 22.1448  61.1543  24.9374  50.5724  84.0926 108.4763 111.9173 132.9465  67.7981  71.8085 166.3178  99.3265 165.8557  91.1635 127.7153 130.5398 121.8965  31.3637  64.9608  31.1281 143.7525 185.2096  39.2962 151.5654 119.6614  34.5748 153.2300 116.2371 142.1741 112.2648 119.7404 116.5321 107.1437  45.9398 148.6486  18.2154 127.5260  90.6707  99.7407  64.6135 115.0160  21.7906  69.1816 156.7955  36.0976   9.8241 133.4435  81.7869  48.9236 142.9273
 83.4470  30.9786  82.1399  53.3331   3.9661  41.2903  42.2841  93.5259  57.4238  37.1924 116.9523  84.0403 118.2618  30.5380  83.7157  78.3972  82.2223  98.8486  40.1366  69.5068 113.8015 146.5757  62.7598  99.9396  54.6070  64.4161 105.1216 124.7313  96.1883  59.4261 117.9621  54.7840  42.3778  50.0924  93.7585 119.3400 123.0823  35.3810  76.7072  26.4970  47.9605 113.5439  51.0784 104.9575 109.5874  99.7573 109.9551   9.3984  55.6235 129.0973
 67.7450  12.6528  67.9299  40.9270  43.4866  88.9241  91.9582 142.9583  63.6949  41.0923 187.1594 109.2348 187.3051  64.7823 131.6066 133.1458 125.6480  90.0908  34.7042  50.6854 166.5471 222.3477  45.5170 164.5304 106.1255  43.9823 167.7957 157.1820 155.2779 101.3623 153.2705 102.8572  86.2950  28.1814 157.5574 115.3563 168.0656  63.6543 103.2376  19.5920  98.8939 106.9739  58.0303 171.8299 107.8673  88.4534 160.5086  39.8358  42.8437 182.9797
 11.5207  52.6037  15.8032  41.3553  84.9694 120.4550 124.9851 159.1377  69.1551  70.2555 203.1754 116.5376 202.8852  96.4534 150.9622 153.4645 143.6211  42.1911  60.5966  10.1226 176.1117 231.0959  25.0362 182.5674 136.3396  14.0526 185.4961 147.1384 170.6953 127.7329 149.2702 132.4243 118.8519  30.9305 177.9730  48.5044 159.5829  96.3239 115.3410  57.4876 129.6188  45.8324  69.4417 189.6941  54.7212  23.9344 163.2431  81.8296  39.4877 178.7128
 69.4735  51.2109  78.5627  73.8449  54.1891  66.3222  54.1971  27.7812  82.6510  38.8804  77.8941  10.4041  68.3105  69.2775  28.7104  85.4919  22.0780  63.6300  42.4064  70.6400  28.5691  75.5288  73.2006  86.1266  50.1330  68.0638  53.5212  17.8352  94.2547  30.8682  11.1548  42.0760  41.4000  66.4729  78.7219  95.7125 120.3164  34.7797  12.2987  62.5402  64.7806  74.4428  79.6092  83.0761  98.8213  77.6091 110.6950  48.6616  74.4941 121.5015
207.4694 166.3248 178.1056 128.1712 137.0879 117.6713 157.8174 271.5560  85.1544 193.5358 231.2523 272.5826 256.3080  93.3523 255.4799 107.5645 259.4537 250.6902 192.1688 175.4649 305.1105 303.6590 152.3123 164.5469 182.2321 172.9850 257.9965 337.2584 117.1371 220.5889 326.3061 198.2428 186.3529 150.9227 175.2102 217.1921  57.8178 193.5978 260.7258 128.0837 132.7442 260.0121  86.0295 187.9617 175.5591 222.0584  62.1898 153.7903 130.5631  81.7211
141.5279 116.5368 127.9757 102.8760  96.3803  75.5887  94.2913 149.3434  82.4339 126.7969 107.9072 160.7724 124.8672  74.6749 142.0147  52.9432 146.4407 161.7552 127.7700 126.0195 165.0458 145.6820 114.8950  72.2980 103.7804 124.4610 132.4807 192.2977  46.6804 128.1878 185.1245 114.1267 111.6303 113.0628  82.0197 146.9542  27.6740 121.4215 154.1971  99.0703  79.2922 167.2618  82.1119  84.6511 126.2143 149.2167  13.3826 104.8728 104.2004   6.5665
 44.3600  41.6861  54.6166  57.5196  52.4355  67.5328  60.4915  48.6072  68.2590  34.3874  87.3348  22.0966  80.9778  65.0496  48.1769  84.9250  42.5682  34.5036  34.2177  49.2549  50.2347  88.4816  53.9356  89.7787  59.8719  47.8979  69.1469  20.2684  92.9088  45.3282  25.0667  53.8491  50.6857  50.1483  84.5243  64.8680 105.6307  40.0731  25.8954  52.7140  68.1601  42.4185  66.5065  88.8921  71.3726  49.0209 101.1453  47.4982  57.5806 109.7211
205.6800 125.6266 218.8261 184.8981 102.5793 116.8277  77.2953  44.1000 196.0153  97.0384 145.7518  84.0262 124.9657 138.0461  28.5652 167.0952  30.1995 208.4190 112.0137 195.5197  76.8830 158.0086 193.2701 164.8574  60.9091 186.9016  86.8254 138.3368 191.1506  10.1741 117.7083  37.5545  43.4818 171.5589 143.2633 276.7205 281.9084  57.3242  69.6817 143.4475 108.3135 238.9485 185.8503 156.3094 271.3177 232.7500 247.1052  92.7718 188.0259 278.6233
153.1174 107.1910 149.9922 121.1862  77.6654  49.4398  46.6817  84.3303 111.5949 104.0395  26.3189 118.8308  42.6718  72.5511  78.3694  41.5966  87.2752 165.1695 110.3244 140.2465  98.7931  66.9019 132.4342  18.2024  44.3193 136.0814  53.8036 149.2486  44.7614  73.2011 137.6026  55.9472  62.1312 122.8159   5.3639 181.3011 115.9562  84.2581 110.7519 100.7054  40.7509 178.8121 106.6963  10.8566 167.9484 167.0585  88.7233  82.4147 123.3521 103.1728
 54.2040  39.3721  54.3570  45.9589  30.9731  24.2092  20.4497  22.8268  44.1346  36.7567   3.7952  37.1467   3.2737  31.5601  21.9738  23.9523  25.3218  56.6687  39.1164  50.8687  25.8006  10.2686  49.0066  15.8278  17.4026  49.4499  10.1320  44.9623  24.8346  23.4148  40.8719  19.3815  22.5882  45.6171  12.4317  64.4884  47.4767  29.6515  34.7845  38.9219  21.1583  61.4847  42.4658  11.5802  61.1987  58.8069  38.8563  31.5695  46.6293  43.3212
 99.5085  35.3329  97.9415  62.9106   7.7316  53.2523  54.7947 116.4830  68.9262  44.2413 146.4488 103.0120 147.9533  38.5798 104.5137  98.5115 102.3200 118.6115  47.2901  82.3943 141.2265 182.6326  74.2225 125.4048  69.7881  76.1405 131.5967 152.8155 120.3183  74.6612 144.8494  69.6647  54.3069  58.6124 117.9291 143.6121 151.4409  44.1489  94.2300  29.9457  61.6570 136.5263  61.2132 131.6770 131.8853 119.5124 136.0771  11.9534  65.6938 159.4455
 32.1539  27.3681  27.5522  21.0477  23.6381  20.9060  26.6688  42.9489  14.8699  31.4748  36.4552  42.9419  40.3040  17.4637  40.6533  18.6524  41.2244  38.5516  31.1514  27.6163  47.7419  47.0106  24.2994  26.5797  30.1332  27.4104  40.8067  52.1504  19.3685  35.6727  50.6583  32.4654  30.7826  24.5213  28.4074  32.2503   5.0289  31.7358  41.2836  21.8578  22.9965  39.5008  15.3170  30.0566  25.9197  33.8705   9.2224  25.9887  21.3122  10.3368
 70.3684  16.1906  74.4849  53.2823  23.5153  60.5400  55.8978  90.3889  66.2379  17.6000 130.0533  68.8727 127.8592  50.0054  81.4238  98.2634  76.9749  81.6058  20.0381  60.2535 109.1435 154.5498  57.6853 117.8038  64.6523  54.8325 111.0120 108.6114 116.0860  57.6853 103.5237  60.1635  47.1791  44.0396 110.2736 111.4931 140.4746  28.0670  62.8022  29.5177  65.8182  97.8038  60.6390 121.3349 106.7315  87.3602 129.3405  14.4682  55.0409 148.2116
156.7837  96.7762 163.1736 135.0012  72.3969  72.2154  43.1023  39.5071 138.6001  80.0351  85.1036  79.3777  72.3749  92.4615  28.6553 103.9675  37.3781 162.1367  90.5656 147.0145  63.1051  98.9435 143.2799  99.0581  27.6089 140.8479  48.2681 117.9539 120.0690  20.2021 102.7816  14.0801  26.8200 127.9184  83.2890 205.2518 190.8542  49.8711  69.0163 104.5765  63.9868 183.3116 131.2071  92.3110 198.3031 176.2413 163.6341  68.5114 137.4648 185.9477
130.5604  53.4323 138.6885 106.6873  39.6232  80.9366  61.8999 101.8073 120.4276  35.7327 165.0918  85.1092 158.4646  80.2664  88.3994 136.5365  83.2744 141.5464  47.8344 117.7848 129.9551 195.9790 114.3386 156.1630  68.9516 109.8831 131.9433 144.6191 162.1172  53.5357 133.4711  58.7973  40.4772  94.4997 142.2716 192.3330 216.3351  12.6592  73.6174  69.5461  83.4679 167.1616 111.5291 157.7584 185.5826 155.4518 193.6423  25.5038 109.4718 222.1104
119.4723 119.4723 119.4723 119.4723 119.4723 119.4723 119.4723 119.4723 119.4723 119.4723 119.4723 119.4723 119.4723 119.4723 119.4723 119.4723 119.4723 119.4723 119.4723 119.4723 119.4723 119.4723 119.4723 119.4723 119.4723 119.4723 119.4723 119.4723 119.4723 119.4723 119.4723 119.4723 119.4723 119.4723 119.4723 119.4723 119.4723 119.4723 119.4723 119.4723 119.4723 119.4723 119.4723 119.4723 119.4723 119.4723 119.4723 119.4723 119.4723 119.4723


5.0438 6.5632 5.4794 6.2280 6.3280
3.1901 4.8469 3.6402 4.5537 6.3280
5.0647 6.8468 5.4227 5.9406 6.3280
4.0426 6.0607 4.3332 4.7404 6.3280
2.1452 4.1912 2.5136 3.3714 6.3280
1.5240 3.9889 1.5787 2.0948 6.3280
0.8425 3.1661 1.2209 2.4703 6.3280
2.1536 1.4327 2.7045 4.4557 6.3280
3.9106 6.1691 4.0704 4.1478 6.3280
2.9150 4.2374 3.4522 4.6333 6.3280
1.7920 2.6495 1.3497 2.0831 6.3280
3.3565 3.4233 3.9876 5.5706 6.3280
1.7745 1.7838 1.6288 2.8702 6.3280
2.3647 4.7296 2.4988 2.8086 6.3280
1.8670 1.6200 2.4441 4.1865 6.3280
2.1649 4.5823 1.7905 0.9943 6.3280
2.1704 1.9539 2.7746 4.4953 6.3280
5.3910 6.5532 5.8982 6.8615 6.3280
3.1948 4.5576 3.7141 4.8226 6.3280
4.6243 6.3496 5.0102 5.6352 6.3280
2.8110 1.3243 3.3203 5.0701 6.3280
2.7685 1.7713 2.6551 3.7516 6.3280
4.4023 6.2817 4.7405 5.2464 6.3280
1.9225 3.9151 1.3120 0.5267 6.3280
0.4626 2.6254 1.0501 2.6230 6.3280
4.4465 6.1647 4.8388 5.4938 6.3280
1.5278 1.0774 1.7349 3.3541 6.3280
4.5754 3.9627 5.2011 6.8601 6.3280
2.5950 4.8984 2.1185 0.6902 6.3280
1.5571 2.3590 2.1883 3.8270 6.3280
4.1304 3.4289 4.7497 6.4364 6.3280
0.8754 2.4181 1.5043 3.1261 6.3280
1.1682 2.8239 1.7586 3.2376 6.3280
3.9723 5.8173 4.3350 4.9428 6.3280
1.4612 3.4075 0.8330 1.0226 6.3280
6.3334 8.0914 6.6787 7.0979 6.3280
4.9551 7.4477 4.7053 3.5819 6.3280
2.0664 3.3861 2.6432 4.0037 6.3280
3.0375 3.2192 3.6684 5.2512 6.3280
3.1478 5.1514 3.4769 4.0837 6.3280
1.1700 3.6583 1.1975 1.9253 6.3280
5.9756 7.2220 6.4584 7.3206 6.3280
3.6933 5.9470 3.8629 3.9938 6.3280
1.7608 3.4685 1.1322 1.0579 6.3280
5.9593 7.9460 6.2240 6.4255 6.3280
5.6175 7.1408 6.0422 6.7312 6.3280
4.0391 6.4951 3.7091 2.4525 6.3280
2.2115 4.0633 2.6534 3.6604 6.3280
4.1250 6.1328 4.4179 4.8235 6.3280
4.6914 7.1278 4.3332 2.9478 6.3280