25 10 5


29 32 22 19 33 32 28 24 16 21 23 26 15 7 32 5 22 32 7 23 34 7 33 14 10
1217 791 548 1142 1150 1028 943 1255 529 1311
1112 3054 1206 1727 3212


260.1856 309.7048 317.8392  92.5768  79.2231 163.8071  86.5644 194.4674 317.6930 221.7501
354.0328 273.2779 260.8385 249.4615 188.9664 162.6737 115.7188 310.2002 268.9493 306.9541
156.6341   5.2293  24.0807 209.2343 178.5099 106.7680 171.8508 173.2965  15.1049 140.9761
109.0701 172.5528 184.2060  10.4931  30.9863  86.6700  74.3055  64.3593 181.3680  86.3278
311.8847 147.5085 125.3622 296.9019 234.0763 134.8748 185.7973 300.0027 136.6216 271.0875
151.7060  75.7502 110.6451 247.9783 214.3821 127.0888 225.6908 179.5271  98.1691 130.0831
283.0396 259.4499 256.8237 162.7482 115.7267 132.7785  56.0175 233.6311 260.8213 241.5986
200.9547 202.4122 205.5422  99.1316  56.1456  84.2154  10.1710 156.9983 206.7928 165.6920
 11.9144 110.8829 127.9476  86.5779  90.5601  86.9835 118.1664  28.7163 122.0313  12.8718
165.9384 111.7555 109.8398 134.0846  93.4755  39.3827  64.4413 146.9763 112.5265 136.3626
187.7234  98.8478  92.5163 173.2053 130.1178  59.6179 101.4115 175.7617  96.9160 157.7688
153.4564  34.8371  60.1410 216.8277 183.4668 102.8224 182.6470 171.3471  51.1427 133.3820
102.9395  10.6595  20.5232 135.3537 114.0983  65.0834 109.5260 112.3948  16.3087  91.0464
 19.4116  35.3833  42.0392  36.7199  32.6961  23.5114  40.8091  20.0289  39.8548  10.6788
216.9602  29.5823  48.2511 282.4717 236.7388 131.9906 226.7735 235.1946  40.6853 190.4073
 24.2463  25.5306  28.4641  22.7634  16.1012   6.1337  18.7883  19.8930  27.7230  17.0433
184.3281  77.1501  66.9971 185.3024 145.3807  74.0561 120.5361 179.5249  72.5723 158.0929
249.6617 166.5931 164.1428 204.1349 142.6141  57.3452 100.3051 221.6697 168.0305 204.7685
 36.9699  59.6947  64.1390   7.8450  10.8183  28.7401  26.7950  20.9750  63.0207  28.2170
208.9905 167.4760 164.1707 139.9882  94.8172  73.1306  45.3403 177.5019 167.7842 175.0628
398.9940 284.2817 265.1793 304.7790 238.9085 192.9119 162.5300 359.4527 275.9280 349.9902
 12.9925  46.7448  53.5712  31.3160  31.9252  31.2424  43.9100   8.9329  51.3204   3.5562
197.8338 110.2679 122.9997 215.9564 164.8316  55.7856 155.5312 190.3208 120.3899 157.2120
103.8473 146.3151 153.2953  18.3960  31.5124  78.7338  55.2383  70.3374 151.9310  87.4609
 26.2231  26.2231  26.2231  26.2231  26.2231  26.2231  26.2231  26.2231  26.2231  26.2231

4.9288 4.4389 4.3434 1.7642 6.0809
6.2800 7.0130 6.9323 4.2500 6.0809
6.6040 7.4712 7.3970 4.9694 6.0809
1.5225 0.2124 0.2997 3.6648 6.0809
0.1257 1.3433 1.3351 3.4041 6.0809
2.5881 3.6098 3.5520 2.7825 6.0809
1.6494 3.0287 3.0360 4.4442 6.0809
3.3707 2.6537 2.5617 1.6872 6.0809
6.5497 7.3603 7.2831 4.7332 6.0809
3.8821 3.5652 3.4669 0.7235 6.0809