100 50 10


15 5 14 13 31 33 8 22 32 28 24 13 16 13 6 7 19 9 7 25 34 8 16 14 7 15 14 14 34 11 30 9 9 10 23 8 27 8 22 20 14 12 12 27 14 5 9 19 18 22 17 33 31 5 23 23 35 16 25 13 30 29 25 25 26 6 15 18 15 14 22 30 7 13 28 14 19 33 5 33 9 31 19 7 25 23 5 29 33 18 20 10 6 14 29 5 35 24 6 11 
424 1452 377 1052 1208 998 1454 1163 308 415 858 1078 903 1433 1159 456 447 525 1279 483 408 1119 928 571 808 1041 615 468 1000 669 841 500 381 543 1085 303 591 515 857 1146 1380 1403 684 1058 615 350 649 360 530 543 
1244 1647 4125 2114 2931 4043 3962 1595 1716 3151 


241.4707 337.0123 242.9816 333.4590 136.0789  95.1537 240.9768  76.3979 428.4136 215.3822 132.9681 108.5793 185.0604  27.9393 353.2809 208.4853  80.0201 172.8022 240.8876 288.7562 118.1070  96.2655   3.9823 414.9983 238.9218 337.7388 112.9516 305.9987 344.5575 178.2813 380.4850 408.6641 260.9419 118.8497 221.0862 256.1658 343.8180 436.7009 272.3381 120.0000  58.7713 268.0214 330.0347 166.8210 446.9885 246.0906 210.7567 381.6956 207.2155  97.7089 
319.8937 372.6833 393.7793 271.0007 300.8880 400.1920 130.0097 180.6550 148.6628 328.6022 256.3498 272.9580 271.4709 217.0599 287.0976  74.0085 274.0381 263.1174  54.6425 403.0792 378.3234 145.5456  36.0429 364.3281 215.1420 309.2491 310.3834 380.5881 140.1256 312.0670 442.9866 135.1102 285.9711  33.0172 404.5663 404.3107 352.2674 436.0793 287.7794 417.3413  36.0709 179.1726 437.8018 122.8355 145.2375  20.1056  33.9511 127.8179 154.0000 372.9891 
230.8310 416.9104 210.9747 414.2154 240.0772 349.5357 322.0016  70.9057 416.1029  72.0036 291.0292  65.3020 336.2135 100.8007 432.4899 198.9892 223.9841 263.5775  67.2941 426.1318 392.1854 370.8524 196.0029 381.9979 265.5225 198.9999  72.3916 135.0000 412.4852 347.5294  83.8501  83.5549 213.3813 174.0999  53.8782 311.2153  80.2964 372.9830 185.8276 143.3363 442.9432  51.7999  94.5275 135.9941 166.4617 349.6111 171.3822 177.6760 264.5470 380.6420 
354.1580 379.9972 395.4292 449.9336  88.0496 371.9781  42.2079  50.1455 277.6050  82.9993  72.9608 365.4954 179.7562 317.8678 350.2663   9.3408  95.7325 101.6566  45.9919 366.1244 416.0771  57.1387 408.9214  81.4271 311.9819 217.3121  18.3048 328.5657 168.3570  78.2865 150.5900 441.4120 424.1345 403.9832 266.9909 219.3504  53.0060 220.7043 416.7023  73.2795  99.0346 349.0234  93.8163   5.7462 297.1394 369.1345 437.3465  72.7642 168.4927 434.0789 
362.9342 110.1960  19.2164 265.9293 322.9989 442.4063 373.1174 354.1921 247.7901 395.0029  80.0109  30.1829 217.9965 161.9196 372.9847 303.9824 118.2843  94.4054  81.0756 188.1341 334.2138 183.1873  41.1394   7.6706  18.4132 250.9926  27.0554 379.8145  82.2614 330.0864 376.0957 226.9046 172.7693 271.8928 426.9003   8.6208  41.1734 247.1736 349.6229 326.5093 407.2899 445.4139 407.5335  59.9865   2.6511  42.0232  21.1526 272.4550 374.8664 294.7568 
433.8269 423.0844  80.6370 403.5856 429.2903 356.5363  31.0802 186.2120 284.0891 181.3324 346.2307 317.0028 268.0000 374.4889  73.5810 428.3547 269.0008 270.8319 389.9276 138.5041 365.9167  95.1948 322.9053 309.8734 277.0339   5.9545   4.0621 331.5869 118.1435 317.8495  82.4431  42.2367 198.3556 204.5551 403.9531 203.0009 335.9324 101.9752  44.5087 266.6512  42.9050  74.0280 308.5170  84.8066 312.0094 364.9976 267.7500 181.0632 164.9305 130.0369 
 38.9924  48.9862  37.9517 256.1948 243.6424 244.9980 350.9994 344.0028 295.6141 268.5730 123.4289 262.4637 358.0880  12.1526 167.0386  51.1494 149.7329 139.4118  80.2441  13.0012 401.7186  23.5945 304.9334 260.0339 214.3052 146.8305 348.6037 359.5275 367.8307  11.1366 381.7553 202.1229 181.9047 172.0362 229.3736 403.0879 279.0422 328.9992 124.9992 389.3112 147.9668 377.7850  42.2858 116.7044  88.5868 327.8391 415.5949 386.9434  69.1516  46.2558 
172.5706 145.4054 403.0089 446.7372  41.6210 425.5484  40.0598  22.4973 191.9135 375.9277 416.2261 417.0120 264.4564  99.3059 308.6626  72.0076 272.0239 232.0691  66.2895 368.1996 341.3354  82.0582 324.7440 351.7998  74.4601 234.3919 389.6062 310.1232 135.2799 212.0219 443.6629 398.7738 115.3685  82.0670 393.9544   3.9046 173.0248  37.4124  30.9818 225.8431 126.9927 330.7216 352.4838 162.7224  84.9046 270.5058 422.3635 313.6415  46.7454 321.8454 
 42.9786 198.0050 417.7114 167.9983  99.2669 349.5122 142.8015 175.6038 228.7609  85.3282 383.0160 405.9769 222.6626 213.9426 250.0161 163.8225 202.9882 212.1087 288.9894 210.3931 161.4612 278.9997 254.0016  37.3921  54.1828 113.9125  88.0028 327.9261  18.9723  87.8979 151.9706 279.7119 212.9701 158.1359 116.0000 215.1280  75.0953  62.9689 157.6979 129.9267 189.5513 322.6025  68.6444  50.1585 135.0044 415.1504 450.3940 422.7946 176.2608 442.0603 
238.7959 250.0631 148.7267 324.5010  45.0001 230.2616 201.7014 380.5412 178.3532 433.1224 201.3386 328.8409 181.0406 156.5929 316.5858 161.2465 440.1991 441.0094 219.0861  98.9176  47.0000 188.4821 140.0022 164.1259 448.0629 389.3573 401.9237 105.4033 400.1772  13.2797 147.5828 415.4060  64.0159 372.8836 416.8128 252.8497  51.9661 111.7617  11.0933 117.4580  66.2286 122.5610 259.1322 229.0094 205.7820  95.9917 156.0610  97.3420  14.6080  51.3449 
438.7960  67.0008  85.5952 256.8891 298.9507 366.4971 147.0202 142.9920 317.6506  41.0074 343.6616  75.1610 293.4778  27.1675 148.2251 330.3134 392.0000 210.6025 107.4192 207.6034 165.0060 254.9118  23.4433   4.8807 322.4202 355.6111 267.9120 220.4258 373.1140 331.5742 374.1537 441.1178 332.7324 210.3131 203.2817 179.6348  80.1258  67.2092 424.0699  14.5180 347.7947 225.4618 336.9977 291.4213 244.6968 352.8072 164.2982  55.7391 423.8082  82.5717 
395.9121  87.6890 172.9025 386.6883 215.9822 428.3869 124.4024 267.8152  65.2427 149.8257 237.9726 219.0201 305.2202 370.1131 418.6799 135.5193 307.9173 394.7438 437.7307  27.8723 271.8406  79.9800 157.2340 313.5870 165.5171 167.5968  97.0105 141.3827 332.7382 116.3836 385.8734 100.0117 306.9711 280.6549 256.1771 181.9511 253.1315 290.4775 242.9785 242.0554 381.9131 375.9963 385.8433 209.8984 198.2538 130.9726  54.5874   2.0072 243.3484 378.2604 
 53.3550 282.9700 125.0153 144.9236 129.9840  57.8608  53.2976 124.9588 299.7503 181.7608 320.8407 367.1164 172.0165  67.0042 102.0638 275.5579  91.3998  53.9787  62.3045 388.5971 415.9786  48.9468  95.4540 141.6047   8.0524  25.0054 268.8518 113.9977 289.9360 402.0002 369.8569 403.4566 331.6628 157.6644 168.2169 358.2499  11.8061  98.9704  76.5075 113.5309 211.5309 288.7339 437.9515  22.4215 398.7220 133.9999 356.8879 151.3240 274.7134 115.2899 
234.3551 151.2019 398.6466  46.9475  72.5136  27.0905 360.6055 198.1769  91.0043 162.8073 193.3723 226.6876 165.9402 194.3450 318.5674 306.8512 184.1403  82.4928 104.6211 186.3153   3.1104 269.9936  31.9005  97.4264 350.9724   1.2369 304.9024 261.9645 435.4393  87.3692 395.1724 417.9510 322.4808 211.6229 219.1717 163.0198   8.4178  95.1979 178.0952 370.9746 168.0009 222.9374 120.9747 269.4226 353.1479 309.9833 149.9420 339.0359 269.2943 286.3650 
155.8852 430.3217 442.4465 300.5535 190.2160 416.0642 444.2093 256.9956 419.2046 156.8319 174.2484 372.8111 313.9487  89.4579 308.0000  81.4967 168.1432 145.0003 237.0007  22.9066 103.6644 251.9972 238.8505 133.9583 124.3296  36.8863  47.7497 387.2618 142.8977  94.9931  45.8150 409.9390  96.2038 299.8009 263.4178  56.6355 434.5023 425.8807 144.0340 353.1051 356.6368  64.4030 126.7265 200.4464 437.0806  82.8521 278.7390 392.1876 264.1717 375.3205 
172.3466 319.6694 303.4275 385.8542 352.2192 291.1147 188.9463 321.0616 338.0250 254.5132 432.9998  77.2056 222.0318 357.0138 126.5822 346.7952  74.8224 140.0028 210.4131  28.2192   1.8258 328.9504 356.9983 304.7051 290.3539 106.0796  91.2189  58.9767 210.6442 125.4356 434.4214 227.0698 141.6693  52.8862 152.0268 399.4923 167.1262  88.4178 283.1959  97.2962 338.8940 449.9017  68.8781  45.0034 341.1348 185.6302 175.0107 243.2497 383.8280 242.1322 
328.7231 213.3191 420.0251 198.5825 317.0036 145.2307 236.5225 190.1034 221.0947 434.2707 192.2678  74.1721 169.8359   4.9769 295.6154  60.1478 270.5308  22.0200 183.6965 448.4898 395.0432 325.4699 239.6710 265.9612   2.1937 222.2424 293.8270 247.0180 279.0299 262.7023 240.0274 312.9370  71.5637 428.3295 357.2819 447.2153  33.1125 268.1821 250.9583 282.0815 151.0259 422.9999 204.7104  39.4592 206.1358 429.0275 147.9995 226.1173 312.3168 147.2838 
427.9477 232.4482 126.0160 263.9582 136.3555 158.0911 184.8765 279.4847  69.6627 436.0443  84.0021 239.9578 441.4966 323.7844 252.0216 394.0407 377.9195  28.0896  12.9958 189.8122 147.7302 199.4283   7.6587  71.0362 329.8320 283.8024 123.9442  86.9508 296.9128 243.0384  83.3113 135.4426 209.4073 368.8938 283.7911  50.7284 220.5120  35.4144 298.0006 358.9562 377.2124   1.0967 154.8389 198.7896 120.8967 306.4203 234.5726 381.4139 421.9037 126.0993 
417.0043 425.0380 135.5311 306.9814 296.9447 313.4718 102.4021 235.4045 289.8416 150.7105 254.9999 239.7282 223.0232 347.2485  13.8819 163.7191  12.2201 298.9133  52.4916 355.0342 295.2443 132.6000 309.9546  19.6366 423.0084 422.5622  69.9848 155.0773  12.1620 107.2113 444.7181  55.3216 327.3101  45.0020  25.0015 252.6675 248.4777 298.1483 136.1067 245.7838 198.4206  21.3369 253.5611 276.0130 370.8174 225.6872 413.9838  13.9848 204.8003 165.8543 
196.3455  41.2093 225.7368 437.2277 205.0117 111.9937 107.5641 120.7395 159.8000 353.8516 134.9405 289.0432  13.0243  21.2003 435.5479 381.0904  24.0252 405.7657 167.9981 137.1384 251.1384  23.9638 139.0063 426.2134 174.6299 400.1050 426.2387 131.7113  90.7916 291.9586 376.4851 258.1628 372.3161   3.7742  42.9227 251.5700  57.7204 166.8895  37.1340  30.6033  80.0914  51.7735  64.3718 116.0362 352.4836 322.9610 352.6695 218.8168 316.2265  48.1492 
382.0147 247.1740 161.1149   3.9049 219.9660 396.8180 247.9989 389.3121 398.4190 325.0698  72.2425 122.8067  66.0017 354.7071 329.9388  62.2889 325.0596 330.7220 124.2982 336.9947 409.0311 334.8054 440.0884  22.3763 148.5126  22.0549 211.0456 176.5013  74.3969 438.5313 285.3538  76.8690 303.3043 293.0190 383.9966 266.9593 196.6839 125.6287 355.5213 204.9977 192.9824 352.6883 390.8728   5.4818 144.0694  76.0251 439.4479 226.3315  44.7105 425.3316 
399.9293 265.8816 259.4417 340.3615 107.5885 320.6800 297.7555  10.0955 445.8940 420.5668 277.0700 108.8851 117.4617  58.2297 418.0391 322.0000 384.5670  54.4283 173.0133  76.4567 277.6880  71.0059 343.5749  21.6444 352.0028 128.1222 226.9981 386.0004  83.0409 404.6429 317.9919 233.5085 317.1691 188.3402 151.0103 152.0212 142.9363 365.9789 159.0029 432.2724  12.2203 187.8005 140.0009 279.6634 179.8658 442.6148  57.9978 366.9608 229.7109 350.9989 
361.1441 364.1694 344.4063 408.3235 142.9926 146.5732 359.5580 169.6581 202.2474 255.7785 170.4759  70.2340  28.2561 239.0043 244.9988 361.1723 100.5227  60.5658 229.0462 373.9979 182.3901 190.9955 377.4135 396.5435 174.1356  15.0735  41.0323  61.1500 159.6586  23.4481  85.0912 152.6946 415.3245 182.8411 338.3651  86.0860 209.8075  83.2524 168.7219 235.9907 221.0167 112.7037 442.0000  29.0738 291.1260 384.0709 148.5150 324.1276 138.6851 166.5929 
 81.1038  50.4408 179.4370 368.9831 130.4130 262.9816  89.8253 204.7276  71.4628 179.0771  51.6528 309.4297 220.3319 156.0880  95.7497  95.7806 142.9504 339.1771 448.4430 278.6601 260.2158  88.0044  90.6912 196.6655  11.9087 291.9213  79.9562 175.5978 389.5638  48.0990 364.9947 389.6345 363.9642  67.8609  60.0738 237.7629 123.0740  88.0151 315.4644 361.7731   5.8451 449.1182 145.3313 287.8498 430.8968 261.0006 404.9768  33.1691  65.1086 209.4858 
334.2534  92.1070 314.1318 122.0052 326.2454 116.0804 133.1671 230.6179 422.8121 370.3232 328.9831 340.8777 359.2108 220.3300 418.5870 210.0000   9.9374  65.0548 296.4106 442.0001 279.2554 269.9085  44.8871 334.2039 296.5446  71.4050  84.0027 345.1666 201.1296 190.1567 357.1187  26.2814 302.1524 336.0134 278.8786 177.0279 448.9930  33.3127 126.9595 303.1922 370.7363 188.0537 119.4740 271.3853 138.6967 114.8502 302.8224 165.5404  19.8859  23.4060 
235.7554 278.4914 323.7457 178.0011   4.2031 100.0359  15.0705 163.9457 330.4505 140.4503  43.9487 210.7711 350.1822  16.6718 360.9985   3.3770 442.6113 199.0952  76.4871 168.9865 425.8281 334.3898 428.2795 221.0001 305.7976 361.3568 267.6711   5.3644 170.2035 252.3978 190.9325  11.8694 325.0002 242.0259 243.4132 322.0258 175.4190  30.5307  60.0129  58.8829  89.3947  58.2008 136.5957 128.1180   8.4393  61.1166 327.7958 355.2034 305.2037 112.9456 
 81.0000  66.4561  60.0299 413.8063  94.7473 225.0054 145.4656 336.5230 147.0000 351.9705 328.0741  76.5723 149.9806 115.9956 240.2722 273.3394 386.0317 135.9197 204.5327 306.7112  24.0005  54.7580 422.3635 364.3724 219.0062 118.9937 378.3049 101.8050 373.1525 299.6952 447.7810 226.7442 362.9472 402.9894 127.7686 281.1072  35.7563 342.8681 262.4143 350.7350 139.4054 270.9883 400.0440  39.8612 444.2696 155.7657 114.0230 402.9993 259.1097 133.2134 
 12.2542 396.7382  50.0052 382.2095 412.0346 323.8327 420.2491 130.3937 157.7861  19.7509 322.5340 200.0131  76.7549  18.8313 444.2446 433.1050 264.1405  32.6848 402.4842 325.3752 281.4357 289.6470  11.0021 419.5969  74.3377 192.6634 170.9231 381.0570 236.0756 115.3849 127.8556 283.6297 151.6850 396.8783 181.3995 442.6512 228.2136 362.0323 310.8407 259.9750 226.0124  39.1933  97.5007 400.4424 143.7680 328.2538 106.4342 219.3565 136.3174 384.1181 
230.8320 234.2744  12.9450 144.0228 412.0414 166.4375 124.3879 327.1886 410.1088  82.4840 377.9679 433.0901 314.7988 286.3994  87.1098 306.0976 275.1568  18.1071 136.0280 281.5496 263.0042 331.3882 185.2983 128.9997 217.9933 359.4187 304.4121  20.0976 343.8078 369.6426 285.4920 370.1939 117.5408 356.6847 345.9399 172.9996 373.3173 168.9949 152.2790 291.0061 259.8929 407.4637 205.5142 384.9125 268.0542  25.0095 292.4365 310.7258 370.3695 302.2811 
303.5090 426.6632 384.4258 113.6345 263.9642 426.0083 156.9959 421.0159 243.5802  18.8651 117.5682 206.9744   5.6450 422.7038 204.3203 381.0367 268.3825 159.1769 174.0051 445.3478 319.6005 161.0907 263.7972 194.2788 394.2172  92.7512 314.4361 101.6363 314.2484 321.3100 167.8511 345.0378 260.4210  62.9045 267.7995 417.9864 339.0250 165.9722 347.7121 417.6648 436.3226  81.0294  51.3887 256.0033 285.4123  18.9779 149.2558 432.3774 228.9721 195.0537 
402.7691  20.5239 394.0369 234.7798  50.0017 144.7451 244.9965 304.0233 349.8738  29.8220 258.5182 359.6213 151.5566 196.6813 172.0063 150.4900 183.9936 270.9556 115.7165 388.7388 268.3550 235.9963 113.4015 319.0868 380.8279 128.0069 259.2733 332.4399 291.5161 286.9617 397.6243 435.2147  67.9839 425.1781 167.1479 299.4872 253.4658  76.3398 429.6891 242.1417 166.9940 327.9564 408.5430  53.2154 103.3917 334.0632 228.1755 239.9805 256.1797 320.2368 
 85.6287 156.9988 272.8862 239.1358 201.0584 410.0984 375.9140 149.6074 180.5345 105.3684 215.4246 427.0410  32.8567 318.1177   3.5808 438.4265 146.9995 411.7098 252.0974  75.8240 250.0356 287.1928 275.1420  60.6880 415.0791 403.2045 145.0459 443.7654 305.2714  25.3861 227.9764 413.4677 315.6014 230.0020  76.0000 323.8077  14.3442  10.0081 269.2865 207.4132  81.5282 430.3885  54.4120 265.2153 209.2872 283.6802 243.0907 243.4870 117.4635  71.2302 
392.2104  46.4680 379.0338 109.9333 305.5902 199.1997 281.3497 426.0348 422.8981 104.7556 305.8608 408.7898 218.2837  93.5723 401.6833 410.0420 242.0001 313.8059 399.8281 149.0298 401.9991 262.8147  51.8848  42.1186 124.7820 372.8949 102.2778 301.2679 352.9837  47.8601 140.4269 232.2591  53.4496  71.9824 405.8318  90.2597 318.7364 177.9227 107.6620 303.5752  74.9420 263.0103 311.0256 180.9458 339.2773 394.0250 409.9702 102.8852 118.8230 187.3165 
133.9416  35.7138 307.1768 209.1038 286.0953 120.1218 110.0131 439.0899 421.0196 279.7643 445.9978 115.3238 167.9798 317.1104 399.2625 138.1482 345.0198 268.4066 108.4469 304.2668  99.8359 318.9462 310.0106 422.9987 222.0044 243.9877 429.9880 406.0354 386.0633 255.5292 431.8224 223.7216 226.4560 326.4978 403.5863   0.9366 344.7951 220.5324 414.9098 221.2417 255.0623 104.0580  85.3489 125.2910 171.3139 378.7582  74.0722 249.7606 237.0002 208.6194 
102.1060 307.9972  70.9745 285.9903 109.0008 424.0008 289.2636 208.9877  60.2895 429.8967  28.0597 110.0082 282.2360 232.1132 443.6707 149.8162 314.9999 351.7984  52.7988 167.3580 185.5140 308.0037 396.9732 301.5286 290.1226 261.4054 393.3550 367.3114  79.0633 307.9668 305.5648 316.1839  94.0872  43.6393 306.2423 120.3448 310.6775  55.0610 327.2714 238.1309 423.4664 208.7449 119.3761   0.6189 396.2190 288.7011 113.8691  83.7156   5.5802 316.7797 
239.0052 417.0269 273.6212   6.4423 301.1106 387.7192  10.4387 362.9661  74.9514 337.0153 407.8419  28.0775 298.8204 236.9096 432.8409 138.9992  12.9782 374.8735 342.5155 429.8948 136.5877 234.0356 192.0821 122.3993 438.9533 316.0027  43.5158 121.9957  64.2734 317.9995 280.0497 321.2712 281.8263 428.1256 365.3349 274.1895 314.5697 271.8052 423.1313 448.8016 348.1489 161.9276 340.1855 134.6704 438.0232   8.8978   5.5100   2.5933   3.7880 144.9855 
144.9168 142.6040 434.9788  72.2704 108.7571  85.8820  51.9265  39.8859 394.1929  90.7353 242.4431 447.3029 294.9932 239.0466 269.0608 125.5799 328.6524  49.5875  58.0662 210.0416 112.1065 441.7006   8.0083 422.9625 322.4359 341.6374  29.8352 381.1744 229.9275 338.2716 301.8019 348.7378  43.1032 309.9455  34.0001 386.9491 194.4038 308.4539   2.0165 378.8809 188.4657  91.0136 408.9095 214.6181 113.3117 416.5379 232.8744 314.0548 376.2093 371.2995 
157.6107 439.0595  14.9959 443.2972 192.2446  92.9488  86.7684  21.7353 111.6290 206.0904 361.1366  28.9789  88.9876 167.8369 431.9799 347.9931 273.8861 236.1494 289.5633 173.9997 259.2813 230.6781 144.6267 118.2650 424.3551 195.7351 441.0120 277.1652 348.7497 104.0136 378.8982  15.5861 237.0151 316.3958 220.9732 295.8553 424.1693  43.0387 443.4687 243.7790  67.6588 236.6386 383.3034 224.6470 281.0552  68.4272 286.1777  18.0256 331.4307 338.8529 
 52.0769 139.3221  67.2358 439.1545 271.1342 263.5046 221.5417 416.2367  83.9493 326.0722 273.7878 219.2519  18.1404 101.5494  23.0981 277.5825 316.9631  15.9375 208.3633 307.8573 306.4138   4.9553  36.0024 140.9999  86.8607 259.0336 269.6112 131.1257 366.0553 173.9742 190.2152 408.7787  56.8940 403.9722 292.7956 436.1857 105.0195 237.2172  26.1270 186.1899 273.3317 277.8471 105.0244 214.0658  66.4300 223.3428 121.3568 130.7183 235.2264 346.3223 
 52.9224 408.8259  41.3974 214.0862 305.5048 298.9241 350.0439 384.0012 236.8874 374.9789 261.2527  42.8359 304.2091  55.9965  42.7086 364.8380 180.3686 445.5981 102.0100 134.3482 219.8695  67.0174 264.9597 185.9998  34.5676 367.5858 203.3530 234.5971 257.4474 113.7274 256.5950 120.8024 110.3306 298.5713 274.8266 403.8658  30.3695 381.4383  69.1583 383.5162  17.1219 344.4344 197.5147 104.8115 369.4801 262.5009 215.1695 380.0123 229.1101 431.6855 
163.1644  32.6442 211.0029 183.8562 226.9877 376.2716  70.7659 315.0279 298.9964 259.1066  56.7357 397.2847 229.0068  76.7784 156.4298  29.2963  23.9663 126.3378  27.2888 239.8170  37.7986 136.9687 247.3913 145.4263 137.4675 329.2786 304.8981 109.4913 151.4032 302.7443 423.6454 171.7969 217.9364 110.9879 300.0000 192.1543 395.8365 374.0000  42.5823 253.5814 199.2716 436.1928 143.3893 156.7624 353.8975 236.1591 345.2499   4.4608  80.9594 349.0068 
435.0008  75.7380 131.2308 246.8282 311.0695 221.9536  18.4578 378.0382 173.0497 293.7257 139.9824 324.6289 439.9396 160.4488 327.6389 358.0182 343.3715 224.1977 205.9963 342.2191 325.0844 185.3381  60.1069  73.9004 224.0731  94.0029  27.9984  71.5302 450.9485 195.0001 277.6498  96.0819 394.1648 187.1048 331.4905 228.0257 393.0169 222.0489 170.0016 383.4208  61.1655 261.8368 203.5152  90.3051 342.2438  93.0864 339.2349 140.1243 192.9806 387.3613 
178.9896  49.4053 216.9865 102.3315 180.4394 210.8359  27.9518 368.9102 430.2435  51.2391  93.4177  23.0291 426.8371 248.0318 372.5383 247.1687 346.0545  69.5821 328.4711  67.1057 368.0866 293.4317 397.0758 177.3835 265.4690  82.1235 181.6689 382.9936 318.6553 346.3185 236.8839 440.9976 118.9963  25.9701 336.9557 298.3351 346.9997 151.8509  71.9283 413.1227 434.8550  98.0002 397.0165 155.7993 359.9660 442.4706 405.4796 187.9892 156.4028 265.1190 
220.9844 386.9457 286.0254 240.4920 287.1172  21.0000 267.2686 394.6359  19.9609 437.0231 189.8004 341.3861 242.1139 409.0755 257.3276 325.9634 266.9789 229.7835 319.2625 405.0023 170.1694 138.4256 396.9461 234.9879 252.9584 379.4710 420.2746 132.9296 349.1898  43.0009  85.7637  68.6383 438.9667 195.7960 151.0218 170.9977 326.9836 408.8580  50.3073 239.5616 354.5133 139.2889 307.9204 400.9987 155.9084  54.5014 400.4688 379.1231 180.8870 433.9832 
423.5803 362.6447 312.8072 332.7890  87.4096 378.7893 162.0409 383.4417  74.0497 301.9977 325.9797 281.9470  32.6375 180.0618 262.0198 126.8498 372.4321 216.0109 433.9977 418.9022 168.7480  83.6688 350.0318 165.2636 226.9096  49.0053 185.0467 220.3286 169.5063 156.5976 110.2089 121.9299 256.7696 158.1828 307.9997 331.9131 236.9930 101.1070   1.0176  33.0793 400.0802 319.0690 101.6759 121.4104 237.6345 298.9648 349.3911  14.7204 357.4066 408.9040 
221.9965 213.0008 382.2635  35.7817  56.5937  27.5208 385.4200 102.0693 279.4623 379.9812 429.7964 353.5288 309.6381 448.9092 301.1078 288.5472 227.5812 143.6453 244.9865 143.0000 193.3486 204.3718 413.4045 438.0002 249.0016 230.5733 149.0071  24.1103  64.2776 121.1535  67.2203 429.0130 225.4958 225.3153 345.0180 275.1420  66.0184  35.5809 338.7695 285.6093 282.5458  28.7409 270.1402 125.1439 359.6174  89.4793 242.6371 239.1478 250.8317  87.9089 
225.3794 240.9157 158.5341  29.7312 291.5581  29.8732 256.0694 441.9722 176.0249 243.1747  62.4110 366.2350 258.0176 226.1888 346.4287  83.5008 267.0729 301.8116 267.4304  70.8372 356.7454 141.5498  59.0638 274.4935 109.5364  85.9955 349.0051 203.0008 316.5637 417.8773  81.1484 338.0017 277.7264 147.4180  36.7542  14.1513 114.1388 157.9119 160.9191  75.9815 131.5741  18.9218  75.0051 396.5947 360.2448 383.0982 382.6065 385.0664 254.9709 206.0936 
434.8082 359.9131  80.9770  15.4226 349.3228 244.5405  97.0517   2.0197 110.1761 446.5560 288.1622 311.0345 346.8561  68.5362 433.6029  50.5453 435.7920  26.7900 429.0935 111.9483 264.4441 230.7736 340.0016 404.9021  23.8576 127.3645 395.6142 312.6968 150.0699 230.1629 429.7224 188.4633 166.2246  46.4443 310.2487 266.9951 203.2983 231.5319 408.1440 323.1794 383.3291  92.1393  27.7454 248.0607 220.9283  64.3242 257.7285  73.4614 141.9956  37.7744 
332.0000 140.3118 237.6440 309.2595 250.6164  11.8162   8.0764 194.0195 157.3647 394.0110 265.0642 128.0379 166.9097 177.8513 347.3788 176.0072 156.4549 255.0269 281.1485  97.4451 376.0291 372.6968 181.8261 150.9571 198.3454 248.8211 411.8054 314.1031 234.9011  34.1076 294.7655 166.3151   5.6516  67.3246 385.2965  63.7458 185.5397 263.8808 315.9999  61.0418  39.9978 330.8140 180.1158 163.0073  39.5683 368.9278 121.1682 264.7685 419.4356 346.7553 
 79.2500 295.2624 254.0190 306.8458 409.0732 341.0249 137.6216 184.4637 377.9765 261.8015   9.8726 140.9204 136.3462 219.1747 259.6484 426.0435 296.8327 163.2125  44.4834 140.6705 228.9999 361.9852 448.9783  49.9663 139.2263 397.5970 154.4665 321.1542  88.9927 168.8283 208.7971 428.7339 259.0045 242.2517 194.9631 184.9271 282.4765 411.9194  60.9645 448.4114  91.0764  54.5636  66.6946 126.9995 352.4936 311.2030   6.4334 219.0185 354.4819 438.3653 
150.0721 244.2720  32.9899 108.6371 260.0567 234.9594 415.1757   9.0413 269.9641 237.3465 211.8698 218.8015 325.8699 413.4279 319.9879 226.2274   0.0269 249.6651 342.5947 362.8482 285.0629 179.9976 446.0062 240.0529 336.0054 115.0236 101.9930 417.9706  62.3701  65.3365 231.9984 208.2744 318.7640 172.9660 364.9971 305.4844  52.9979 281.9723 270.5146 416.6168  40.2737 410.7028 188.9102 192.2894 325.6761 114.6470  18.2190 192.3783 274.2214 107.0200 
413.8174 188.4264  46.5242 131.9506 267.9666 150.4752 203.7387 379.8027 156.8234  37.6979 158.8693 315.1046  66.8809 125.0036  56.1070 359.7619 158.7502  46.7492 333.3223 423.0635  54.1692 427.1747 125.5249 302.9963  66.3182 135.9973 195.9139 340.0301 366.0200 432.7220  85.3571 370.8780 424.3149 179.6211 111.7205 263.4208  78.6106  42.0279 413.1509 218.0362 118.2544  42.9017 287.7731  72.0601 143.6424  41.8456  80.9209 241.1459 416.1068 416.3844 
411.6460 142.5358  17.2849 310.3556 181.0703 291.0299 359.6148 192.1298 311.7492  85.7102 431.0017  72.0007 238.6269 278.9747 202.2026 243.8401 247.1674  64.9404 220.1502 439.5878 182.0044 192.8366 151.9197 386.6456 179.1014 140.0063 235.5956 154.0041 263.4349 131.0610 155.0071 266.3563 348.4543  35.2140 428.6588 395.9657  49.9594  44.4586 135.1837 406.0597 206.7375 244.6041 405.0832 224.3652 334.0280 358.6705 124.1181 385.0043 323.2292  23.9480 
152.5671 247.0118 426.3910 216.2135  21.3159 221.0001 201.4754 238.2479 378.0316 237.0988 216.9463 282.0210  13.0000 393.2095 348.4703  34.7945 100.8378 127.1679 198.8394  20.6005 437.5868  26.9273 256.5430  91.7146 336.3714  11.9995 441.1674 381.7530  17.9947 433.9935  18.0001 282.7503 213.9929 436.4836 361.1394 234.5298 420.9641 402.0146 245.0152 264.9855 142.0050 118.1394 388.7639 312.1873 270.2748 180.0180  24.5936 369.4856 365.5740 204.4563 
392.6962 416.8696 413.1179 443.1672 444.0827 440.4478 249.1576  94.2873 365.9753  59.3999 340.8860 393.9842 187.9125 144.7099 397.2202 365.9485 369.8165 164.3223 420.1894 448.8599  60.9132 225.0109 301.4218 389.9995  19.5235 266.0438  50.9128 260.9228  33.6866 357.8833 327.0295 441.0845 282.7136 262.6513 212.8904   5.3307 330.5155 366.0355 441.0726  48.0380 257.4698 349.3244  19.6976 172.2979 348.0122 287.5678 144.5803 185.9588 196.8003 192.9802 
 59.3382 395.0149 443.9726 104.3854  53.7506  62.3377 255.3651 299.2819 336.9533  97.0495 436.0217 397.8851  50.6138 267.1825 162.0159 370.9984 165.3380  22.4937 268.7469 149.2283 245.0281  86.4959 372.2082 144.6206 332.8945 227.8260 167.9904 297.9595 180.0026 154.9879 224.0386 442.8639  47.9769 215.7584 322.6598 355.1053 255.0042 257.7088  92.1825 125.3690 164.8906 242.9985  91.1603 249.0896  67.6631 396.6220 420.0544  54.9977 421.8221 357.3860 
259.5695  48.5288  34.9536 315.9965  42.8932 319.6166 206.9972 300.9479  59.7276 113.1909 111.0167 341.1927 123.6457 283.7553 419.9685 227.9991  46.2263 145.0701 312.1216 192.9450 223.5808  64.8601  65.9744 245.7574 406.0367 233.6250 279.9424 257.1843 164.5029  41.4540 205.1772 437.2251 213.3562  57.1413 205.9639 411.5011 423.8000 216.0492  17.9995  31.6234 429.0007  60.3790 297.8635 188.1624 353.6346 368.3497 247.0493 115.9482 342.0911 295.8641 
262.4043 170.7670 175.0597 445.7292 429.1774 285.9239  76.9431 193.9993 400.9992 117.5026 153.4306 262.3251 406.4897 124.7895 131.3177 436.1137 438.2941 402.7142 316.9864 425.0274 124.0134 143.3048 141.4634  80.9941  13.5873  51.1725  48.1886 274.6907 226.8929 285.0029 126.1253 340.9329 203.0320  21.9865 277.9946  72.0320 272.0120 198.3571 391.5755 279.1367 412.2618 304.3350 306.1106  96.2540 165.4197 198.3934 371.8940 279.9536 311.6540 130.0000 
425.6206 125.1390   7.2363 280.6098 331.0109 209.8729 395.6715 434.9896 125.8820 367.5954 122.0824 176.6213 126.1730 364.4304 379.0339 416.8077 340.7567  96.7206 231.9291 165.7888 327.5896 424.7741 402.3317 182.8697 283.0339 291.9883   3.1349  66.6627 118.5301 214.2418 405.6386 435.6847   3.5289 436.5871 308.1671  97.4920 316.1029 222.7458 192.7288 340.3517 248.9907 385.5153  13.3726 271.6646 322.9665 271.8684 439.8149 207.9987 242.7755 377.0102 
221.3515 184.8890 194.6553 122.0151 269.5079 450.7273 208.9552 306.9978  43.9790 145.5386  95.0797 318.7514 379.9204 264.0051 202.0542 170.7831 136.9896 219.8082 414.9684 241.8891 374.6758 194.0798 430.1170 449.2481 117.5542 174.6031  12.0239 145.0165 340.8065  61.8403 409.0042 191.8053 265.2638 272.3823  33.5949 242.1322 177.0070 103.9013 187.6763 438.1583 271.7697  45.6646 310.8569 318.6704 281.4107  92.1094 359.7612 203.8954 300.5858  20.7132 
306.2794 122.2601 301.4691 353.7901 340.8310 300.9999 227.7202 204.4438 359.9966 259.1846 385.5580 263.5734 107.7569 298.8083 360.3287 429.4033 438.8116 448.2122  28.7036 369.1413  61.5582 434.0947 366.7306 424.4840 296.0083 127.9818 222.4624 128.0494 274.7718 326.9992 197.6053 324.0738 396.6916 275.5217  45.0672 336.9657 356.5573 221.8321 395.7034 418.9978   6.1496 409.4932 325.2200 211.5046 291.9454 420.4781  77.8987 387.0023 183.1874 418.0727 
437.0418 168.7728 302.6426 309.0106 313.9620 448.4784  61.0783  84.3569 332.4618 317.1306  22.9403 228.1072 103.6765 139.0212 283.2033 103.1477 234.5175 213.0985 149.9659 320.0549 416.1925 314.8937 406.6770 419.9992 383.0214  27.5944 307.0008 420.0079 235.7897  61.9751 312.3919 104.2046  35.2600 108.0291 302.0774 253.2976 236.9930  79.0250 407.2846 188.8979 105.1572 130.2082 384.5722 153.4808 109.1186 373.9965 368.0954 178.5007 124.2037 244.6345 
 96.5446 432.9314 422.3116 400.8223 282.0132 374.9959 231.7791   9.1454 420.6786 183.4378  34.5578  84.6782  51.3947   3.1050 178.9835 256.3688 165.3360 201.3553 203.5251  76.9709 361.6371  81.9366 286.8115 334.9052 165.2923 445.9747 327.1145 397.0005 338.0699 278.9868 257.7854 418.1049  29.7188 131.5266 209.6651  95.8980 185.2567 256.0646 170.8786 279.1014 137.0001 225.7397 376.1397 289.8786 440.1743 229.0900  25.9992 243.8649  19.0908 347.0103 
180.9999 401.2776 437.0256 372.9487 371.1778 316.2103 151.8477  76.6851 399.9218 224.8594  56.8308 438.9727 341.6751 254.7386 250.0072 318.1302 362.9915 350.1306 111.7402 437.0771 323.6231 402.8902 336.7224  64.1750 299.1512 407.6964 176.7505  13.9404 112.7127 130.9586 420.8929 254.0787 394.7143 300.4581  32.4222 340.7099  41.3968 188.2859 409.1783   7.6083 438.9199 206.9834 107.4333  68.8596 183.9965 190.0104 423.0711  34.5630 138.7550 221.6422 
238.0035  87.5855   8.2976 329.0767 198.4279 299.6367 333.2618 356.9959  11.0091  39.4529 341.7947 449.4113 389.3726  34.4348 196.6457 267.4104 108.0166 345.9395 305.0552  75.1697 298.7584  26.7361 167.2175 269.6799  77.3960 104.4396 224.9738 118.0471 111.5502  16.3960 127.2700 209.1847  32.0003 106.5200 330.3348  80.8563 233.6366 282.9084 418.6293 399.6462 360.1142 235.1320  56.0837 361.0639 318.1855 233.1777 350.0470 450.9262 144.1019 281.5575 
311.2786   4.9967  47.0011 113.0441 148.5674 240.9926 382.0081 324.6443 275.0795 108.0000 333.7998  81.0668 118.9955 186.4401 204.6147 397.5884 161.7351 302.0545 232.8066 245.0793 102.2849 288.1435 180.9957 387.0966 348.8009 400.3649  48.9819  64.2991 367.2198 439.6385  43.3428 427.2530  89.9840 186.8952 446.8940  57.3235 390.1405 288.5347  74.9689  30.3280 326.3565 336.7958 118.0256 356.6220 249.1601 287.2203 301.9847 229.6702  71.8767 235.0897 
 94.4252 155.4985 391.4265 371.9058 330.6751 338.7376 111.8009  15.7325  50.0008 357.3545 315.7456  16.9984 260.0177 309.9201 380.4831 278.1592 131.8132   0.0194 189.2982  75.8816 266.3497 263.2314 267.7639 134.7092 116.1559 124.8342 227.5001 301.5519 419.1259 320.6146 443.1673 160.6437 228.3114  78.1350 298.9997 396.0003 136.4021 323.8448 227.0466 430.3806 250.2600  41.7280 237.5808 409.2603 330.1990 202.8129 149.6075 408.3220 337.0936  19.6387 
170.8462 139.0433 299.5457 249.9485  89.8845 211.9449 257.9643  43.9535 275.0288 363.5379 107.9958 390.9686 418.3752 381.5146 362.2197 352.0772 295.8496 180.0871  89.1537 188.9514 251.4856 195.0793  56.1022  27.0457 204.9746 127.9747 261.0043   3.0311  59.7961 235.9955 318.1090 336.0196 359.0054 389.0236 385.1140 207.2477  53.5553  24.9985 209.1431 297.2792  99.0194 342.0382 442.9241 258.8600 217.1169  30.4104  89.5777 222.1342 384.9930   6.8700 
 49.2426 331.0661 245.8128 376.8577 373.7200 347.7890 258.7559 402.6473 324.9905 156.2770 217.0803 417.0074 409.0275 130.8392 402.9803 298.0135 310.0001 261.0881 231.3841  76.8545 354.0763 277.1734 288.9803 376.7144 438.1065  92.0110  43.4417 108.7699  40.0699 106.1187 214.9964 139.1320 343.4035 354.6235 293.4345  50.0414 322.9186 195.9730  98.9024 193.2318 158.6036 303.1780 143.3419   1.9801 314.9816 440.9138 122.0298 143.6457 376.9678 187.7218 
350.0996 355.6095 357.0884   2.2980 181.9996 335.9871 442.2448 162.3572 200.1063 118.1603 175.9608  73.4836 441.2962 413.9680  12.4725 284.8154 295.3409 365.0881 115.0220 136.2461 139.4041 363.9206  33.5966  72.8069  28.8178 175.2430 200.7916 158.0915 349.2889  10.0122 364.6866  22.9181  31.9472 219.8425 314.9556 294.6347 366.0370 190.9137 202.5469 187.8413 274.5386 444.1951 386.5548  88.8155  62.9854 107.1234 283.1405 254.1018 416.4793 155.9891 
224.5345 181.9853 445.4357 239.8974 122.9094 174.0018   0.0547  70.8687 308.5276  78.4117   8.3409  96.4299  43.1724  74.1947 435.5461 189.1314 259.9272 355.8769 101.7072 426.0000  63.7793  70.2781 203.6020 387.6110  21.9909 302.7892  99.9240  41.1145 196.0017 214.1694 110.0527 277.2488  40.6905  75.0252 164.2780 151.8739 245.8204 152.0178 374.0333 341.9036  68.7041 157.0198   8.2977  36.0602 180.7632  14.3899 204.8685 153.1500 124.6267 394.4930 
423.0152 112.3617 387.8983 261.6570 392.4263 247.3830 405.1539 148.9992 367.3485  26.0300  79.5324 374.9993 438.1324 102.8330 117.9298 283.9821 427.8327 408.1348 407.2181 186.8681 177.0362 117.7654 370.8978 369.1584  15.9926 188.2204  11.0945 433.1225 127.5580 183.6190 108.5594  62.8315 306.2740 102.7206   5.3981 296.3033 409.9505 146.9892 434.9364 225.9289 256.7745 267.3796 324.3648 153.9915 404.0964 402.4123 297.7443  15.7975 129.4405  75.1637 
431.3771 267.9947 254.0739  58.0635 282.7195  59.4453 198.7583 397.6611 219.5873 189.3570 196.1480  87.4692 223.2596 182.9973 175.4432   2.1017 264.9270 263.3284 292.9797 380.8693  85.4912 420.7615 313.9461 125.9898 355.4202 215.8977 171.4265  17.8075  70.0659 188.6485  37.9201 197.9308 120.4942 205.1724 205.0259 271.8509 326.8738 101.9883 221.9193 119.9756 285.5364 319.2450 221.7269 383.0020 424.0973 322.9336 348.8353 131.8380 361.2051  61.8742 
345.1058 254.2271 420.2133 431.9937   9.6157 336.9612  33.9890 424.7013 172.0520 253.9849 180.9557  94.7735 399.3500 365.2618  31.1220 365.9459 218.9947 350.4636 384.0429 450.9727 179.1591 343.2683 362.1145  47.5495 272.9061 430.6638 353.5561 406.8651 435.9870 173.2034 375.4694 144.3893 157.6101  69.8852  67.0007 223.3627 264.9240 262.6798 301.4120 178.3888 410.9999  28.1308 277.0169 113.8055 178.5501 360.8307 418.5214 187.8318 261.8433  40.4415 
163.7499  20.4663 178.0336 442.0407 137.8226 130.1177  77.0085 383.9665 131.4497   3.9126 305.7109 449.4549 402.3503 132.0339 112.0336 391.9512 335.3368 233.0001 258.1858 271.9837  30.0137 242.0103 415.0901 405.5608 124.2092  76.0566 154.4494  63.9434  35.0072  32.9978  77.4612 366.9983 362.9721 115.3903 316.8471 345.3118  89.1307  76.5555 162.3143  44.7301 135.4189 384.5067  16.2859 113.8695  72.4322 393.0345 251.5552 254.0213  55.5128 142.2499 
 13.8209 380.5181 168.9954 299.0231 357.8401  95.8049 357.7784 280.1417  28.4208 230.9331 404.1409 161.3425 247.7034   3.1328 154.0764 264.6637 415.4124 404.3216 273.8168 271.0049 333.9966 388.7278 117.2628 222.5157 257.7363 387.9947 301.2282  12.7009  57.7704 230.9270  84.2102 386.8529 263.6302 220.9816 405.5553 377.7808 212.0457  83.9983 120.0022 183.1869 293.6491   8.4277  81.0000 202.4945 262.3776 227.3454  39.4664 257.9988 322.9998 181.7277 
187.1042 225.3161 132.4770 321.7384 374.3806 254.3689 184.2079 422.2005 265.4537  56.5397 389.8945 248.0601 321.0118  30.0280 294.3438 340.9662 417.1869  78.3027 437.1577 428.7953 135.5159   2.2816 117.5713 279.1435 419.0824 167.2597 257.6221 367.9919 371.0072  69.9659  26.9198 316.9989 332.9306 326.9618 349.3367 363.6453 205.8237 217.0416 120.8826 253.8339 145.2385 267.9748 362.0693 348.3238 108.6425  42.6711  25.1069 205.3295 346.0094 414.7112 
195.9462 314.5127 442.1513  97.0436 444.9837 348.5581 343.4200 213.0164 423.2466 429.9894 220.6155 109.9299 194.8482  81.1893 291.5968  81.2193  76.9995 404.0604 444.9780 316.2518 120.9993 220.2359 307.2802 440.0008 382.6344  93.2086 322.7656  20.3383 372.0092 367.0386 319.9724   1.0119 387.9457 169.9930 413.1734 317.5648 442.3541 283.0044  19.0705 153.9785 275.6016 275.4177 186.2492 267.7115 364.6128 200.8828  36.2351 245.1501 388.2042 433.8687 
386.8702 204.7967  56.0631 358.9731  28.1519 398.8438  21.7265 338.2312 229.2446  33.1949 357.8318 375.0334 109.3797 303.6686  94.8065 160.5865 258.4389  39.9998 155.8737 209.5963  91.9632 264.2790 373.8811 117.7579 445.9711 339.9404  14.5867  68.9922  45.4052 409.3434  94.0058 421.9370 331.1050 253.8089 351.0000 270.0120 287.6562 227.9391 129.0430 200.0052 416.1935 332.0066 242.3767 407.1622 127.9958  19.0519  16.1733 347.8253 367.7150 176.9226 
101.2026 106.1413 276.0095 439.3510  28.0264 141.2141 407.6370  14.2346 157.4741 205.9862 375.0086 430.1981 351.0551 274.1945 112.2624 402.5388 431.9561 195.0943 283.7207 277.2678 115.9380 329.2040  66.6617 331.3979 154.0095 382.0531 232.8969 447.3782 337.0016 280.9956 129.0381 308.8550 327.6707 183.5962 398.7908 223.0382   7.9998  28.5388 249.3088 350.9999  65.3225   2.0771  72.9991 348.1744 167.9454  47.6879  28.9642 205.3040 430.9999 350.6139 
378.0278 269.7342 181.9998 411.2605  55.4407 363.8266 353.5327 318.5784 383.9996   3.3702 407.4467 102.0074 185.9771  81.5010  77.0695 138.2600  95.4831 161.8668 151.5727 254.3085 121.4113  56.9908 384.0482 268.0133 171.9667 385.2420 416.9027  12.6551 274.4791 130.0152  56.9876  72.3563  18.1720 387.1099  94.4998 280.4837 343.4577  50.7674 149.3308 292.1052 437.2554 430.9654 208.7055 265.0029 289.9178 140.9745 219.9229 379.4464   5.8777  44.9841 
 40.9801 129.9618 277.4562 193.7574 223.5035 112.5791 171.1302 298.2274 105.1943 225.7338 254.1311 101.6711 350.1909 317.3235 303.6310  67.9808 430.4617 236.2713 211.0001 170.8788 256.0000 408.1628 358.8889  66.9910 192.9966 381.0155 386.2276 414.6857 365.8411 155.0549 380.2600 335.9747 170.5425  44.3516  52.3161 448.7786 145.9044 254.0273  46.9854 225.0027 396.1990 141.2134 245.0135  54.0767 199.8809 220.6779 308.8266 313.8740 220.7459  33.6485 
 68.1072  60.6454  55.3238 131.4288 366.0022 205.1481 339.9984 245.5043 399.9914 202.7466 197.1828 410.0421 431.2909 209.4999 203.5246   9.5271 231.7117 168.9938 240.1894 256.6010 355.9733 292.7920  11.0577 182.8039  99.3284 445.0552 192.2904 200.9865 233.7130  25.8737 324.3694 335.0053 259.0002  52.2564 105.9209  90.4874  58.1848  80.5868 365.3648 123.9950 348.1535 414.5229 148.6217  20.4565 408.4714 296.4917 186.1937 251.9224 271.3463 226.3654 
337.9456 389.9370 172.3110 271.5272 109.3788 256.8019  13.6688 313.9729  38.2207 126.0578 339.1264   4.0001 225.5947 448.9815  47.4144 297.9558 322.4758 206.2636 190.0574 173.3480 255.2655 261.4671  77.9962 263.2213 343.7802 299.3425  52.8453 222.4964 312.1596 246.6357 219.2664  44.2304 360.1681 376.3092 343.9574 283.5782 231.8665 413.9926 369.6439 107.0987 406.1194 139.8217 258.5744 258.4059 413.9196 219.7823  21.6517 146.2971 356.0294 123.3425 
273.0989 163.4578  10.2561 108.9618  57.5965 214.0757 401.9836 126.4466 350.7513  80.1689 178.6602  18.9306 149.9027 421.6510 140.4826 245.0062 189.9931 105.9769 268.5269 113.1945 384.8131 302.8264 105.0843  23.1505   0.9930 316.0804 373.0469 219.1145 347.0045 363.7704 126.6519 294.0455  82.7625 449.9403  59.4870 440.0380 129.0002  10.1626 204.3376 358.6122 306.0262  33.4035 181.8122 148.0212 395.3284 409.9988  49.3686 253.9136 390.2472 223.9199 
209.0645 143.3058 438.4342 287.6616 171.0202 449.9984  16.1271 185.9863 144.7336  13.4938  19.3091 300.0237 103.0987 367.5583 190.0609 181.8692 121.9208  93.0469 318.0120  34.8260  64.4830 246.6774 375.9650 254.0469 244.1189 210.3869  44.0521 353.4573   0.7196 136.3829 185.0045 130.5231 233.3849 124.0972 364.0495 163.5087 397.2196 383.2547 116.9653 298.0092  27.7716  88.5178 263.8827 107.0544 287.1150 342.8685 212.2363 371.3694  96.5486 376.7224 
 14.2917 110.0457 393.9995 365.3614  14.1223 127.9983 153.0229  45.4697  50.5302 128.9021 371.6832 274.0234  55.5879 147.0003  46.0525 397.7219 377.0742 219.7697 386.5860 250.6694 216.9957 209.0386 228.0201 295.7443 158.9884 201.1401 245.3713 234.9947 351.1876 171.3295  67.3946 206.3142  58.9330 172.9992 275.0012 408.7264 208.7376 156.8702 282.1386 131.2985 395.0232 159.9798   2.0241 206.1930 418.5067 216.9556 274.1156  50.5879 308.1932 108.0049 
 11.1624   2.6359  41.3314 436.9537 436.0873 384.4258 315.6171 199.0763 431.3844 124.4671 222.1605 425.5014  99.9266 195.0234   4.5462 414.7803 292.9616 259.0079 248.2482  89.8567  45.2088 229.9939 152.1636 320.3448 256.6516 305.9909 409.9507   5.0662  88.1313 321.1330  91.9164 121.4776 230.4758 224.7217  43.9848 448.0199 400.5335 208.1895 344.2171  68.9362  46.7452 111.0519  28.9616  84.0554 273.0766 407.2105 244.7642 397.0006 138.1062 225.0183 
387.5878 268.6823 105.2816 361.7068 208.9868 136.7189 140.9611  29.9668 159.7194 110.6114 201.9916 300.3550 206.6846 361.4450  11.7095 254.1773 397.1848 229.0690 429.9963 416.5144 325.9083 323.9907 273.0017 114.3373 282.5712 277.0027 411.9984  23.6203 250.2260 155.1735 145.9984 352.4404 282.0935 236.0379 406.0584 289.7442  79.9067 303.1959 399.1254 202.2866 355.0061 201.4936 150.5011 406.9055 303.6894 131.6392 149.4848 227.4949 122.7253 317.0539 
106.4729 410.9894 400.2962  35.7950 317.9988 231.8939 290.1955 321.9997 390.1111 376.0000 333.0715 314.0253  14.0452 255.6514 104.1944 175.3396 344.0121 409.3192 286.0084 424.6114 412.3228 282.6013 313.1350 134.7874 278.6306 182.0000 414.5273 153.8325 230.0003 384.7314 374.0027  83.6589 271.9462 226.5367 281.4344 250.8975  96.1394  10.8059 115.6508 163.4037 399.7669 356.2474 413.7920   4.9265 238.2383  56.9594 207.3952  75.1577 315.9450 192.7561 
266.1490 294.6045 269.5962 276.5793 435.2695 318.9942  44.9163 415.8257  20.0000 180.1797 226.0365 122.2558 173.4533 224.9999  59.9620 413.9999 397.9223 402.1881 243.0802   0.0806 329.6715  17.0084 233.4994 232.3167 147.4619 139.1700  67.0045 271.1872  62.0192 279.5825 447.9706  34.8563  88.3630 338.1495  81.1484   9.6208 319.1490 157.0064 320.3644 274.6283 303.9021 237.7581  12.9932 418.0987 144.4547  29.8152 225.4858  22.1446  10.7435 276.9118 
143.0631 203.9832 260.7454 200.7897 244.7216 333.1497 195.6282  96.9785 364.0661  46.9013 108.1925 167.9999 319.0871 144.9879 171.2689 431.0210 393.7608 386.2446 286.8347 225.8946  36.4578 387.7727 213.2743 240.0612   9.0200 218.2190 287.4780 197.6184 440.9637 342.9529 160.0700  39.0080 269.0221 263.2920 400.9190 394.8549 146.0030 107.6754 128.0199 255.8233 296.9131  55.2622 432.1179  80.0001 145.8470 180.4041  50.3991  99.9951 414.1063 335.3619 
103.4778 378.0821  61.4446   5.3048 397.8547 297.0545  91.0105 132.7583 329.0183 101.8790 107.7517 137.6771  28.0016   8.9103 250.0035 183.9109 442.9807 258.5652 291.4195 166.0666 239.0782 280.4340 357.0147 346.3764 326.7808 383.7659 400.1428 269.1529 148.6967 113.9571 320.9193 395.1739 166.8338  40.8565 387.1988 368.0068 336.0105 243.1646 394.2532 376.0361 186.2776 275.4651 247.0532 243.6488  44.9998 433.6084 109.8691 431.0884  59.0028 296.7450 
395.1533  42.2382 180.4131 266.4138 247.7960  81.2854 324.6205 434.0363 232.3968 440.3641 449.2901 370.2924 222.9909 306.9790 449.4297 132.7531 293.8641 115.3983  66.8179 184.7211 260.1183 370.8946 120.8219 171.4105 262.2347 408.0001  80.8063 195.7391 128.3041 100.7277 379.2031 371.0092 357.8858 349.8912 162.2983 326.0231 379.3045 287.9545 334.9745 310.9356 287.1854  82.0196 105.7452 295.7516 130.9484 160.8553  81.0345 163.9035 382.0145  35.8453 
134.1662 325.0342 113.3312  86.9764  43.0509 327.9486 191.8662 323.9999 118.6779 448.9063  44.6537 277.2785  95.9139 413.8255 261.7867  84.1488 291.7733 390.0063   1.8922 125.1012 441.3569 105.1550  77.8317 123.9092   1.1406 391.0807 239.7272 147.8511  98.1437 439.9761 383.8429 199.9399 201.9184 403.8418 356.9503   8.4118 136.0000 190.0413 339.0385 348.0628 317.1138  73.6091 226.9461 426.1830 247.0406 124.0411  89.3141  25.9948 241.8482 287.8848 
428.6509 174.0355  20.9851 347.1192 162.0429 242.1433 395.0120   7.8849 270.0164 442.2005 284.4565  16.5196 367.4618 413.4701 204.8485 255.8271 144.9262 108.7055 397.0695 383.3513 376.9701 174.6795 208.0719 303.0018 322.0792 280.5531 430.1299 249.9806   7.8522 437.3616 203.9764 395.4554  90.6948  48.0130  56.7140 314.4746 306.0016  93.9610 251.3923  13.7499 258.1333 333.0027  40.9849 265.0640  61.1584 298.7902 258.9999 352.7744 168.3419 257.0105 
102.6302 275.8261 236.0069  83.0462 400.0085 391.9894 172.5866 121.8848  52.4917 368.5042 366.9989 218.4106  13.0792  95.3146 135.9418 322.4938 289.1456 447.9632   6.8178 338.5090 192.8764 203.7143 291.9584 283.9326  49.9997 162.1581  72.2292 194.2489 292.1682 166.0438  36.9503 140.0082 151.3043 400.0598 409.0464 377.2041 136.0180 219.9743 325.4982 133.1059  52.0001 448.2679 430.8676 248.9477  67.7565 131.0007 425.0731 244.6972  74.4924 111.8257 
288.4103 104.7821 287.1045 268.6282 196.3764 112.9956 445.0251  97.5948 124.3513 173.4192  58.1929 250.2107 436.9515 160.1952 190.6635 211.1987 217.0704 190.6765  29.0018 387.9967 332.5876 230.1442 128.1625  72.9660 101.8834 158.8303 202.2031 253.6390 396.2720 140.9175  49.6706 196.1297 366.3314 419.0004 135.0382 284.2038 352.2859 360.8071 281.1634  25.8051 294.6909 409.5588 386.1952 362.1937 155.0003 288.9991 214.4916 409.3633 309.0105 438.0513 
425.8126 329.9655 296.5296 229.8330 321.9992 350.9196 362.5571  10.9995  77.8933 104.1869 191.3177 404.7801 301.0408 431.0728 367.0273 122.5658  94.6108  27.9642  51.8074 321.7706 139.2435 337.9294 387.7147 153.1343 124.0775 235.7493 418.6376  26.5504  38.9264 200.1143  93.8521 260.0095 297.0045 277.0184 419.8178 330.8497  36.5964 252.3991 297.9966 335.3317 429.1897 163.7641 310.8903  17.5663 286.9730 441.2261 238.3851 240.0365 214.7015  20.7739 
371.0423 168.2521 420.5811 168.0002 397.6710 196.8561  22.9537 157.3170 296.4380 246.9128 392.9984 282.0018  54.8057 120.8654  77.9706  34.9964  70.4790 427.8306 137.6787 441.5155  69.0701 298.3444 301.8598  77.2599 365.1676 189.9977  11.6841 406.1889 275.9972 351.9638  30.5145 405.1055 436.1586   8.8264 192.5336 116.0260 132.8256  79.8987 279.1365 153.9537 112.6244  83.5577 268.4272 110.3947 130.0458  54.5385 375.6352 281.9920 433.7034 277.3288 


2.8614 7.9189 1.2099 6.0037 3.4374 6.2093 0.3150 5.6206 7.7264 6.9389 
6.8518 9.9243 8.2897 3.9910 2.9293 4.9855 3.9470 3.5423 5.2741 2.3553 
8.4974 5.7318 3.9303 2.1929 5.0005 8.9402 6.5778 5.0537 8.0145 1.0059 
7.1820 5.5469 7.3098 3.1218 0.3304 7.6278 8.2885 3.0042 3.5813 1.0098 
2.1168 0.7216 6.4972 2.8016 1.0300 3.9506 7.0741 6.1231 3.9949 1.4606 
6.0338 1.0357 7.9831 8.9787 4.5716 1.7310 1.9459 8.4560 7.2966 0.1314 
3.5633 2.5234 9.9534 5.9122 9.5961 8.9977 2.6000 5.3232 0.6725 7.2111 
8.5421 7.5619 7.0131 0.0828 3.8304 2.6821 5.6348 1.8400 3.7267 8.6426 
4.0108 5.2260 3.9365 2.8637 3.7103 5.3098 6.4856 0.1434 5.0871 7.9656 
9.9530 2.3478 7.5067 7.0629 7.8771 9.9817 4.9066 1.9570 7.4249 6.0703 
0.0840 1.8653 8.3195 4.9394 5.5387 1.0013 3.0392 7.2979 5.8278 0.0005 
4.9966 2.2260 0.8929 6.9391 1.5805 3.2962 5.0137 6.5493 1.5629 4.0659 
1.2730 3.2619 6.0042 1.7301 0.2969 3.1995 2.6502 3.0294 1.7133 8.7271 
2.2108 7.9609 6.6825 8.0229 8.0782 1.9993 5.5677 8.6595 7.0028 3.6722 
7.9890 1.5660 1.0690 5.4563 2.6130 8.7121 9.9365 7.1014 9.9297 8.1886 
8.6635 4.9171 1.6705 5.9008 6.9643 4.1768 8.6772 1.9537 5.3478 1.9863 
7.0320 4.4995 5.5731 2.2110 7.9838 6.0412 5.5374 8.0053 5.1608 2.0078 
2.6105 8.9957 8.9800 3.7357 2.6502 5.9461 8.0183 3.2121 7.4297 9.8952 
2.4691 8.3757 6.9571 4.5726 6.0811 1.8498 4.7552 3.2278 1.7560 5.6846 
5.1760 7.1225 9.9610 7.5642 7.9878 3.2995 4.0357 2.5452 5.9940 7.5973 
7.1070 1.1491 5.9690 5.5005 2.9707 2.9967 6.8638 9.1650 5.7672 2.7674 
5.3874 1.8253 6.2392 6.4697 4.0083 5.8818 5.7867 8.1956 3.6373 2.8941 
5.5177 0.3975 5.5943 4.1175 5.1458 6.5294 3.6006 1.9683 5.2554 5.6852 
6.2781 2.9689 8.9113 7.9893 2.8146 4.9636 7.7525 6.0164 9.9205 2.1022 
0.6613 5.8062 9.0905 2.0512 8.7072 7.5061 2.0897 5.9982 4.7780 8.1690 
2.0638 2.3621 2.7015 2.9015 7.2534 1.7200 2.0008 0.0000 2.5447 4.8230 
2.0297 7.8898 7.3778 6.3021 5.0831 4.5679 5.2680 7.8945 5.1019 5.2307 
3.0069 3.9049 5.0041 1.3911 4.2903 0.1442 8.4346 9.4268 4.8679 1.0043 
8.9837 7.8740 5.2212 1.2902 6.0110 0.0017 3.4293 7.9700 5.9798 8.9851 
5.3294 1.7824 1.2983 7.6376 5.3942 6.7146 1.2963 6.0482 2.3145 2.4396 
7.8173 5.2147 5.1731 7.9457 2.6276 4.0051 3.0177 1.0221 3.0037 1.5650 
5.0000 0.1095 8.8499 5.9896 6.0098 0.4729 8.0494 3.0130 8.5299 8.5874 
5.5287 4.2389 6.9878 7.9396 3.9042 5.0017 5.2679 8.4795 1.1837 1.0236 
7.6286 5.3564 4.7311 6.9040 4.5975 4.9964 3.0163 3.7439 0.0803 4.4685 
3.8565 1.6784 5.8596 5.3876 1.0003 6.9405 4.5058 5.8740 5.4859 0.5249 
1.8685 0.5112 6.0438 3.1259 6.6162 5.5681 7.7783 7.8702 5.5414 6.2718 
0.1308 5.9396 8.4926 5.0246 6.9931 9.1054 7.4421 6.1072 8.0613 5.9538 
1.1100 6.3789 3.8220 4.7633 4.7382 7.1582 5.3810 5.9971 0.0791 6.5584 
6.1635 2.7018 5.6616 5.1797 5.8948 7.9306 5.9802 1.0061 6.2299 4.4205 
6.3853 0.8348 4.6695 3.9453 8.9955 2.0581 4.7217 6.2772 5.8937 4.9679 
1.4126 6.9482 6.5331 3.6029 9.1136 1.8704 6.3067 2.8849 5.9763 3.2432 
1.9678 1.9365 9.1237 5.7809 7.0001 1.8000 4.1918 3.5975 6.8057 2.6485 
4.0000 4.9906 9.0189 8.7712 7.0271 2.6978 1.0149 9.3967 7.3312 6.0667 
5.1280 3.0638 7.2600 4.6228 4.6613 5.4424 4.6524 9.9270 5.0018 9.8978 
0.2591 5.0104 5.4064 0.0540 2.9310 0.0973 6.6793 7.1408 4.7530 6.9822 
1.6789 7.7810 4.0147 1.0008 7.0436 4.5501 5.8965 6.1149 5.0275 8.4922 
1.7966 3.2152 6.4650 8.0538 6.2966 4.9457 6.9292 5.0642 6.8115 6.8934 
5.9022 4.2393 8.0635 7.8683 1.0000 1.9905 4.8774 6.6487 5.0231 8.5700 
4.8497 9.8817 2.1881 1.4061 5.1592 0.3252 3.4808 8.8544 5.4826 4.6438 
7.9220 7.9401 9.8412 0.7487 7.7516 9.3775 3.6316 8.3475 8.1848 7.0012 
