100 25 5


29 34 35 15 10 24 32 20 12 21 22 35 6 9 8 33 15 5 5 10 31 16 29 10 19 7 18 7 5 12 18 34 14 9 7 22 17 34 20 7 8 10 13 20 18 14 5 6 8 30 29 34 12 19 10 20 26 20 23 17 7 19 21 10 12 23 23 15 17 35 11 32 33 26 7 20 28 10 26 8 16 35 8 21 23 16 27 31 30 17 26 20 22 8 27 19 22 13 27 20
618 725 786 1127 1188 1395 517 1093 1073 1170 1251 820 698 1021 733 633 1304 657 1198 694 1286 1104 849 639 1208
1061 1057 1260 4149 1436


197.3249 107.6185 104.2880  76.6637 183.7696  44.3406 163.9270 127.3866 188.5181 162.5141 163.6104 260.0587 192.1641 213.1703 171.0019 167.5673 179.3141  99.3003 181.8291 155.6244 161.5966 167.2337  45.1227  45.1730 114.8466
317.5116 245.0384 233.7979 179.4430 333.8940  72.8410 315.4447 205.5730 306.9319 300.3917 247.9176 423.6924 328.0218 353.4986 298.2327 275.4718 304.6630  42.1655 327.6261 275.0770 299.7344 304.3610 145.3173 147.9731 170.5438
355.6772 207.6960 233.8555 117.4317 249.6383 246.6961 156.6081 109.0816  31.6494 272.2417  95.9600 177.8393  44.9270  68.7088 310.6780  42.7229 324.4485 312.8009  86.5718 308.8341 270.2238  50.9608 156.5561 154.7499 147.9039
138.6948  84.9058  98.1349  87.9677  81.1733 135.4519  43.0531  96.7421  60.6670 100.2549  93.8806  24.2175  35.1157  31.1285 119.6407  70.9987 125.2464 164.3886  20.1274 123.4404  99.4247  34.1157 100.5730  99.3161 111.6274
 76.9259  42.4302  43.0744  17.8810  68.0694  19.3680  57.0267  33.9466  57.1063  62.7676  46.6127  87.3985  60.3878  67.8152  67.1116  49.2004  70.2157  38.5001  59.1274  62.3493  62.3905  52.6908   6.4498   6.9123  29.4646
128.9629  97.4826  82.0926 122.1939 154.2371  57.3936 162.9692 164.7304 212.3099 123.7667 194.8141 250.6191 209.6755 226.0502 117.0258 196.5880 120.7458  71.9560 193.6455  99.9196 123.6056 186.8853  96.7423  96.6941 152.4504
183.4717  76.8540 103.5619 163.9912  68.3363 223.7450  21.4615 213.6968 188.5585 101.4536 229.2694 137.0052 146.8887 156.4617 142.5190 192.7965 154.6047 280.3808  98.2374 150.7703  99.6480 117.9064 172.3066 169.2776 232.0883
215.5375 133.7930 142.9643  45.3965 174.3978 106.4981 130.6870   5.7306  62.1305 176.2831  20.8038 161.9877  87.5938 100.9554 192.2824  42.1587 199.5708 138.8052 105.3134 186.3229 175.2627  84.6966  62.7458  63.1139  26.0538
 85.7416  40.5112  51.0953  54.0371  43.2257  85.2805  10.1880  68.7651  53.9189  55.1543  72.1803  41.3492  37.4108  40.9924  70.2026  56.8710  74.8386 107.9083  19.1647  72.3198  54.4626  27.0000  60.7329  59.6202  77.7505
126.9806  90.0116  78.9904  96.5804 142.3747  34.7136 143.9203 131.9245 177.2718 118.0779 158.6634 218.9349 177.6878 192.4756 114.8057 162.4055 118.6651  51.5989 166.3309 100.3908 117.8076 158.5033  73.3670  73.5974 119.7937
 22.2472  76.2896  65.9009 173.5471  65.7800 161.8928 119.3132 216.9081 224.6204  34.9302 237.0097 191.8854 202.1268 210.8450  11.6184 221.1386   7.5860 183.5913 171.0447  26.0772  36.1985 180.3563 163.0771 161.5717 218.6169
238.8652 171.9238 155.9932 158.2468 261.1228  37.2779 256.8077 211.1545 295.1488 222.6476 256.4547 378.7074 301.2980 326.6252 218.4990 268.1037 225.0598  61.2110 287.2272 194.6050 222.1122 270.9877 118.3021 119.4121 186.7964
 35.5949  25.7355  22.4156  28.4575  40.5375  10.8532  41.3762  38.6311  51.4437  33.4185  46.2588  62.9231  51.4309  55.6343  32.2754  47.2436  33.3262  15.0926  48.0423  28.1056  33.3508  45.9075  21.8578  21.9126  35.2011
108.7111  70.6005  76.1979  35.8098  84.7650  66.7437  61.7654  21.5418  16.6079  88.7253  10.2383  66.2369  31.8605  35.8653  97.5325  11.9551 100.9953  81.7740  44.4117  95.9677  88.2242  35.2966  45.4029  45.3483  30.8227
 45.8964  18.2586  25.0503  39.5434  17.8586  54.5167   5.4547  52.0775  46.2780  25.4326  56.1050  34.9639  36.1445  38.7428  35.5946  47.1451  38.6503  68.7302  24.1930  37.4231  24.9750  28.7477  41.5823  40.8251  56.5953
120.9818  29.2269   1.3200 160.6978 100.8143 156.7927 124.8574 226.1338 249.1351  67.6500 258.0950 247.8162 225.0922 242.8356  82.9115 239.0986  94.5673 203.4176 187.3694  73.3907  66.6804 191.3146 144.9974 142.6463 227.9333
119.0365  58.3614  64.6234   9.3447  91.9427  55.1617  66.3951  38.6409  61.3617  90.4356  54.0970 106.6163  64.3171  75.4370 101.6767  51.3149 107.1009  84.0260  63.3322  97.1393  89.7056  52.8520  17.4026  16.2679  41.8465
 42.0632  21.3643  25.4743  16.8750  26.1022  33.2124  12.8016  20.8716  13.9818  29.7762  21.5328  20.3746   8.6833  11.6027  35.5686  14.9520  37.5404  42.9047   5.7433  35.7089  29.4853   3.5655  21.1781  20.7741  25.3166
 48.1355  26.9192  30.1779  10.7449  34.9809  29.2818  22.8088  10.4577   9.0001  36.9386  10.9636  29.8464  11.9859  15.6464  41.8774   6.1745  43.8106  38.6400  15.5587  41.1301  36.6605  10.4367  16.4172  16.1941  15.5771
102.5722  62.3590  66.4398  17.4184  83.7628  46.7732  63.3133   3.8053  35.0294  83.7207  16.7967  81.9259  45.9419  52.9967  91.1941  25.1589  94.7688  63.1383  52.9728  87.9111  83.2270  43.0443  25.1334  25.3805   8.8865
 12.1257 121.7546 104.1388 256.0039 111.9117 231.2263 186.6192 317.5388 332.4624  67.5807 347.1186 289.6004 302.0986 314.8965  29.3192 326.4678  17.1175 257.6292 258.9881  39.2245  69.3327 271.1836 239.1340 237.1644 318.1419
 58.7268  21.1588  26.8971  91.2305  21.6237 101.6704  44.0918 121.1052 120.6668  18.3722 133.3677 100.7937 103.4562 109.8036  37.9996 119.4029  44.1812 125.7231  80.9336  41.9310  17.4400  87.7174  88.4336  87.0709 125.7286
165.7715 115.6995  99.7128 133.7466 187.2962  55.7675 191.6567 184.4193 243.7417 153.2411 220.9324 296.1526 242.3416 262.4719 148.5992 224.0993 153.9944  81.0850 224.9617 128.7613 152.8861 215.3238 102.5288 102.5805 169.2616
 75.0417  47.6047  55.6853  67.8649  35.0571  92.1643  20.4044  79.2465  61.4689  50.3591  80.5258  22.4956  44.9322  44.1322  63.2712  66.3690  66.6075 110.4479  29.6978  67.5006  49.8857  39.9236  73.1681  72.2305  87.3332
231.8474 154.2773 162.9594  70.0294 192.0771 121.6720 148.7517  32.1656  68.4659 194.5971  22.4691 171.0512  98.2184 108.9886 209.8460  51.8087 216.7536 148.7797 119.9657 204.0558 193.6220  99.9842  84.7785  85.3718  39.9565
 62.8998  41.1086  47.1244  48.3859  35.0455  68.7429  20.7658  53.7557  37.5576  45.3022  52.8952   5.3973  25.6338  23.5001  54.4181  42.2910  56.8573  82.0349  17.3998  56.9859  44.9478  24.5668  53.5240  52.9019  60.3922
163.5744  89.6619 104.6023  68.5443 103.8627 130.2495  54.6679  77.0926  41.8669 118.8537  75.4750  68.1268  18.4550  28.8051 140.1545  49.3190 147.2433 165.1224  17.1085 141.0889 117.8042   1.8793  85.7188  84.3724  94.9099
 75.5484  45.8572  50.8978  24.8405  54.8066  50.7735  36.2668  20.1834   2.6238  59.0746  15.7178  39.3464  12.4437  16.2885  66.5988   4.9715  69.3450  63.6864  22.0109  66.0379  58.6731  15.0590  32.8383  32.5627  28.2321
 33.6845  12.5683  16.4940  14.6221  20.1818  26.7158  10.2883  22.4954  21.6333  21.9910  25.5394  25.7500  17.7485  20.6582  27.2728  20.9082  29.2364  36.2178  13.1097  27.0206  21.7083  12.6429  16.6169  16.1463  25.2084
106.3696  58.9306  63.1930   5.4053  86.2192  43.5519  64.9249  20.5214  48.3135  84.5986  34.9812  93.8975  55.5636  64.5410  92.9322  38.0905  97.1530  65.3534  58.7148  88.7526  84.0309  48.5465  14.1172  14.1508  20.8400
 12.3625  65.1443  55.2260 143.4590  60.1728 130.6657 102.8810 179.1372 187.4091  33.7902 196.1538 163.1290 169.7745 177.2401  11.3842 183.9925   4.3350 147.0455 144.7988  18.7624  34.7964 151.8164 133.9941 132.8240 179.7620
307.1706 162.8060 187.0807  80.9086 211.9168 203.1633 127.3154  96.8421  70.5383 228.4081 102.5228 179.2909  67.9677  93.3812 263.9110  63.6672 277.2066 268.3987  80.3120 260.6904 226.4803  47.6303 116.4097 114.2446 128.7343
 90.6644  47.1991  45.4379  38.3656  83.9900  25.0850  75.5025  63.9924  91.3525  73.5481  81.1402 122.7813  91.8400 101.8354  77.7506  81.8004  81.8149  50.8547  85.7132  70.4534  73.1063  79.3914  24.0853  23.8547  58.9207
 26.7688  12.8271  11.6990  53.3705  17.0573  54.8044  31.8048  70.7849  73.0313   6.6381  78.5028  63.9411  64.2054  68.1122  15.0706  71.6292  18.6202  67.0911  52.0278  16.4355   6.2884  55.1888  50.4020  49.6980  72.3878
 69.4746  40.3621  44.0180  11.2493  53.9068  36.0674  38.3592   6.4560  18.2377  55.0797  10.9444  50.1429  24.9707  29.9715  61.0991  11.7485  63.7107  48.5064  29.9726  59.3475  54.7121  22.9332  18.8274  18.7397  13.4365
 94.4979  27.5387  18.4813  93.1954  82.8515  87.2912  88.9682 137.0828 158.5918  62.7004 159.7929 170.6061 146.2926 159.3342  71.0113 149.8988  78.2316 119.8532 124.5383  62.1760  62.0462 123.9405  80.5828  79.1355 136.5470
185.2034 118.9608 124.5822  42.5836 157.0846  79.9081 123.7717  18.9075  72.6630 155.3181  34.8517 155.6106  93.5470 105.2020 166.6841  55.6856 172.5380 104.1023 106.5674 160.2141 154.5176  89.5377  50.6078  51.4842   7.1420
264.5716 134.6469 164.5614 153.2691 143.1658 251.0094  49.3703 188.0040 135.5202 177.9266 193.2905 105.3067  85.8451  94.6947 220.5227 147.1332 233.6730 316.0329  32.8325 226.2122 175.9667  58.9996 176.5383 173.4926 216.3896
124.9123  39.9505  54.2030  56.7387  78.3433  95.8184  48.4314  92.2939  97.1770  80.5208 107.4551 115.2668  84.0609  96.0918  99.7377  92.1358 107.4895 133.2434  66.1423  97.3606  79.4400  63.7636  59.9083  58.0155 100.1193
 46.9525  20.3181  21.9459  12.9462  37.8052  20.7505  30.0972  26.8794  37.2927  35.0594  34.5684  52.6111  36.7788  41.7334  39.2643  33.1284  41.6691  34.1626  33.7040  36.6689  34.7593  30.4732   9.3355   8.7620  26.6539
 41.7482  29.5322  24.5706  38.6311  48.6874  19.2443  51.2785  53.1649  68.3007  38.8336  63.0692  80.4984  67.1208  72.5358  37.1508  63.2331  38.5740  25.9639  61.5976  31.6123  38.7587  59.4685  30.3901  30.3161  49.4947
102.1856  59.9591  67.4997  34.6595  71.5726  71.5788  44.8529  32.1602   8.6267  78.2432  28.1149  50.0912  11.9507  18.6207  89.3085  12.7769  93.2457  90.4768  24.4000  88.8631  77.6656  14.3962  45.8263  45.3062  43.2921
 86.3365  33.7041  44.9509  48.2578  45.8662  79.3368  16.2672  67.2516  59.0254  54.2323  73.5383  57.9043  45.0802  51.1607  69.4244  59.3838  74.5457 103.7600  28.9173  70.2651  53.4757  32.0594  53.8522  52.6275  75.3149
104.4147  37.6431  35.4203  67.3884  90.1967  63.8840  84.8999 107.2108 132.3662  75.2898 128.9212 156.8731 125.2058 138.1577  83.6167 122.5615  90.0742  96.9753 109.4923  75.0267  74.6105 105.4759  54.3768  53.1312 105.5047
166.7156 103.6165 105.7484  36.6851 148.6888  46.8339 123.2501  46.3733  99.6239 140.8926  69.4809 170.7193 113.3041 126.7205 149.1783  82.7659 154.7624  74.1609 118.0725 140.5395 140.1812 103.1075  27.9284  29.5748  30.6370
 82.5371  23.4641  32.2772  40.7814  54.0960  62.3794  38.1111  67.0694  73.8299  52.9417  78.8865  86.5816  65.4483  73.9629  65.2438  69.5294  70.5851  88.1057  52.9631  62.8614  52.2223  51.2840  40.3574  39.0648  71.0729
 57.9474  36.9708  39.7804  16.3710  45.7984  32.9498  33.6491   7.7058  11.2927  47.3207   1.3463  38.3505  19.1506  21.9400  51.8773   6.9543  53.7669  41.1560  25.2018  50.7556  47.0502  19.9590  21.4281  21.4421  12.7696
 10.0265  18.9088  17.0283  45.8793  13.9956  44.6400  29.0588  57.5425  58.5542   6.4628  62.6881  48.4384  52.0274  54.2323   4.6946  57.9139   5.5545  51.3630  43.3352   9.2191   6.8073  46.1788  43.5620  43.1180  58.4506
 89.6727  57.8158  60.8917  21.7654  75.0211  41.7428  58.3512   7.4555  31.1056  74.9197  12.4332  71.5829  41.7696  47.0385  80.7154  23.1906  83.5384  53.3605  48.8588  77.9226  74.5286  40.6428  26.8252  27.1531   7.3408
134.7775  22.1777  25.6759 121.7313 100.8366 130.0703 102.7753 181.0236 202.9136  80.8610 209.8167 214.0363 183.4480 200.6049  99.6117 192.9550 110.4628 177.7674 152.1500  91.5177  79.6645 152.8131 109.4013 107.1067 183.6943
303.2607 204.7080 207.2354  92.3571 277.5452  96.0561 235.0040  85.8993 178.4848 264.3383 118.1244 306.3237 207.7633 228.8513 276.3250 149.7804 284.9691 125.4765 221.2046 261.5125 263.2275 195.0060  82.9582  85.5898  52.6556
293.3428 205.6101 197.9153 133.6550 294.9903  36.3100 270.6477 165.9151 263.2716 265.8970 209.5021 377.2304 282.0951 307.5512 269.0605 232.7123 276.9500  61.9929 281.0025 247.6855 265.0369 257.9112  98.7716 101.3913 134.1794
124.2318  74.8181  80.6208  22.6829  98.7811  62.2254  72.4609   4.6692  34.3502 100.2265  14.7678  92.0538  48.0600  56.3598 110.1097  22.4938 114.5262  82.5842  57.7411 106.7620  99.6072  45.5034  34.2984  34.3663  18.0898
166.7643  98.9097 101.6060  30.3929 146.3178  47.2657 119.8082  48.7971 100.9560 138.4520  73.4897 171.3948 112.9288 127.1588 147.7653  83.9604 153.7925  79.6163 116.0718 139.0131 137.6851 101.0473  18.8253  20.5631  36.3616
 73.2200  30.7475  37.9701  23.4776  47.2178  51.5559  26.2606  38.2460  37.7118  50.4103  44.2471  53.5359  32.1076  38.6328  60.5376  35.4419  64.4376  70.8630  25.9538  59.5403  49.8528  22.2812  29.1666  28.2618  44.1222
141.7993  68.0717  85.6953  93.9244  69.6566 145.1052  14.4845 118.6108  93.1324  90.6644 124.1808  66.8186  64.9200  70.1934 115.9933  98.4569 123.6649 182.6579  33.8378 120.0113  89.5198  48.1481 104.7855 102.9240 133.5671
280.4417 172.0094 185.8964  63.1506 220.5637 150.9355 160.1279  22.2600  62.1677 226.3992  18.2019 194.4697  96.5157 113.3925 249.2143  36.2185 258.9509 194.9676 122.2238 242.8646 225.0176  95.0224  89.7121  89.7075  51.9538
164.4019 116.7760 110.9234  83.0780 169.1892  15.3101 158.1201 105.2017 160.5586 150.5575 131.0551 222.9448 169.7981 184.7127 151.0641 143.1084 155.4041  28.9676 167.2484 138.0881 150.1110 154.7028  61.3619  62.7025  87.5269
222.8534 132.4299 140.3839  29.1747 184.3082  91.6339 141.3069  24.7226  91.5504 181.6263  54.5624 191.1671 112.2183 129.0439 197.3815  69.6687 205.4035 130.0965 123.7806 189.0573 180.5387 102.3200  42.4230  43.2088  20.8540
165.5096  93.4581 104.2782  35.7760 121.5404  98.8039  80.4547  32.6418  30.9391 127.7830  34.3741 104.3685  43.1016  55.4192 144.3299  19.7119 150.8807 130.3896  55.9132 141.5708 126.8426  38.4384  55.1820  54.5022  50.3099
 40.1104  15.5998  21.5768  34.1041  15.8641  47.1785   4.9720  45.1255  40.2558  22.2288  48.7092  30.9189  31.5019  33.8512  31.0772  40.9368  33.7618  59.6283  21.1308  32.5939  21.8266  24.9750  35.8575  35.1950  49.0392
129.0324  60.5528  77.2151  91.5654  60.0911 137.3705   7.6944 116.5148  94.2285  80.3918 122.6872  66.1934  67.7317  72.7313 104.5839  98.7907 111.8340 172.6590  38.2132 108.7446  79.3099  51.5741 100.6937  98.9075 130.0257
128.4529  76.8224  69.2736  77.0342 131.2639  31.7350 126.6162 114.0808 156.9882 110.7757 140.3537 200.1952 157.1645 171.9951 112.2941 142.5232 117.3838  63.3981 146.4211  99.4622 110.3094 138.0876  54.5422  54.5228 104.1246
 49.7819  30.0027  24.3417  43.9742  54.5389  26.0231  56.9643  62.9321  79.8665  43.0907  74.9246  93.5142  77.5745  84.2170  42.5231  74.0100  44.7581  37.7934  70.1676  36.1475  42.9401  67.8657  34.5068  34.2546  59.4643
125.5067  74.7558  82.1267  30.0067  94.8319  73.5890  65.5084  19.1775  19.6338  99.1621  15.7328  79.2975  34.0787  42.0022 110.6564   8.1785 115.2582  95.0895  46.2821 108.4886  98.5014  33.6730  43.5276  43.2508  32.9065
302.5710 205.1704 219.4548 114.7813 240.5578 190.8746 180.8882  74.6144  60.8053 251.3657  44.8052 185.1780  99.6089 106.9985 273.9973  54.4187 282.8504 227.4170 134.0113 269.9840 250.0810 111.6467 138.4166 138.4556  95.0078
215.7162 158.5142 153.0719 104.6914 218.9746  43.0843 201.7729 120.3199 189.5481 198.9532 148.8468 272.3359 205.0673 222.3019 200.2809 168.0370 205.3503  42.0516 206.5371 185.4516 198.3946 189.8627  82.9666  84.9008  96.4668
176.5261 115.8220 122.2707  48.7500 146.6406  88.5130 113.5552  19.2544  54.9821 147.7765  18.0649 134.1738  77.1422  86.2879 159.3698  40.8557 164.7643 110.1065  92.7656 154.5418 147.0203  77.0623  59.7147  60.2313  24.0084
130.2840  92.7604  86.7315  72.5583 136.9928   9.6302 130.4027  94.4738 139.1302 120.0246 116.5666 187.2814 145.0270 157.5933 119.5130 124.9398 123.0088  23.4828 140.9719 108.2484 119.6901 131.3814  53.3629  54.2716  80.7393
170.2828  28.3132  43.5409 130.9828 118.6541 153.1737 109.3060 199.4856 221.9720 102.4161 231.8813 238.0664 199.1365 219.3073 128.1808 210.8674 141.1854 211.8151 163.3345 120.3715 100.8395 163.4166 119.9842 117.1167 204.6156
109.6397  62.9281  70.2383  27.1807  79.9303  67.9658  52.4990  23.5639  16.0045  84.7532  22.2303  65.4042  24.7959  32.5663  95.8115   9.7249 100.0788  88.3947  34.7100  94.2989  84.1368  23.1837  39.7324  39.2849  35.5264
257.2300 168.8306 162.8624 105.8509 252.9519  19.9763 229.3353 144.2210 230.2595 227.0968 185.7955 330.7576 244.4775 268.3434 232.2508 202.7884 240.2793  72.8877 240.9772 213.0655 226.2135 220.4512  70.9830  73.1485 118.5560
179.7582 104.0678  89.1281 131.5691 187.9370  71.6472 188.2982 193.0748 252.7518 153.3194 233.1958 306.9993 248.0777 270.5879 154.3741 232.2098 162.2785 116.0118 226.5880 134.0994 152.6745 216.7480  99.0407  98.4020 180.5827
294.1823 187.9872 199.8730  72.8492 240.3742 148.4463 182.5326  20.9715  84.1453 243.2047  22.2524 219.1609 120.8572 137.2655 264.0118  58.8479 273.4748 188.5129 146.8247 256.1786 241.8755 119.6771  94.2625  94.9014  38.7958
 65.9430  44.4639  44.0936  22.7708  62.6463  14.2596  54.8409  26.4450  47.6909  58.1313  35.1557  74.6807  52.9787  58.2072  60.0518  41.0652  61.9510  21.4297  54.3360  56.0966  57.9020  48.7894  17.3855  18.0395  19.2749
141.9093  78.2897  95.2479 115.3258  63.9753 163.9561  21.0419 139.5658 109.1716  90.9736 143.8602  55.0789  77.9099  79.5291 117.0376 116.8062 124.2605 200.8281  45.8681 123.6058  89.9140  64.5229 125.5796 123.7032 154.9297
230.2138 146.6345 170.2299 188.3609 118.6040 263.7654  66.2299 215.2042 158.1286 160.1661 215.4338  42.3254 110.7912 105.9607 196.5650 174.2896 206.1989 316.1469  71.4198 207.3679 158.7758 100.8560 206.2656 203.6988 239.8710
 84.9530  43.6712  51.9320  34.6733  52.7007  67.5261  25.8971  42.2436  27.5045  60.2959  43.2348  39.8830  16.3884  22.1145  71.9555  29.8203  75.8981  86.9117  10.5603  72.3155  59.7135   6.1685  43.3918  42.5893  51.2879
167.4693  60.0420  82.0699  90.5345  91.7421 149.1714  39.6873 131.1643 121.1767 104.5659 145.8730 125.7048  96.2281 109.4822 133.7689 119.7889 144.0245 197.8415  66.3127 134.2801 103.0663  69.7658  99.7482  97.2862 145.6392
 27.4419  21.1274  22.8980  55.7256   4.6165  61.0255  26.1819  70.2825  67.7017   9.3931  75.8184  50.5601  57.7219  60.0429  18.6086  67.9575  20.9536  72.4557  45.5088  23.1858   9.2205  50.3429  54.7126  54.0232  73.0544
 41.1576  34.8029  21.2565  96.1174  57.0473  82.0764  79.4279 128.0421 142.0422  32.9355 144.5926 138.3884 130.5503 139.0160  27.5242 136.6810  31.2852  98.9690 111.7704  17.9214  33.0643 114.1752  85.9583  85.0267 126.9769
249.5981 100.9051 125.4763  80.5821 162.1373 173.6709  93.2144 135.8667 139.4644 170.9176 159.0052 193.5044 120.7749 143.5875 205.4569 130.2889 219.0508 241.0840  98.2995 201.3303 168.9895  86.3564  97.4264  94.1968 154.3897
 62.1183  28.2879  33.2804  12.9276  43.2448  37.7979  27.0093  24.8460  28.1678  44.7683  30.4204  47.4050  26.5630  32.2758  52.2135  24.8989  55.2779  53.3058  24.4524  50.8276  44.3374  19.5815  18.5559  17.8846  29.2909
104.9164  36.6208  32.8474  75.3186  91.5891  69.9959  88.7893 117.1629 142.5102  74.8900 139.7944 165.1033 134.0828 147.4493  83.1444 132.6073  89.8891 103.6745 116.5946  74.0589  74.2061 113.1902  61.8107  60.5062 115.4981
 88.0648  46.7783  55.8313 143.6976  13.8383 163.1660  60.7905 185.2104 178.2620  29.9142 200.9986 136.3970 150.4815 157.9089  59.8159 178.5720  67.8839 198.0065 116.0559  69.5106  28.7950 128.8372 141.7198 139.6986 193.5825
175.4759 108.5102 121.0438  69.8453 123.6614 129.0711  79.8599  62.1494  11.9573 136.3377  51.3463  77.0333  17.7109  22.8088 154.7352  27.3371 161.0466 159.1525  43.1659 154.7044 135.4066  30.5880  87.8603  87.0673  80.4957
201.6929 159.1381 145.6241 143.6532 227.0859  43.8074 225.4269 179.6261 249.5691 195.5702 214.7145 319.1817 256.9983 276.7584 189.3584 227.4780 193.4497  23.2968 247.8600 170.0591 195.2684 234.3477 112.8797 114.1129 157.5082
168.8006  40.7930  56.4507  98.9910 116.2913 130.9140  93.7354 159.1798 179.5692 107.1134 187.4477 204.5836 161.5707 180.3044 131.3789 169.0339 142.9571 185.9116 132.9755 124.5521 105.6336 130.1719  92.1133  89.4230 164.9491
257.3451 162.5330 161.4730  78.0490 240.4243  46.3303 208.4931 107.7602 191.8051 221.5083 146.6408 296.9321 209.1465 231.6288 230.8708 165.0082 239.3400  93.4942 210.6942 214.5925 220.4959 188.8242  49.7548  52.3927  82.9575
 17.2103  55.0824  44.6984 127.8764  56.2785 114.9458  93.6853 161.6615 171.0710  29.4144 178.0965 152.3201 155.3532 162.8576   7.6368 167.2887   5.8149 130.7243 132.4615   9.2568  30.2600 138.2334 118.5066 117.4277 161.8444
223.2056 118.6560 140.8857 105.0458 134.3720 189.2266  62.8856 123.6600  77.2126 157.8511 124.0592  88.7697  40.4565  50.9288 189.3603  87.2535 199.5557 239.5893  12.5502 191.8196 156.3368  18.8370 127.2845 125.1573 147.8358
217.5371 133.4064 144.9491  53.4509 168.5141 123.2526 120.3284  25.8496  39.1760 174.6582  14.8297 142.8904  66.8506  79.3781 193.1111  19.3080 200.7033 157.7535  88.4319 188.8868 173.5725  67.4009  74.9282  74.7503  48.7754
209.5010 129.4408 133.4883  40.5881 183.2346  67.3444 148.9264  46.4763 112.7742 175.6842  74.5959 203.6142 131.1726 147.4601 187.2205  91.8378 194.2969 100.9822 139.0715 177.3249 174.7627 119.8869  36.2833  38.0606  27.2942
 52.7028  24.7050  31.6546  39.9167  23.3282  58.3235   1.5221  50.7846  41.7378  32.1986  53.5714  28.4099  30.5489  32.5506  42.4552  43.6062  45.4831  73.0363  18.0481  44.3948  31.7472  23.7799  43.4167  42.6610  56.2989
247.7054 151.0517 155.1401  48.0221 218.0119  73.2477 178.5474  64.5306 142.9930 207.3997  99.4660 249.0684 162.9772 183.1151 220.7619 117.9344 229.3217 116.2384 170.0739 208.2897 206.3005 147.5952  36.8399  39.2095  43.2413
172.3324 100.3661 117.0554  97.7045 102.0951 159.0390  50.8423 108.7446  65.4398 123.7157 105.8847  44.6116  33.3172  32.1375 147.8289  77.2335 155.1127 195.7957  12.0482 151.4337 122.6325  29.3561 114.1114 112.5509 127.4672
 40.3417  68.5190  50.5354 152.7684  89.0525 126.0976 127.6008 196.6325 216.8481  53.2536 219.8681 207.4152 200.5671 211.8892  33.0103 209.4609  33.6722 143.9030 173.9345  16.4236  53.9193 178.0681 137.5971 136.4399 194.0955
 71.2632  43.3733  37.0808  53.7372  76.1610  27.2504  76.8573  77.6488 101.8853  62.0590  93.6023 123.6662 100.3062 109.2070  61.8162  93.6289  64.7605  43.5564  91.9699  53.5733  61.8304  88.0095  40.5908  40.4068  72.2786
282.2442 169.6481 184.0652  57.2712 220.4809 150.4600 158.4955  21.9565  64.8770 226.1764  27.8768 197.4599  97.1013 115.3782 249.8084  38.1551 259.9191 197.1481 121.3142 243.2354 224.7446  93.3162  85.5904  85.4498  52.9269
 22.9478  22.9478  22.9478  22.9478  22.9478  22.9478  22.9478  22.9478  22.9478  22.9478  22.9478  22.9478  22.9478  22.9478  22.9478  22.9478  22.9478  22.9478  22.9478  22.9478  22.9478  22.9478  22.9478  22.9478  22.9478


1.0384 4.4281 3.3638 7.0441 5.6757
2.5763 2.8065 1.7347 5.0713 5.6757
2.3009 2.4702 2.1595 4.9249 5.6757
5.9360 3.0491 4.6266 3.1845 5.6757
1.9814 4.7176 0.5101 7.0426 5.6757
5.6892 1.2458 5.5265 1.3759 5.6757
3.8804 4.6776 1.5693 6.4170 5.6757
7.4008 4.3711 5.9145 3.6664 5.6757
7.5598 5.8955 5.5025 5.9308 5.6757
1.0486 3.9194 1.4790 6.4277 5.6757
8.0560 5.3109 6.3641 4.5960 5.6757
6.2889 7.3432 3.9459 8.6791 5.6757
6.7502 5.8777 4.5345 6.4526 5.6757
7.0272 6.4027 4.7427 7.0144 5.6757
0.5803 3.9018 2.4525 6.5093 5.6757
7.4724 5.3851 5.5676 5.2267 5.6757
0.5729 4.0673 2.7121 6.6841 5.6757
6.4831 2.1909 6.7268 1.5809 5.6757
5.6651 5.4601 3.3812 6.5239 5.6757
1.1421 3.4198 2.7671 6.0386 5.6757
1.0920 3.9058 1.4428 6.4080 5.6757
6.0180 5.1869 3.8555 5.9679 5.6757
5.6238 2.2466 4.6551 2.4995 5.6757
5.5697 2.2461 4.5866 2.5644 5.6757
7.4971 4.0030 6.2530 2.8881 5.6757