25 10 5


18 27 25 7 23 35 27 7 8 18 20 35 9 17 19 5 29 20 31 29 8 32 10 15 16
1266 1147 855 733 1309 439 1041 1236 795 609
3321 4296 1589 2496 1437


145.6040  87.5187  83.4226 158.7703 136.3285 151.1734 113.6839 191.1347 117.8982 196.4216
113.1339 221.6930 210.4289 105.6956 241.6470 138.5018 160.5989  90.0202 241.3277  46.5349
114.5126  72.2305  48.3923 132.5934 132.3863 124.7410  75.4756 178.2249 107.6258 188.6124
 30.0215  58.5781  55.5482  27.7455  62.6735  36.0586  42.5914  23.0070  62.7464  13.3817
 48.3268 157.4459 139.2007  24.3116 131.2825  44.2139  98.2916  21.3107 131.8335  76.2411
 77.8386 243.5884 217.3985  45.9901 213.0129  80.3362 153.9192  33.8615 213.7537 105.2144
148.5307  78.6887 101.5092 180.0665 272.5381 203.3908 105.3934 224.4765 251.6470 157.2821
 13.5116  45.5777  39.3338   5.3585  33.8008   7.1431  27.7318  10.1328  33.8086  28.1760
 15.5227  22.8919  18.4386  24.8723  52.2919  30.3245   4.1861  39.6465  47.1910  32.7614
113.4064  35.3996  55.7756 134.4653 176.4596 144.2394  76.2529 167.4829 160.1375 134.9684
 19.2925  89.4304  71.0814  30.6026  97.2257  36.3208  39.5949  68.4996  88.4389  85.0000
 49.7997 130.4918 113.5177  90.3197 236.6531 124.2475  50.0316 150.1190 218.5906 110.8594
 57.9911  62.4958  53.0913  57.6833  21.9432  47.4357  55.3811  67.9955  14.8715  87.4680
 83.5475  62.4539  46.1800  93.3814  80.3841  84.6992  61.4197 122.9471  63.0391 136.2994
108.3128  60.9568  77.0951 130.3595 197.0065 147.3648  79.0875 160.9995 182.4485 111.5384
 33.8024  10.2774  14.2022  39.2021  45.2482  40.2854  22.9256  48.7571  40.3011  43.3291
128.8886 248.2901 235.4759 118.2930 261.6298 151.9570 181.7088  95.9904 262.5544  61.2731
 29.5256  81.4832  72.8848  51.0560 140.2971  72.9353  37.0086  82.7763 130.8625  54.9305
 94.7363 221.7612 207.3140  89.2466 248.8943 129.2358 149.7788  85.1389 246.1988  36.7059
119.0548 242.9833 228.5239 105.9370 247.5822 138.4831 174.4289  81.4905 249.0330  62.7969
 38.4708  25.7992  18.3472  43.8006  40.8989  40.6054  26.7139  58.1402  32.8301  62.6368
138.3540 268.9284 255.0882 127.8247 287.3144 165.7269 195.8570 105.7570 287.7377  62.1624
 86.8499  55.5503  53.1173  93.7471  77.9016  88.8642  69.6394 111.4215  67.8620 115.5914
 48.9471  74.3651  73.9760  61.4892 133.7564  80.5859  52.0100  77.9719 127.0784  30.9440
130.5754 130.5754 130.5754 130.5754 130.5754 130.5754 130.5754 130.5754 130.5754 130.5754


1.9601 1.6387 1.7352 2.1775 3.2128
2.8476 2.9193 4.9383 1.8035 3.2128
2.7711 2.1150 4.5366 1.7449 3.2128
2.7584 2.0427 1.6128 3.0643 3.2128
6.0379 3.2571 5.5031 5.6980 3.2128
3.5867 1.8644 2.6046 3.6592 3.2128
1.6945 1.4271 3.1360 1.0199 3.2128
3.8694 3.4017 1.7775 4.3846 3.2128
5.6337 2.7598 5.4116 5.1848 3.2128
2.1781 4.0681 1.1325 3.1899 3.2128