100 50 5


6 34 6 21 25 22 16 19 34 9 10 12 6 24 27 17 6 5 32 27 15 7 5 25 7 5 22 13 33 8 23 21 8 13 7 5 28 34 30 8 8 20 35 17 31 35 17 6 25 25 5 32 5 6 27 34 8 21 5 14 6 8 7 31 9 9 29 30 7 8 15 10 25 8 27 31 19 22 20 24 6 11 30 11 29 8 7 5 8 23 5 13 17 16 30 22 7 27 17 9 
1157 847 368 423 483 320 1102 580 1283 695 713 467 567 1114 611 339 1015 451 1473 733 649 921 1057 1184 671 733 507 783 1297 937 1328 554 379 638 1174 922 1277 751 528 754 1035 300 358 1001 1121 1301 1300 1309 1267 807 
2773 968 1271 1099 1229 


238.9966  91.1673 147.9270 359.0028 434.8650 315.2200 371.9566 215.3118  84.2808 225.4560 325.9219 438.9135 170.4846 289.9982 123.1488 417.2208 314.0234 413.0954 388.1434  89.4204  13.9529  21.9359 128.7700  95.0050  50.9155 156.2886  51.0518 263.6160 173.4459  31.7790 168.1591 309.6277  31.4306 266.1947 219.9822 296.8912  49.0465 224.0730  54.2147 154.5659 291.9940 339.2643 168.0606 142.5055 115.9094 181.4180 444.5381 191.1821 159.1359 134.2274 
171.6935 203.8945  83.6550 405.0108 195.9867  93.9029 150.0549  52.9746 398.0021 152.0064 133.6233 429.1508  81.3104 357.9446 409.9561 135.9456 307.9236 208.9014  60.4791  97.2711 277.0314 223.9362  26.1358 172.8866 158.6966 192.8079 105.5066 267.8954 435.6456  60.2329 357.1317 104.0456 128.2699 404.8375 127.0007 395.4610 219.8400 138.8569 235.2769 113.2854 307.1824 308.2908 156.3957  17.5586 422.6347 385.0164 399.5799  53.9882 138.0008 262.2175 
385.6040 268.2117 107.6419  32.1773 347.8583 109.8748 335.1489  85.0844 202.2719  42.0452 206.2452 394.2035  22.4287 238.6834 363.4202 134.0005 400.6758 331.9894  12.9932   8.0054  18.0996 363.0791 278.9892 197.0029 443.9721 346.9976 128.8681 407.1055 394.5315 109.1594 359.6464 443.7283 103.0003 344.2378 263.5511  70.7017 243.4069 102.3152 227.2303 199.2781 252.9012 122.2268 424.1127 194.5576 260.4581 430.2988 146.7900  84.2889 197.4185  79.0079 
184.4101 287.7349  14.0145 316.0295  93.2855 208.8152  66.7893 165.8691 324.1060 414.1433 408.0000   8.2286 251.3788 184.0843  32.9935 290.0524 180.9701  24.9977  34.0169 368.8862 326.7575 115.6603  33.9894  87.9634 303.1073 278.8914 268.0196 229.0069 401.8851 145.6296 304.7230 429.2277 180.9852 305.3123 186.7608  75.4330 170.0334  11.9963 128.6320 122.0035  32.0034 419.6232  95.8181 205.5679  10.7583   1.3635 438.6956 162.8049 294.4776 300.0910 
429.0038  41.9570 239.2039 211.2358 121.4425 308.8496  59.3860 384.9143  86.2325 147.9907 312.2196 392.4269  17.1489 184.7277 159.8740  28.9804  66.7996  55.7667 297.2982 159.8757 232.7964 317.0044 378.2261 330.0000 283.0720 238.1439 263.0291  61.7145  55.9569 293.8913 408.9720 141.9198 398.1084 239.0080 292.4955  66.8376 301.6572  77.5868 258.9422 229.9332 346.3145  14.2053 354.0436 352.5812 124.2604 379.2175 301.9542 383.1571 350.9741 276.5389 
152.1069 243.0147 334.9687 131.2142 215.8226 407.7437 100.0197 365.9101 310.5815 428.3364 413.0311 293.6853 425.2095 400.3748 196.0339  97.4351 344.1877 424.1150 329.2429 298.2158 212.0008 281.4198 348.0012 261.0552 245.0602 181.0000 368.3446 266.0934 398.1265 438.7275 286.6425 336.4138 338.2093 364.2048 285.2684  31.8784 388.1237 314.9677   5.0091 119.2136 330.0880 374.1486 247.1785  41.1059 147.1654 401.0007  65.1837 363.7618 104.8566  51.0084 
437.6382  18.2434 407.6799 259.0781  29.4939  69.9751  12.9747 138.9094 104.4033 268.7493 345.9896 426.3618 120.0742 174.8770  87.5896 278.0725  39.4831 297.3922 199.8677 307.7513  26.9619 411.0414  68.2383  46.1138 355.2951 130.9730  10.7955  18.4590 424.3950   9.0405 249.7439 223.0310 302.1502 304.3313 320.0631 265.3518 206.1357  66.2653 185.2843  14.0488 142.8501 167.0042 136.0210  22.1574 369.9994 368.1403 369.6866 287.0250 265.1391 415.2026 
408.8014 297.2084 170.3287  43.8854 234.9999 142.1186 204.4608 437.1299 185.7025 289.5969  80.6182 317.7571 202.7466  71.4622 317.6771 284.4894 354.2291 385.3819 283.4978 418.8510 424.5232 153.8929 206.7033 388.9200 118.0042 364.4380 378.1593 326.9920  49.5736 230.9998  20.5942 381.2898 319.9662 297.9747 382.8178   3.1390  46.3228 199.3528  59.0763  45.7795 371.7433 354.9906 357.6293 337.0512 107.1351 339.0046 448.2553 330.6602 354.6437 356.7269 
 92.8418  35.5785 283.9563 260.1826 120.0321 262.8161 448.8044 229.9391 294.0640 259.8378  96.8655 411.3021 340.9802 127.8606 324.5138 216.0005 303.4689 282.9819  49.1538  14.9641   5.7192 343.3571 206.9130 352.7212 427.9359 371.9999 371.3374 159.0250 107.9927 185.5567 353.9095 176.7087 102.0018 433.3487 399.3787 229.8612 143.9790 211.1026 123.8000 216.9964 449.6656 392.7698 275.9806 301.1032 443.4712  19.6054  95.8160 230.1952 332.6376  67.9559 
238.7288  22.2018 305.5714 412.0949 125.6097 238.0321 425.9727 287.2667 236.9529 440.8679 402.0549 220.3039 282.9090 116.9238 148.0060 443.1609 245.1398 217.8821 179.1434 392.7858 118.4889  89.5210 290.2005 116.4784 204.1638 286.0511  18.2869 441.9589 107.7104 168.8758  22.0712 411.6926  95.9657 188.7464  61.1609 213.0950  15.5658 155.6455 344.0708  21.9948 395.8880 231.7385 215.0016 177.7437   8.1912  95.0218 166.7961 142.4959  89.0938 116.6482 
324.7798  33.0580 328.8890 446.0844 231.8866  27.0009  18.7151  38.1145 367.1756 322.2312 399.2556 205.5382 304.8224 422.4785 429.0791 331.9452 437.2320 176.8418 228.7456 424.0340 321.8332 419.5377 176.7736 359.3976 123.2601 429.9983 442.0163  13.0070 439.9103 329.1301 305.1131  83.8925  33.7349 112.6634 298.6623  69.4657 253.9800  49.0288 315.0051 395.4127 362.9233 214.0037 177.1575 168.0314 285.8890  90.7525 440.9988 414.0005  86.9138 341.5655 
117.4902   2.3445 348.5142 354.0669 431.4354 404.7198 440.6588 102.4104 188.8499 160.7957  83.0867 102.4822 181.7337  96.9558  14.6182 145.4466  90.5456 174.0000 316.0005 326.9508 330.6513 375.1775  37.3512 316.1863 301.8684 155.7314  75.7782 115.4836  38.1087 423.6054 335.9946 240.8567  33.0392 192.9841  27.4506 390.1395 244.9964 293.0991 389.1059 184.7632 440.6111 434.0000 123.9020 337.2915 168.1172 144.1817  92.8900   1.9941 227.3749 271.8466 
326.1044 248.8357 216.9897 285.0000 352.0364 274.9956 423.8972 153.3478 336.9483 407.0045 423.6712 157.4389 122.8892 199.0238 315.9325  71.2563 416.0002 214.7892 101.4539 140.2862 206.0530 333.7031 329.6443 385.9592 286.5547  53.2564 377.3944 286.4714 441.9058  99.7289 443.5227 228.2218 238.4772 409.1674 102.9683 246.0063 151.3691 371.3067 217.7823 176.5255 443.5162 237.3205 321.3717  51.1225 243.0635 364.0002  43.7354 292.0024 136.0292 309.0351 
145.2051 159.4206  15.5250  25.2353 159.9665 120.7513 165.8591 126.5713 439.0661 147.6021  69.0086 229.9781 159.4483 174.9225 122.6705 286.0248 140.0255 361.6001 313.2055 173.8128 444.2740 136.9510 239.9988 122.8513 197.9590 436.3625 250.5885  80.4361 293.8505 298.9532 243.0640  73.7444 171.0543  11.7445 212.4771 347.2128  37.4392 255.2886 387.9690 102.6295  13.5641 152.4799 133.5626 274.0119 375.0000 260.9751 222.3892 104.8904 383.4889 383.9207 
137.2270 330.0519 408.3253 125.9139 202.3965  74.5668 328.7268 315.9334  42.8212  25.9514 148.9838 292.9064 179.7153 362.5250 402.0775 443.1140 310.0462 242.6622 102.0908 442.9543 174.9540 331.7372 370.0038 294.4562 377.9838  23.9217  64.4765 246.2977 152.3829 356.2219 162.0953 248.9128 127.2910 124.8951 132.5147 133.6344 340.9892 160.8013 364.4063 100.9093 433.8123 441.0356 310.4613 248.1142 260.9134 125.5983 346.4112 296.2611 253.7634 350.2083 
 16.1105 236.0522  78.9044 360.1952 431.9303 262.4907 236.5616 429.7148 306.9113 284.2209 245.6502 167.5072 429.0132  83.7145 239.5447 202.9701 107.0602 177.6417 315.9871 104.9896 134.0097 227.1090 423.1454  44.8505 314.2697 289.0000 297.9908 131.8609 433.9476 155.0028  86.7282 229.2005 445.0194 434.0012 216.0073  83.4773 199.7454  48.2968 358.2049 292.8423 361.3165 422.8890  30.9673 115.2725 435.8877 436.2551 324.1248 132.7088 354.7452 245.9462 
 50.9065 343.8892 264.2049 414.9955  14.2426 141.8893 413.9466 387.8266 160.9937 393.3308 249.1072 296.2793 206.8504 433.9099 235.0215 427.3706 240.9582  31.1388 230.3212 445.2548 178.6872  34.0676  42.0908 236.6385 289.1440  58.9896 395.6310 448.7798 418.9007 195.4514 100.5050 350.4261 391.4797  67.9302 422.3291 356.5098 370.0951 346.2944  64.0259 214.1641 104.4211 333.3776 308.9341 401.8935 207.9921 359.2105  53.1931 112.7522 350.1138  20.0513 
 79.5071 345.7274 343.2090 426.3726  40.1444 429.0541 186.8806 121.4264 378.6576 304.0338  44.0609 406.1150  99.0573 321.7855  81.9404 163.0509 418.5886 225.7185 140.8231  84.3715  46.5568 279.2725 372.6164 169.6642 115.9097 212.0249 400.2429 356.0110 298.3857 309.0954  35.8363 127.6883 383.8176  87.3311 206.6202   0.4262 168.5813 131.8071  50.9995 247.0636  65.5543  43.8592 306.5136 231.7962 276.5609  46.3687  45.2793 439.3737 448.4356   2.0043 
124.5302 323.2700 266.7038 170.4883  31.9377  15.9112 263.8895 109.9895  16.0873 186.5161   1.6087 389.9840 109.9610 167.9277 162.6604 198.0699  45.9333 347.1391  52.1456 123.5523 393.1595 115.7691  61.3865  53.9185 438.0418 136.0761 321.8564  92.8815 211.0001 346.3297 158.1255 104.9138 321.7011 117.9307 442.1298 395.9954 141.6846   9.8736 178.3775 406.7438 182.0431  42.7433  92.4969 352.8306  56.6119 302.0292 141.7221 202.8957 115.3062  87.0000 
119.2593 435.4178  35.3579 397.5188 413.6840 253.6683 394.5381 320.7506 154.0123 183.9632 239.8943  59.0933 363.3565 431.6367  98.1392 349.7950 278.4911   7.1224 222.9128 265.0119   3.5470 297.0740 210.0695 293.3948 421.6154 383.0009 164.1014 265.1494 156.2481 259.2432 324.7505 350.0008 366.8931  50.9998 102.0053  38.5407  88.3976  48.5284 396.1948 348.2677   3.9368 310.0523  54.9964  17.9174 176.9750 413.1134 270.3692  76.1172 388.5632 213.3424 
430.8895  22.5082  63.7466 179.1796 328.9225 232.9966  36.0164 118.3026 368.7996 300.6420 111.4298 258.3696 313.2380 294.8761 237.9136 264.0003 312.6709 245.0574 406.2444  92.6280  31.4221 220.5725 155.3775  37.4449 133.0294 387.0002 324.2734 406.8165 372.5954 347.5572 232.8363 355.0034 286.6509 294.9868 134.5882 350.7952 217.6342 232.9637 220.9985 193.9272  50.3485  55.2301 295.7835 276.2043  76.6774 440.0255 423.9518 225.6303 357.8497 165.8843 
247.1321 322.5643 252.6420 232.2541 102.2650 173.7085  36.8440 263.9748   7.0052 373.8057 399.8740 423.6912 140.3797 205.7863 398.1149 398.3712   7.5531 100.1972 186.8158  32.7108  21.2348  77.6527  47.0129 142.0023  77.8775 369.5036 149.1186 389.0080 122.3877 166.1130  37.2098 270.9979 114.0008 127.1679 277.0160 304.9903 333.4527 363.9455 241.1848 263.8638 116.7876 213.8170  89.8612  79.9972  18.8224 166.9620 206.5504 289.9920 356.0108  97.9803 
284.9357   9.8329 349.2502 120.7180 195.1491 379.9964 283.7208  82.2216  79.3691 377.5861 108.9964 134.5937 400.4030 154.9476 323.4634 343.5938 247.3977 447.7224 339.7628  64.4494 303.6950 294.6293  53.7182 344.6850 422.3121  94.1212 116.5055  14.4055  29.1192 263.2419 160.6241 451.0000   1.9228 186.6431  95.1082 243.4527 140.4397  23.8493 278.2973 370.0161 319.4779 375.0365 110.0470 442.5252 177.1726 207.0292 227.0180 274.6700 196.8827  47.4533 
408.5877 357.9864 255.2889  80.9766 262.5722 134.5497 313.8315  82.8722  53.7052  71.7268 125.8516 276.4176  90.3861 188.0016 286.6266 204.5824 249.3159 262.3689 374.9516 160.5564 355.5387 411.6510  45.6228 169.8902 374.9570 240.0380 130.4048 110.6379 307.9764 389.8079 262.9515  17.0137  32.9637  83.1236 386.0279 137.0020 388.8907 447.4823 216.0450 287.9963 368.0163  27.8320 365.7085 176.7888 310.2024 161.9020 183.7748 168.3401 230.1438  99.4688 
177.7846  50.5227 332.0437  11.3569 249.0164 176.0268 174.6460 209.4323 343.9992 169.1497 446.9288 282.9884  31.3724 273.6543 149.9842 405.9064  74.7096 108.1134 178.1149 285.5983  24.3195  33.4177 148.8632 369.7313 104.8264 447.7625 224.0108 376.5751 105.6781 370.5978 337.9621 102.6053 119.5733 325.4387 133.8523 395.7396 388.6045 103.0072 208.6080 113.5309 141.6888  63.0274  64.5787  50.8424  90.0001 299.4307 253.9970 163.0602 429.7844 430.0120 
261.6513  63.1124 108.9980 103.2038 254.5343 258.1627 117.4700 326.6087  78.4123 331.0063 446.9983 186.8785 233.1693 193.9216 218.5733 328.7466 397.4904 104.9941 187.9930   2.5717 283.0901  99.9788 144.8865 180.9122 109.1693 349.1026 111.9770 375.8785 180.4673  71.8689 293.8405   8.0945  20.0692 132.6889 365.8051  22.2104 432.9908 180.9327 207.3622 376.4409  97.7401  39.6118 352.9480 436.6523 134.3202 190.0547 389.7697 161.7441 224.4202  33.9999 
  2.0053 108.7511 114.8070 217.7272  46.9233 199.2736 202.1562 219.0000  63.4809  69.5899 236.6632 402.3162 409.0980  16.8075 363.9822 291.0603 344.0977 204.0028 193.5170 275.7862 166.0037 369.1097 235.4144 347.7452 218.0717 328.1837  73.7893  93.3790 407.1929  68.2554 255.4794 235.5153  10.6152 308.9739 327.9956 411.6077  95.7722  62.9018 105.0728 230.1066 149.5222 193.6815 100.1624 354.8738  71.5239 256.9012 308.9976 158.4926 395.2917 341.6288 
345.4825  49.1096 413.2657 337.0576  24.9456 280.0630  88.5748 239.9976 428.6182   9.9679 269.9927 231.6887  44.9767 340.3226 115.6103  22.0132 347.3646 116.6708 355.9449 262.6078  53.1729  33.2598  56.4406 314.1506 240.0670 203.8209  22.9309 184.2503 315.4654  65.0085 355.9140 229.5452 238.7387  93.7892 206.7708 417.6764 319.9023 321.1176 358.8647 357.5421 332.5489 102.8208 359.9504 278.8205 145.0575 320.4324  44.6220  38.0773 354.7214 262.2036 
255.8508 291.0075 383.6802 284.1105 106.9730 266.1055 331.0029 206.5410 373.5153 139.0790 379.6570 363.7629 201.2305 380.9266 308.8260 361.1107 416.5257 274.9706 444.1541 399.9765  10.6643 155.2315 371.7232 106.0322 430.9712 105.7808 114.0322 252.4318  74.7100 223.8470  57.7975 280.5448 312.0136 274.7483  60.8827 388.0052 235.8565 431.9909 314.3768 193.3346 150.8721 311.0149 431.4558  34.1304 384.8689 303.3290 274.1314 178.2024 299.0322 124.6179 
197.9416  90.0082  50.6225 275.3753 288.0896 396.3869 132.6362 245.0000 138.2653 109.6232   6.2668  14.3684 253.3998 200.1675 241.9122  73.2894  35.4480  99.6696 312.6162 273.6881 312.6933 257.1742 443.4385 219.9965 387.9532 412.3892 270.5822  64.4358 207.9999 315.8219 278.0250   5.2330 248.9821 225.9057 443.2555 110.9999 301.6533 418.2714 405.9825 428.2559 140.9831 417.2439 123.0000 182.3931  36.2979 273.0333 267.7897 346.0000  90.8134 420.1052 
108.0361 258.9992 348.2538 228.8702  33.4644  53.2135 338.3748 397.4653 310.8868 437.1843 274.4553  95.2862  58.5775  53.9787 391.0016  16.7633 153.8726 295.5384  73.8489  10.0122 159.8057 448.0526 387.7540 249.0437 225.8728 162.9002 364.2659  77.9028 111.6012  52.4572 277.8396 122.3379  27.0176 218.9993  95.4768 361.8647 178.4970 151.7212 118.6843 139.3647 318.3573 135.2127  13.0053 293.5673  61.3913  11.4411  36.9688  42.6518 205.8018 392.7681 
188.8212  58.0635 336.7318  37.0000 355.0268 134.5317 222.3130 192.8410 334.1743 109.0359 364.9582 218.0274 379.0180  43.9444 291.4994 170.8593 393.6837  34.0008 186.1231 335.2958 270.0005 170.2136 378.0674  17.0236 207.5331 229.2005 443.5096 389.9970 323.3484  51.0035  93.3150 423.3191 393.9946 313.4369  52.4827 175.1996 312.4561 126.8475 207.0693 242.1396 288.7212  72.8785 376.0470 334.9962 283.0213 389.2616  32.3692 394.0000  15.8517 162.8937 
252.0697  43.9976 176.6656 110.6313 306.6141 149.2632 229.9614 312.2812 196.9642 398.2039  45.2278 420.5857 234.4114 395.0167   2.0295 309.6351 123.9709 309.1503  99.5972 219.9800  86.0980 178.5866 307.7315  93.1845 295.4121 445.4646  18.9326 277.0000 291.5011  91.9722 253.0357 285.2343 138.9610 450.5738 299.5126 289.9595  19.6619 404.9814 329.5154 229.7226  86.4832 260.2895  60.6020 277.0296  38.0020  48.8589 399.7993 419.4987 402.3223 436.2786 
434.5654 386.1454 117.0008 256.2850 365.9394 120.3493 285.3644  45.0629 369.3173 361.6637 204.0298 276.8551 414.0707 128.0015 117.8279  88.0514 183.3089 241.9786 396.0001 398.2696 210.7858 305.5009   7.8267   7.9967 429.2543 288.8943 166.1327 125.5160  81.0318   6.9893 357.0990   3.9042 341.8333 256.0180 127.9977 429.4472   7.9570  38.1913 410.8951 156.1791 222.0022  49.5984 359.7952 311.3367 433.0277 339.0797  32.7616  53.9559 293.4432 215.5581 
376.6747   5.0013 324.1648  28.9711 111.9311 306.6302 208.8723 278.9268 396.1976 365.1096 431.5594 343.4744 374.2044 438.1309   7.5976 332.9454 285.5413 134.9760 111.6838 156.4411 180.5177 273.0004  78.7499 158.2916 339.4143 236.1136 358.4614 194.9722 445.9133 309.0467   7.9122 279.4619  17.0001 274.6883 374.0161   5.7970 291.5556 292.0833 441.6031 379.3777 326.5255 325.0062 396.8825 347.9915 287.9993 207.4175 336.2387 243.9991  55.9567  54.5107 
304.2182 160.8168  33.2216  72.1218 167.0949  96.8691 285.0229 308.0053 371.1298  51.7887 382.3832 234.9881 324.0258 233.6709 428.9814 179.8638  80.0441  91.1647 417.2254 186.8903 104.8973 334.0464 430.1101  30.9611   8.5801 101.0413  29.0357 289.9465 168.6651 327.1212  57.1254 164.8949 397.1364 360.0974 211.6232 312.8607  91.9643 146.6417 234.6218 200.7284 351.1313   6.5471 320.5811 447.1271 253.4914 427.0626 317.9852 232.4791 328.2264 160.6288 
297.3441 385.3961 319.8681 442.9047 225.4637  17.3969  15.6094  79.4863 337.0271  49.8154 322.5598 215.8690 200.1100 162.2367 185.6310 191.8643  44.6202 219.0022 167.6629 164.2058 403.3782   4.8233  35.4879 336.0002 266.5190  38.0444 176.0741 377.8772  53.2383 231.0900  18.6420 435.0029 249.0468 373.0221 431.0000 281.4839 103.9701 315.8081 449.8653  80.1837 248.9400  97.0729 169.1578 408.8129 210.4267 188.9418 295.7705  50.0772  68.7610 104.9996 
281.1591  71.9560 297.5666 376.6694 283.9270 317.1946 334.9951  78.0899  90.4558  67.9193 352.0024  35.3735 404.0641 422.6387  82.1767 103.4256 133.5637 230.1929  27.0836 395.4143 259.7208 123.8555 125.2350 168.2954  81.1238  85.0461 441.0838 392.0119  71.1737  66.5514  58.1238 255.0828 216.7614  88.0023 136.1939 142.0512 296.0578 393.3969 281.8545 188.8868   8.1694 196.0735 315.8931 253.4850  23.0384 259.4133 117.1345 243.5588 282.6961 316.2662 
 26.7746 449.2199 375.2428 293.8264 273.4813  52.0002 164.0133  38.3453 171.2111 213.0096 143.8829 388.0665 181.9856 371.5141 185.3859  53.2650 324.1455 321.3470 121.5678  41.8113 383.5739 374.0484 207.2500 298.5136 289.8359 135.0034 128.8161 272.8449 162.3869 375.6876 121.3242 390.9991 143.3876  31.0060 116.5526 409.4680 157.7704 302.7302  55.9377  54.0059 124.7133 421.8223 301.1011 249.9481 134.2875 289.6383 260.5300 436.5201 100.2252 112.9999 
225.0580  72.9918  36.9831 258.5256 420.8866 255.8698 274.4279 374.9021  69.7144 313.9836   3.8427 269.9730 425.9478 191.0610 158.8236  71.3292 126.3787 390.1956 166.4762 181.9823 392.3316 398.2715 106.9297   0.0291 441.1191 328.3284 164.9985 320.9895  41.2370   8.1867 114.4063 327.3624 285.3495 293.9538 246.0027  11.0098 390.9965 419.3145   5.9946 296.9940 365.9592 260.9979 146.3481 407.8137 436.9949 305.0419 285.9779 202.9655  87.1094  54.9972 
 51.0722 400.4855 195.5508 322.0978  25.1220 254.9170 108.0803 224.0013 335.5747  59.5051 293.4019 138.7917 338.5867   2.3115 159.1221   4.8777  43.3977 440.3984 298.9799 304.8338  93.0692 227.4471 122.1255 247.7126 132.1136 111.9533 113.2706 104.0000 300.6845 370.9096 117.1584 303.9979 359.4201 221.2030 104.9864 174.7981  54.6943  87.4043  96.6454 334.0254  78.8681 429.8941  83.8330 132.8589 360.4585 319.1226 133.6693 276.6427 352.0051 447.5657 
341.9996 264.0000 277.6751 152.7621  22.8252 317.2674  14.2993 309.1785 413.9988 257.8651 331.0136 215.2361  62.4216 422.5461 396.3775 279.0507  38.0011 191.7256  23.7030 183.2591 115.0000  92.8926 272.9754 124.8746  97.0107 378.6101  30.2771 391.0981 148.6962  40.2786 283.5177 390.1256 166.9403 176.0037 185.9662  27.0098 155.8158  77.6825  33.3487 407.4775 398.0390 421.8635 244.7437 373.4120 324.9992  48.4127 178.2104 201.6022 355.6095 264.0314 
100.4065 149.8379  61.7687 425.1494 434.3071 436.8359 386.3715 178.7012 122.0027 137.2087 248.8650   3.6272 314.9475 442.3408 134.6634  30.1302   3.0622 365.5378 137.5234  12.9914 444.0201 270.0254 208.8585 445.6775 163.5457 158.3940 378.9113 266.1217 274.0430 416.5794 357.8745  21.3834 281.9655 216.5713 376.2506 317.9056  92.6685 142.2390 279.0835 371.0809 405.6217  19.9972   2.8157 363.8318   2.5146 137.6013 257.0003 154.0832 260.1641 145.1574 
137.5886 266.8987 136.0021 283.0008 169.1877 358.8913 318.4495 372.9752 262.9817  94.5962 418.1089 391.9189 397.3506 335.5393 204.1932 276.6783 221.1308 164.6379 396.6784   1.9950 281.3486 344.2038  97.1975 238.1526  67.3505 311.7153 275.3901 181.1531  84.0231   3.9084 409.8851 411.9261 142.0466 261.5930  64.1836 398.5871 343.8861 170.8389  22.7621 325.7106 189.0882 334.9569 198.2474 105.4222 318.0194 383.5042 228.5563 114.8104  43.9880  14.9762 
140.9422 139.5799 175.5724  35.9939  73.9741 442.8942 220.1797 372.9998 158.8476 399.9840 362.8071 356.9977 364.7676 140.9908 405.2147 301.5160 221.6508 382.8506 398.9768 198.2532 402.5284 206.5339 272.9616  87.4685 244.7358 370.1767  21.8076 137.5012  78.0917 147.0017 182.7719  99.4763 106.5457 129.5300   9.4046  13.1235  82.0369 383.9992 381.8226  25.9714 132.0780 145.8223 267.9687 379.1306 392.4409 210.2264 380.0070 177.0000 206.0844 269.2984 
232.0525  84.9204 155.0038  23.2484 279.5197 356.8936 311.0440 267.1828 163.4741 207.4172 193.6676 247.7022 268.7141  18.0121 276.9099 386.1144 387.6945 385.4377 100.7641 238.9634 323.7314  84.4694 286.0000 304.1575  98.4413 244.3128 126.4102 135.5730 399.2262 195.1790 263.5462 360.9984 419.8739 225.9028 208.1449 335.2898 322.2080 245.5016 331.9029 242.1500 194.3714 403.5122 215.1305 298.7891 197.1821  84.3167 445.0575  32.0145  89.5655 368.6024 
322.2976 126.0956 339.5790 352.5578 194.0282 153.9930 383.0021  13.4843 198.1232  57.0484   1.1213 230.0889 196.6749 155.9988  34.0273  16.7346  74.6432 244.7984 170.2206 185.0108 142.0882 194.9103  40.7562 145.0601  54.6656 173.1308 127.6850 345.0000 314.3734  12.8784 169.5072 436.9681 441.6622 227.8529 200.3749  46.5299  73.8980  44.9979 236.9726 386.7739 325.8110 223.7028 253.2817  51.6425 243.0660 323.9393 388.7011 103.8744 148.1441 229.8136 
384.0073 383.6933 127.5008 201.9656 338.9418  63.9208 248.9751 124.7838 319.0366 217.9431 126.2335 266.9639 227.6029 258.0596 328.8208 209.1818 197.3106 405.2189 277.9992 150.4186 303.9207 449.7283 239.1042 326.9915 242.8523 432.0083  11.0184  82.9988 270.9162 249.8420  24.0060 296.6634 364.7627 289.7405 205.5537 444.2733 107.0789 396.4516 423.5287 102.5604  35.3712 112.9937 398.9124 103.3033 128.2901 306.5274 366.6639 253.0880 270.7505 277.0774 
118.3636   9.9386 315.5968 165.0023  21.9988 244.9768 221.5966 167.2867 391.8588  15.7038   7.0171 115.4638  16.0175 101.9716 426.0315 352.0791 226.7363 269.5573  71.4724 217.4937 135.4572 363.1435  69.0716 428.9830 109.6064 121.6176 290.9867 251.2900 344.6751  27.2389  92.5858 283.3365 158.9974 326.9972  99.0507 255.0294 307.7954  38.2387 174.0804 271.9936  85.5156 158.5344 274.6092   0.2482 251.0441 102.0485 134.9625 395.2431 110.9508 226.7464 
151.5452 422.0074 359.3290 407.1129  48.9731 315.0148 225.6822 238.0000  46.3418 277.5072 197.3761 242.9947  51.3383 257.0033 320.4111 106.1150 121.2285 233.8943 278.1299  38.2980 355.8262 272.6369 232.4143 276.9471  45.4444  14.5480  61.6305 324.4871 419.0004 250.0000 240.4702 108.1821  82.4287  86.1559 123.5226 123.0002 232.0008 370.1070  91.9232 154.9977 350.9995 343.9878 249.3139  33.5658 276.1525 290.9832 265.6211 421.9011 373.5941  80.4120 
200.6958 388.5320 218.3154 291.6861 190.1952  40.4853 281.3277  86.1503 103.7618 407.8950  66.3115 273.8456   2.6364 179.3041 322.6005 345.0440  30.2497 116.0019 418.0817 358.9939 222.9701  75.5276  81.9158 100.7580 266.0015 115.9561 336.4065 374.4064 369.1886 278.1127 421.4428 418.0050  75.8419 433.1489  13.0005 304.1868 199.9797 114.9457  43.7527 161.6851 240.8601   4.3710 170.1432  13.1066 232.9417 437.9902  75.5443 112.0345  90.1057  65.0027 
333.4427  58.6485  47.5476 392.6430 192.9102 120.6085 206.8130  70.7128 354.9240 151.2745 210.3178  10.5643  13.9998  43.2441 165.4450 318.4823 260.2249 430.9996 227.0094 370.7694 368.8424 171.0692 436.9995 395.3783 130.2640 104.0515 311.4937 328.4888 245.9992 444.2924 295.9474  48.2976 218.2894 336.7616  83.0008 333.0387 383.9575 423.5272 288.9743 164.2042 271.1392 355.9788 247.6104 263.0537 306.5493  23.5149 105.4627   0.0381 229.4615 277.6182 
 65.0408 289.1520 235.9362 144.4270 185.7331 251.5774 261.4195 103.9921 261.0406 300.2677 201.5856 335.4377 284.9789 112.5081 337.9332 323.4782  45.3213 208.8215 340.8611 313.3884  96.4842  64.9982 212.9013 255.4507 141.9999 105.8378  70.0197 425.8770 161.7674 364.9454 273.1657 251.6611 421.9481 354.0640 316.6967  90.4553 148.9877 196.6123 130.4098 274.6834 282.3975 331.9013 235.3572  22.8017  47.2729  47.9937 399.4116 270.9335 159.9617 141.1669 
292.0707 260.6778 300.6394 316.5754 198.9221 135.6783 182.4192 255.8658  13.6103 229.1329 332.3612 383.3974 357.8357 125.9959 263.5026 253.3497  39.0974 408.7007 390.7681 171.0458 133.6581 170.5828 392.3788 420.9305 250.6585 215.0706 129.9424 270.5358 216.0887 285.9868 225.0962 444.7357 127.5035 388.9609 325.0177 302.0018 273.9992 165.0739  32.0098 440.1994 333.0797 238.1830 434.2951 204.0358 305.9958 304.3707 301.0552  20.6290 282.1095  43.5517 
302.6695 266.1089 119.2692 427.1944 343.1354 382.8118 450.7585 175.7756 434.6133  37.9761 315.7227 171.9262 304.0900 425.1479 328.1423 182.4992 390.9746 408.4794  87.4114 178.9268 150.2923 196.8653 227.9138 254.9972  17.1223 154.9569 367.0983 395.0180 405.7827  36.0888 267.3899  88.5236 199.0165  56.3618 120.0977  66.2879 155.4541 375.8807 290.3459 324.9267 241.9893 299.7888 225.8780 407.8693 117.5285  24.9392 243.4173 380.6144 160.4065 181.9938 
 54.2209 267.1279  31.6795 228.5159 424.9294 423.9433 246.9207 297.4207 163.8583 438.7394 381.8327  88.6635  51.0936 309.1839  43.9938 448.7709 435.4736 418.9764 109.7317 134.7321 142.0339 287.0738 436.6387 310.7678 104.1316 426.3122 338.9918 104.0990 276.9999  18.8448 145.7376   2.2366 274.0707 423.7583 134.6297 358.2889 119.0254  11.0440 389.6956 139.1530 313.8677 122.2269 102.3227 111.0003 414.9453 368.7202 228.9632 199.9973 195.3818 420.7527 
223.2189 269.5106 109.0002  40.0199 212.3893 123.8826  51.9585 256.1861 234.0181 322.8586 389.0051 201.2218 379.9992 237.4610 344.5892 208.9513 117.0310 392.1240 127.9891 438.0018  93.0388 113.2679 352.0094 386.9821 273.4590 137.7851 145.2367 190.1687 432.1677 214.8410 147.0050 344.8062 169.3447 147.9545 281.9982 190.8488 377.8580 340.1625 389.7209 231.7015  35.9905 190.4298 291.9431 419.6845 100.9699 285.3043 362.9648  63.0043 358.2270 316.1063 
378.9892 152.0109 425.0525 178.6951   0.5703 306.1519 315.9780 301.1322 103.0135 259.0003 436.1056 154.8145 408.9270 187.6391  48.8973 295.2082 395.9731  98.8321 206.0001 115.9103  29.0233 296.0311 270.9549  97.4033 189.2331 423.0457 325.0706 147.7216 294.2894   4.7898 435.4326 304.0093 415.3193  37.9737 136.1174 398.1327 308.4829 450.2113  36.1989 271.3629 432.4338 420.9992 449.8409 391.5452 210.9027 220.0953 141.9658  80.9164 289.1458   3.5899 
424.9366 133.0094 401.8913 421.8123 273.2046 256.4848 158.0334 236.9947 295.0446 202.6543 158.1933  18.4500 272.2626 262.9940 336.2618 344.8392 292.8686 197.8777 380.0825  59.0989 207.1139 183.9999  23.0469 252.8116 251.6072 132.0611 117.2269 363.8118 302.0538  28.2209 317.8988 248.2544  19.7955 201.7684 130.0381  16.6317 206.7209 440.2384 328.9193  58.5222 329.0987 367.0232 161.9569  37.8150  64.8204 443.9989 337.9672 320.9502 255.0001  90.8233 
  0.4276 275.3616 267.9924 151.6097   1.0574 213.5661 338.0557 367.2335 427.0792 431.6183 367.0945  39.2021 318.8204  89.1520  87.9592 268.8361  30.0945 112.7265 300.9665 411.9920  33.0881 280.7223 363.9838 209.6457 245.8411 136.5711  19.8770 303.7228  68.7269  51.9512  28.1185  36.0338  73.4173 135.5342 372.1367 313.9998 325.0672 255.6688 204.9632 221.0986 272.7271  62.8070 436.0199 191.1737 111.1277 238.8408  62.5440 221.0249 160.9094  41.1983 
186.9909 108.1939 142.3447 206.9086 268.6771 374.2276  80.7799 409.8240 414.9995  14.3191 337.3869 135.0018 245.9710  99.0430 299.2789 330.2967 413.0000 416.1048  73.9067 386.1618 428.1217  68.4412 401.1943 177.8415 260.3790 216.2298  70.2792 116.7462  58.4473 298.9668 147.4038 221.6248  93.6756  26.3988  70.8902 223.8684 264.0485  63.8516  60.8212 151.9703 193.0604  96.0458 258.2643 372.9354 168.0073 153.3401 318.4143 184.8703 259.4111  65.0360 
183.5863  24.1053 338.1693  99.3998 313.1599 122.9583 143.0943 275.1977 384.8904 350.0061  48.6229 102.8223 253.5302 227.4987 186.9886  26.1409 151.0108  84.0030 387.8136   7.1443 307.6371  70.9631 282.9135 107.1395 114.9226 297.5237  66.9267 264.1151 194.4267  98.1782 249.9402 191.7906 347.9918 156.3092 146.0008 238.4909  21.2598 370.0082  84.9022 184.0689  71.2604 365.4256 221.9746 232.9404 189.3970 311.0085 164.3759 397.6287 421.9310 261.5344 
326.0044 222.0486 392.6549  76.9010 242.5208 118.0977  80.7160 160.9868 303.5404 306.3355 183.7319 299.1871  93.9980 281.9991 362.0221 285.1482   1.0370 222.0298 291.6387 106.0865  17.0258  24.6518 386.5247 336.4061 386.7100 131.6210 298.8678 136.9719 273.0693  17.2957 227.1824  58.6947  34.9628  10.3200 360.8222 100.8905 179.9889 384.0610 438.6717  25.5211 249.4203 427.6247 186.8973 127.8411 208.9893 200.0942   0.6358 255.1527 109.9325 428.1530 
155.9999  47.2109 147.7286 136.1974 269.1827 137.0000 367.8869 198.9446 207.3683  35.9879 210.6783 445.5414 341.8810 311.0866 264.6191 447.7201 311.0517 214.9820 310.8787 193.3706 382.1728 144.3397  66.8128  53.1872  88.0183 338.6504 302.0368 170.8159 120.1123 261.9966 335.9983  64.0881  11.2773 114.9821 407.6579 442.5642 357.9977  27.1301 341.3489 320.9519 264.9771 238.7861 140.8216 108.4414 358.3899 326.0292  68.0799 386.5634 292.6031 432.4981 
 87.6914 415.3084 112.0160  49.3866 388.7034 145.1322 163.7519 352.4997 348.2389 387.2118 249.7848  65.0037 274.0240 404.9987 242.9404 123.5571 263.5176  98.0053 204.2461  83.5319 296.9978 282.0212  92.1607  57.6942 207.7562 115.2558  65.3166 123.7626  37.9867 376.0967 238.6245 213.6022  90.3157 343.1542 173.1628 442.8076 314.6779 134.3780 374.3479 393.1177  53.0875   4.0469 427.0172 231.0456 239.4116 367.0034 426.1322  77.8925 186.0073 372.3740 
448.0364 441.7867 323.1105 424.0596  37.1431 177.6160 296.6569 406.2082 411.8699 190.3497 204.5235  81.9021 358.9615 184.4759  64.9662 395.6959 111.9743 120.2368 195.5564 162.0553  93.0149 336.5228 284.3482  38.7805 345.5660 155.9954 356.8165 167.1742 415.9015 164.8177 294.0772 259.2867 111.5867 115.5410 332.0986 245.0868 178.8249 194.8593 303.7386 209.7970 282.9762 263.3039 259.5161 216.1869 141.7102  88.0291 382.9135 311.9988 305.7575 151.1780 
397.2271  24.8310 108.1570 403.3178 384.0015 259.4993 250.3057  28.3366 122.8610  73.2678 158.8429  15.9745 155.7218 371.4198 280.2668  60.2143  47.5950   1.6685  40.5408 340.3477 192.9542 201.3865  93.6440 381.0022 235.8255 366.4345 162.5217 187.0097 256.3492 428.7187 217.8486  70.1223 368.2194 316.0028 401.2121  99.4398 159.4116 249.4284 362.5160 437.8174 398.7018  12.6707 400.8848 185.1402  53.2054 357.5935 144.0269 435.0136 356.9893  12.0981 
 70.6285 296.7138 106.5551 139.3161 160.0275 115.1744 439.5455 262.2303 360.7512 307.4265  60.4419 122.9940 314.3363 127.9815 190.8941  16.2930 243.1735  14.1318 380.5121 225.3428 112.7699 221.1622 146.0001  89.8377 440.0543 308.0583  90.3969  15.4194 258.9512  66.0939 371.1953 244.4644 242.0741 291.1592 133.9848 417.0059   3.7543 198.1109 207.8693 185.1866  41.9170  94.7434 274.1872 176.3446 137.4329  17.0021  48.9999  84.9908  69.1363 186.4143 
403.6019 141.2271  87.0159 212.9938  29.0491 310.2149 330.0463 204.6633 300.5217 423.7527  92.1525 260.1918 162.3903 404.8509 187.9751  10.9995 418.0741 262.1776 307.8167  40.1324 292.6499 150.4202  44.0871 353.3112 375.1327  47.9481  71.1651 362.0465 390.7737  32.3179 135.7579 141.6533 100.4059 379.0992 249.6033 272.8703 275.8913 254.7113 265.5224 241.6709 337.0904 312.5358 367.8580 292.1760 192.0215  94.3928 164.6620  48.1457  21.9985 348.0433 
300.0276 293.0162 280.9805 360.1413  46.0004 366.3462 102.9995 275.3559  26.7134 327.6911 215.0543 371.5410 421.0109   1.7446 179.9595 357.5789 205.1675  47.0280  30.3234   7.2561  93.0364 236.6764  32.7106 110.1069 107.5146 322.8065 449.7523 366.7618 417.9403  89.6486 194.0166  69.2462 137.9847  77.1941 229.1050  92.4172 353.0312 325.6305 199.0036 399.1683 179.8904 160.4847 424.8161 447.8934 286.5200 270.0130  58.9530 376.6802 366.9083 383.9140 
221.5467  46.7834 215.0405 192.9907 223.0465 183.4418 396.1492 321.0458 207.8943   7.9947 225.4836  77.9850 367.3028 100.4540 236.0977  48.1296 254.4347 367.4586 436.9614  39.7728 328.0005 304.5962 198.8062 295.1311 383.1230  38.6306  78.9702   7.7046 446.4478  21.3692 338.5410 307.9371 360.3685 375.2212  28.5755 214.3431 292.1477  60.3167 260.9665   2.7253 273.2487 355.0865 198.3029 264.0279 234.9786 201.9839  94.9513 140.9980  44.8012 380.9563 
 69.6817 155.9768 415.8983 183.4354 259.6290 166.7143  91.0604 205.9958 134.6431 415.9730 313.2712 411.7642 165.3708 302.0046 311.6222 204.8353  95.9378  99.0516 178.3854 106.2079  49.8554 153.0880 292.2984 193.8360 311.0268 309.4107 411.5379 231.7839 128.6133 109.0026   3.0098  45.0470 360.9336  29.0411  36.3717 370.2663 195.4041 125.0234 346.5661 275.8212 355.0875 388.9980   1.1736 225.1090 273.9640 212.2083 285.6523 355.3088 185.2963 320.1306 
161.3184 299.0490 420.0903 402.9822 251.0550 209.4911 112.5228  99.9752 148.9515 315.0037  43.7497 344.7312 434.3701 118.8163 347.6175 391.6377 102.0168 406.0970  98.0470 135.0132 166.5935 125.0947 180.8057 145.9596 114.7095 136.6049 250.1739 230.6781  57.4060 202.2419 327.0709 427.0444 264.1860 188.0298 377.0069 271.9825 243.0219 290.9895 396.8173 396.2379 221.9978 397.7315 417.0291 232.8174 308.9041 140.2860 237.6961 434.0015 270.9567 297.5863 
335.9565  98.6722 349.9182 271.9965 327.0390  93.5821 172.7612 177.9865 160.7702 123.2774 129.9370 406.4286 371.1254 323.1998 234.9868 117.0150 291.7713 371.0000 260.9999 222.0794 338.8910 346.5786  80.0110 153.0290 139.7919 158.8551 377.1181 131.0821 341.8560  70.9752 385.7310 111.9994 384.5565 265.4942 445.1776 137.5722 232.5587 372.9241 336.7374 114.5682 411.3657   1.4971 440.3970 335.7193 430.9161 375.1639  93.7379  87.9999 269.1367 139.1271 
 24.9688 424.0049 365.9729 267.0939 221.7200 343.6690  72.2435 326.5572 146.3841 205.8084 327.5173 290.1211 191.4267  24.0000 239.2590 334.8932 271.9892 236.8451 329.0878  39.9508 205.2555 433.0645 241.5510 158.1831 221.1015 365.0798 270.1173 402.0979  39.5740  74.5424 396.2083 190.4743 177.0072 318.0789 106.8691 206.9917  94.8859 191.9995   4.6695 226.4352 201.0700 177.3506 305.0150 104.4764 428.0018  23.9510 367.3976  20.2446 359.0045  77.5652 
341.1310 215.6702 224.3858  82.5820 428.3849 261.9120  69.8048 156.0508 374.8422 326.9502 176.1717 443.6623 410.1413  42.9337 161.7993 237.0149 352.8946 394.4434  28.2151   8.7556  63.5820  61.8312 132.8769 165.1586 312.7804  58.2904 228.2605 278.5218 146.7628 292.0691 441.5626  94.0680 251.0801 323.3420 448.9462 283.7892 134.7842 151.4125 278.7502  80.5517 220.5938  43.0028 253.2051 273.3304 151.8688 142.9995 250.2979 421.8317 203.0692 143.4104 
170.9999  84.7643 406.9532 302.0613  72.2938 267.7456 373.1841 430.9404 127.0994 246.2950 203.0471  50.8409 151.9907 324.8218 394.1549 138.4655 212.5813 435.9281 295.5708 393.4766 175.8969 409.7229 128.4274 376.7878 127.3220  13.0133 341.9983  14.7276 250.0573 387.2624  85.5495 420.3581 317.5293 199.9998 179.3719 170.8083 140.0015 231.8066  81.4655 128.4587  76.7608 100.9502 206.0701 176.2856 203.8588 219.8553 225.0018 432.5899 225.9909 122.0178 
 76.4146 384.9201 338.5394   1.0011  28.9983 162.9896 244.4893 376.0071  79.4173 346.5230 356.8318 374.3656 154.1044  90.4663 449.3294  25.0725  66.7196 136.9239 395.7365 157.9571 355.8417 328.8563 161.8211 358.2964 415.3278  22.3418 150.0160 268.7970 446.9989  77.9678 357.5716  95.2794 330.5301 150.0145 101.2602  34.9883  31.0001 380.0991  89.1551 175.9831 378.2791  50.7687   6.9854 348.5712 143.6630 282.0151  82.0391 407.6801 119.8696 319.6366 
421.0062 408.8703 419.2247 225.9533 246.9625 212.7010 209.0675 104.0232 338.9094  84.6766  59.8586 378.9479  49.9366 305.7557 302.9399  72.0799  37.9530 426.9982 275.0634 321.3449 315.9360 124.6453 418.8379 181.4426 374.2637  98.8844 293.0594 146.4066  97.8975 121.2911 123.8220   7.5552  72.5057 385.0691 215.0026  98.2298 424.0013 100.9398 419.0085 303.5222 234.8311 364.0009 299.7830 129.7522 354.1437  70.0197 235.8329 179.0020  92.3850 305.4952 
 55.9205  68.6083  43.8642 218.0011 225.7517 186.0231 202.9920  44.6070 415.0080 446.9097 290.9287 376.0277 124.1311  56.8765  34.9973   5.8515 399.0845 204.9329 353.0579 192.8239 224.2782 439.2804 107.9275 351.2319 172.6247 181.0118 350.7895 326.9563 435.0438 401.3311 232.7122 292.4423 403.8908 174.9556 370.0531 438.0001 335.0758 302.7559 383.9839 339.4377 140.2248 328.3534 441.4172  30.8217 278.8276 119.9531 243.6773 263.0092   9.7656 289.8050 
246.5898  28.3641 372.3110 108.1925 118.3961 373.3160   9.9760 227.8268 187.2341 386.0152 166.5139 396.6546 399.9478 331.7797 166.6549 190.7779  48.6139 251.6835  38.9474 338.0796 270.0632 216.4641 341.9904  25.0268 265.8745 212.8866 264.8155 318.0000 122.0343  12.2344  72.7954 161.3977 374.0702 230.1701  39.8767 111.9017   1.9655 126.2858 165.7375 304.3318 288.3570 289.3347 181.2284 300.9865 271.4347 425.0824 378.5327  18.8755  97.0843  81.0034 
154.1849  86.2424  59.2379 200.9161 198.0697 118.6505 277.9478 228.2989 318.6278 219.8511 342.4105 165.9682 443.6869  16.1797  53.4899 254.0000 425.0241 169.4415 210.0271 301.0316 442.0062  21.2383 445.8551 335.9687 357.3530 385.2273  78.9081 237.4138 336.0080 395.3972 168.1839  12.9950 419.0053 255.0050 375.9964 422.3023 422.9092 388.9985 273.6705  22.0552 324.1176 112.2202  35.4142 104.8869 143.0000  32.3790   5.3779 432.8912 255.3366  60.9448 
107.4439 149.3473 295.9179 232.2216  12.3564  22.9958 304.0238 419.3056  30.7855 300.1258 173.4653 321.9180  14.8070 223.9765 392.5649 186.3733 304.1574 423.0489 274.6624 433.2684  32.2047 170.9966 314.8934 223.9399 242.0906  11.1148 299.1319 116.9955 442.7523  61.2340 363.0001 319.5262 224.1110 360.8417 140.4214 261.5319 129.3573  20.5821 430.0289  61.2596 275.6078 111.0045 371.0868 249.2981  99.2173 346.9996 257.4200 137.8506  23.9306 421.9699 
 97.1150 118.6945 172.7091 448.9752  92.8356  14.6678  97.0379 372.7799 217.9884 281.9908 206.3239 375.2218 130.7952 198.6152 380.1654 262.8496 165.2978  64.5163 397.0001 446.0003 346.7799  60.1677 205.5642 207.1140  43.3051 282.2313 177.4940 357.3615 387.2175 432.0200 338.1182  35.9910 419.0766 390.4535 304.0692 165.9311 422.6306 247.6682 190.3218  98.5961 284.9274 151.7793  42.9582 381.6629 182.0000 310.1663 123.9558 183.4715 338.5294 229.4918 
445.9637   4.5953  93.5268  75.0013 420.9564 248.9642  38.0869 136.0150 267.0218 255.0666  71.0862 266.0642 362.6508 219.0710 153.3980 213.1429 309.5938 164.0008  88.3318 304.9982 108.8259 208.5136 179.9749 108.9389  57.7627 250.9586 347.4809 273.2593 169.4679 104.7114 193.7658 263.7571 241.8975 322.1504 258.1149 403.2135 144.0074  73.8546 122.3620 366.2264 122.8160 225.2964 293.3842  44.8928 164.3089 225.0238  71.4696   2.1848 252.9999  38.9311 
 60.7029 123.2932  68.9565 348.5880 370.9964 141.5943 263.6631  51.4936 275.1156 339.5147 150.5307 436.5822 270.0082 308.9655 391.1777  23.2428 109.4055 176.9999 225.3437  36.8302 411.8650 156.9639 288.6617  55.1976 179.6615  25.8311 369.2271  25.8873 273.1491 157.4600 379.1441 180.8261  18.9948 360.0135 392.0809 270.0000 450.8359 345.9797 156.8416 245.7070 161.3398 120.1682 249.3889 336.9361 187.9198 317.9999 421.2807 206.0333  30.8225 300.2360 
256.3629 268.5679 216.7265  58.9930 438.0515  15.8459 265.9930 285.0873 355.9878 386.8047 100.1228 271.0015 389.6941 346.3350 198.9682  54.0280  35.9851 153.3770  73.2030 180.0239 271.9625 448.0301 266.4213 239.5603 101.0936 138.1498 195.6289  62.0017  33.8306 108.4543 183.2555 196.4743 101.0035 221.1322 107.5346 239.5604 221.9764  98.7309 205.0092 348.9926 293.3174 296.5489 263.0798  48.8500 445.1524 235.0689 198.5083 305.6715 298.6114 198.2520 
 99.2209 110.1680 110.1999 387.9995 259.8472 308.0168 421.7153 349.1389 279.5100 321.1262  99.7563 291.3805 345.7119 400.0838 256.2850 269.9726 378.5157 271.8551 290.4735 205.8217  87.8069 372.9530  92.7831  75.9999  26.8231 146.0864 244.4653 216.9999 173.9818 319.9582  53.0491 420.5431 182.0001 124.9996 126.1355 413.0701 312.0294 127.0581 389.1858  34.6147 162.2547 411.0030 410.5385 443.5394 390.1646 415.0300 213.4998 437.5546 162.8787 403.8123 
210.4783 410.9800 384.0914 332.5273 378.0275  58.8561  96.7343 270.0614 117.5657 436.5496 169.0521  51.4178 154.4755 200.7954 448.6557 317.8411 433.0107 334.9519 178.3999 296.8965 107.1946 150.9447 277.9101 209.1740 404.7865 149.0237  10.3044  86.1159 103.2529 284.3119 125.7266 206.6182 187.9984   1.6584 283.8807 220.6267 155.2488  32.5947 267.1496  95.5058  46.4998 285.0011  57.7103 136.0359 369.5450  88.6911 385.7947 149.0313 422.0485 136.4295 
115.7609 369.9941 192.0612 127.5583 427.1480 387.7878 154.9742 158.3986  63.0641 423.9887 152.0214 447.6023 301.8273 213.9210 237.0795 117.2430 420.1141  95.9955  50.2736  49.2312 272.3647 389.8685 278.1150  74.0442 332.2357 248.6549 286.9770 283.4881 116.8910  84.9781 286.9884 275.2441 321.6804 206.5222   9.2369  28.8317 150.2110 450.0076 247.7398 423.4492 160.9360   6.9950 409.4430 320.8691 167.8931 163.5823 113.0547  43.1323 268.0107 397.3769 
421.0707 181.0237 266.1409 214.0336 140.7337 296.1342 168.1304 322.0028 410.6378 351.8144 400.4633 110.5168 320.2192   7.0024 443.0370 263.2862   6.9506 263.2215 145.8305  88.8562 310.8614 343.3857 258.1670 213.0386 450.1648 175.6018 124.6358 137.0629 363.0239 392.9891  16.1727 287.8931  92.6775 114.0869 145.4491 419.0045 168.2201 444.9458 226.3891 114.7579 409.9662 207.0362 258.1525 243.5220 102.1397 321.9048 228.9175 320.2435 449.0383 361.8450 
399.3199 157.2462 310.1394 321.1570  48.8844 442.2361 238.5811 220.9009 104.1415 323.2790 291.0001 442.3183  36.0270 286.7637 319.4103 367.1170 439.6877  70.3089 140.9722 193.1331 128.7204 174.0412 421.8944 235.9891 365.4626  22.0576 171.3324 304.9920 386.8634  94.3817 441.1577 281.9448 183.7556 348.6293  37.0097 204.0013 309.1939 355.9892  84.7221 361.6296 135.3627 191.0950 282.3623 358.5559 229.9880 372.4985 295.6503 175.2033 139.9505 381.0078 
302.8358 385.8632  86.8694  12.7872 401.4981 429.9989  29.9815 444.9306 104.6545  45.4686 214.0064  18.0577 329.2271  87.1722  14.1047 165.4779 200.0152  29.8842 280.7366 246.0572 201.9750 438.0000 354.6707  90.4619 172.0973 404.6573 434.0496  85.3495  92.0597 143.1745 306.5634  48.0041 269.4249 246.2548 172.1405 262.7865 199.3861 192.6793 169.9781  66.6100 197.8688 148.9590 262.8943 344.6631 111.7556 106.2547  62.1491 282.8022 218.9988 301.1597 
290.8977 229.1685 367.9030 112.0523  57.4503 390.2699 424.0007 127.2950 391.4765  18.9894  89.8215 159.9997 303.8848 287.8636 290.1349  86.7390  67.7181 143.3311 221.1214 257.3020 296.1822 250.1105 191.9199 170.7191 355.9838 320.2940 422.0992  33.0044 312.0045 205.9537 351.9838 397.5002 110.3803 149.0095 259.2383 205.9300 440.9817   8.0197 346.9589 403.6451 104.3043  79.9728 438.0202 171.9848 289.9806 244.0344 429.6162  31.4940   6.0292 129.0036 
155.1510 353.2926 146.4576   9.6272  13.1593 100.9999 223.0001 113.2904 444.3785 195.6617  38.8024 439.9036  16.9956 372.4591  66.7611  37.5892 108.4317  87.1237  24.5214 217.1588  34.6346 335.9982 210.9785 325.9999 170.7142 437.0000  76.6699  71.8862 113.0001  25.5712 407.9740 259.9541  34.1895 231.9763 130.1321  49.9984  58.1479 191.9930 434.5005 238.2731  77.6422 123.1051 285.0487 126.1785   4.4383 343.9513 221.4428 270.0802 126.6759  54.1314 
168.9726  14.6710 428.9590 266.9838 181.0370  13.6221 254.2777 373.4809 275.3651  61.0177 311.4578 191.9730 234.1957 265.9019   1.5071 355.1933 268.5958  34.4866 415.0828 430.1993 345.4355 415.8938 136.9618 225.5640 245.3790 305.1261 103.2516 445.0513  81.0813 428.9278 172.0796 295.8472 372.7797 220.3358 358.9864 193.8312 286.0069 389.6837 416.9984 400.0085 328.2487 365.8059 449.7102  21.5707 356.7620 189.7802 170.8001 108.0335 318.6841 304.2270 
216.0542 378.1334 156.1844 342.9940  70.9662 196.4785 350.4331  30.6640 122.9207 343.0005 320.9047 438.4412 212.3855 282.6550 119.3754 204.2657  27.5861  13.8854 450.8324  92.6057  31.9208 223.0338 315.1888  49.9976  60.9822 380.4109 108.3205  48.4883 148.6293  39.4715 137.0198  75.5593 363.0007 183.0023  44.1561 185.0604 329.8175 283.4702  39.0109 341.0135 297.6291 175.5316 281.6127 415.9992 189.0240 125.0613 175.3244 418.7997 355.7807 257.3089 
409.9866 163.0248 173.0804 344.4943  47.0948  38.4463 292.8064  23.2009  70.1093  50.0145 421.2779 266.1496 381.2244 132.0022 358.9750 390.7525 208.6485  12.9868 199.9849 179.7867  29.2262 298.7947 234.1153 139.3370 109.5000  39.7722 231.0212 278.4428 102.0938 147.7952 109.9470 290.9928  85.9540 227.7538 302.7332  98.8254 216.3917 302.8278  23.4940 260.2706 315.9101 214.0028 310.7118  68.3374  10.9820 226.1636 123.3901   1.8847 292.2178  71.9817 
291.1308 212.6138 290.9768 119.9989   7.1477 288.5436 211.8414  35.8911 200.9665 402.0332 300.3584 210.8880 372.0229 188.3610 198.4818  96.8027 137.7804 273.0722 185.7273 169.1888 238.8238 215.3980 154.9428 211.5500 219.1493 176.7817 209.9678   1.0441 383.2698 253.4926 209.2388 431.1051 340.3045 445.4401 191.6644 128.7132  36.8735 206.9482 195.5301 168.5019 143.0914 418.7953  87.9658 142.2720 284.5227 218.9449 302.8829   7.5140 123.5634 287.0612 
 31.0044 224.8678 264.0005 386.8114 190.3435  61.7563 367.5049  77.9395  18.7881 345.5235 368.3056 438.4123 424.4777 357.3437 428.3050 306.2717 149.7116  17.6384  28.3750 274.8579 102.5044 102.4991   4.7855  68.0770 105.0578 228.4855  24.9512  91.8403 421.0255 303.3783 270.0519 110.0835 181.3389 245.9700 350.2378 260.0436 392.2374 418.9728 339.5576 131.0252 300.9729 373.9019 352.0703  74.4767 399.7865 367.9205 372.0201 386.5476 354.3488 274.0799 


1.1391 5.6430 9.9211 5.0983 5.8756 
5.5158 6.6356 9.3539 1.0292 6.0000 
2.0161 8.6307 6.6151 4.9651 8.0037 
4.8267 0.0003 3.7521 4.0184 4.6124 
5.9158 8.9011 7.9682 4.6750 2.9929 
4.4499 2.2038 8.0255 9.0779 8.9931 
1.9905 4.0518 4.0116 4.2605 2.9364 
7.8518 4.4208 3.3696 2.5589 8.8557 
9.8981 2.2268 1.9865 5.9936 3.7457 
3.0606 3.8678 1.4033 4.0004 3.9391 
5.8058 6.8875 2.1680 3.6956 6.4560 
7.5422 9.8102 2.8463 1.4960 4.9447 
2.6972 6.0053 5.0276 6.0466 6.0721 
5.3485 5.7316 8.0117 1.0674 3.6820 
3.4775 8.7333 8.5735 9.1327 1.3168 
1.7005 6.8376 2.8982 9.6369 7.8171 
4.8905 2.0280 2.8842 3.8879 0.5878 
8.4065 6.0415 2.1717 2.0041 2.9368 
7.2877 0.0103 8.9947 9.9997 2.7971 
1.0003 2.2979 3.6118 2.5002 3.0730 
3.2293 1.8314 4.9116 7.9459 5.7085 
5.0145 6.3141 4.4410 9.9680 3.3967 
8.0001 0.6193 2.0233 2.0023 6.2223 
8.7949 3.8693 9.5236 5.5815 6.3241 
5.0000 5.5937 1.8502 0.4952 4.3513 
5.0391 3.9957 5.0834 1.0023 5.0862 
3.1260 1.4355 8.7519 6.2567 9.5816 
9.7794 5.9447 5.8158 8.2685 4.5622 
1.0951 2.8777 0.0150 5.0775 3.9989 
5.8481 6.7335 5.9938 0.9542 1.4134 
6.3287 6.1974 1.9787 8.7477 9.4290 
1.1344 3.0603 8.9992 8.9982 8.7623 
5.1212 5.0005 7.3989 4.9996 7.9806 
4.1791 3.8409 2.8111 8.9168 9.9815 
0.2547 9.9680 3.4102 7.8130 5.0741 
2.5683 8.0430 5.7132 6.7339 1.0726 
4.2014 1.0013 8.0277 0.7972 4.0549 
4.3100 2.7026 8.4593 7.8324 7.0029 
4.9963 9.9447 5.9214 1.7525 5.7394 
3.1032 2.0778 8.8773 3.5721 2.0410 
1.6853 7.0911 1.9577 3.2376 3.0462 
6.1396 1.0569 8.0177 5.1777 5.7620 
5.1927 3.0568 7.4680 5.2605 3.2792 
4.5955 4.0183 8.4451 6.0116 7.7227 
1.3623 7.8566 4.3497 4.3920 4.6054 
2.2117 7.3699 0.0030 5.3984 1.0436 
7.1023 3.0123 1.0732 3.4291 2.9766 
0.9654 5.9109 8.6219 9.9766 8.4425 
6.9996 6.6109 2.4364 4.9977 8.5953 
5.6280 1.9837 4.9744 2.9166 0.4286 
