25 10 5


29 21 29 12 20 33 18 9 22 14 6 19 25 22 15 18 31 27 27 28 13 22 6 8 25
546 617 1299 1087 1110 971 901 1110 947 587
2568 2279 2799 945 1484


101.5932 183.2802  42.9357 139.1577 295.6615  29.0695 107.8149 249.5231 177.6943 259.8415
127.9079 162.9206  31.1834 139.6855 216.8990  82.2991 138.2606 167.8345 157.1385 183.5098
156.7181  54.3856 215.7181  94.7022  97.3593 216.4762 192.4377 107.7915  49.6925  87.3598
101.0626  99.5364  61.0320  95.3705 104.8336  87.8913 111.8836  69.4894  95.6653  83.0040
 38.2063  80.5811  63.8705  50.4801 163.9927  49.8197  57.0561 141.5491  76.9335 143.6497
174.4127  74.9594 223.8446 108.2249 120.0112 231.9527 215.9232 107.3774  66.4481  93.3900
132.7307  69.1111 158.4897  94.7212  26.3594 165.6177 155.1149  44.7694  66.7822  23.9623
 22.5139  27.8123  35.1203  17.3716  62.9940  33.0500  33.1353  53.4853  25.7055  53.9250
 57.4406  80.7133  73.1185  54.0148 163.6198  71.1512  81.1159 136.0015  75.5123 139.3550
 55.0342   8.5262 103.7323  26.3334  74.9001  93.4319  70.0388  84.2779  13.0230  74.6142
 10.6592  33.5840  24.2799  23.3240  61.9484  10.6405   7.5086  56.8138  33.1744  56.8998
111.5107 167.4697  42.1975 138.8463 235.8473  53.0440 109.5551 199.0222 163.6005 209.3969
 68.7464  28.1702 154.0755  14.8492 152.8827 134.4405  97.9123 154.0037  27.9564 142.9845
 42.6057  96.6010 146.0972  67.7729 208.3011 102.7322  37.7407 209.6555  99.0002 201.2880
162.0942 150.5672 115.5619 150.3982 137.2599 148.9668 176.8556  91.4397 145.7840 110.4474
119.6838  75.8492 122.3672  88.7040  66.1563 138.4545 142.1573  29.4640  70.8123  36.5347
192.7893 118.3214 202.5655 139.2587 117.7682 227.2594 231.5559  63.5568 109.4300  70.6807
 60.1300 112.8125  79.3120  74.0352 221.0589  66.8641  84.7168 187.6284 107.3857 191.9229
133.2044 175.9116  29.1762 145.5941 252.5280  86.3346 149.7568 195.4220 168.6271 212.0887
224.3688 178.1841 185.8525 187.8205 153.1500 229.6246 257.0493  68.7102 169.6312 101.9142
 37.8800  58.9009  99.7013  46.1648 123.7873  74.4029  35.7963 128.8491  61.1825 122.2664
151.6298 177.5842  56.2684 157.5477 221.6275 109.6033 165.1444 165.3771 171.0674 184.5721
 45.6052  30.6084  44.7195  35.3109  21.3334  51.1362  53.0754   4.8079  29.0099  10.3982
 51.4736  55.1912  24.8742  49.9251  68.1199  41.9862  58.1917  47.5403  52.6984  54.5281
134.6860 134.6860 134.6860 134.6860 134.6860 134.6860 134.6860 134.6860 134.6860 134.6860


7.0487 6.3466 7.3409 4.0719 3.4630
6.0373 5.0418 7.1222 5.1455 3.4630
5.4338 5.2898 4.7565 1.0373 3.4630
6.2121 5.3439 6.9395 4.3568 3.4630
5.1604 4.1183 7.0418 7.0913 3.4630
6.8574 6.4876 6.4805 2.7452 3.4630
7.8780 7.2249 8.0190 4.5395 3.4630
2.8655 1.8234 4.7584 5.4062 3.4630
5.8050 4.8163 6.8799 4.9358 3.4630
3.8142 2.7548 5.6704 5.9240 3.4630