50 25 5


15 29 17 13 9 13 10 12 14 9 21 25 6 30 17 9 15 10 7 32 14 18 12 14 32 30 27 10 29 20 27 19 8 12 7 31 11 13 8 21 26 15 18 30 12 18 18 30 9 27
1166 1249 953 509 492 823 969 1361 464 1332 549 1227 1346 1179 954 950 688 902 778 566 1256 1363 1211 1029 688
2142 4276 3939 2690 3024


 94.2258  90.9158  72.6189  38.9965  64.1064  17.1355  75.1991 150.5242  59.5591  68.7468  21.1835 113.1573  25.0352  74.2462  38.9134 132.2514  66.0613 132.6952 131.8043  50.9868  58.3054  31.6674   8.7387 102.4474  87.9447
 71.8276 151.2928  40.7241 195.4269  33.0803 106.9845  20.6797 200.9482 164.8438  31.7308 130.9317 215.4702 157.3848  95.7940 204.8004 173.6529  85.0378 161.3067 205.6744  33.5022  79.2587 172.6121 126.0990 185.3835 115.3416
 38.9482  33.2862  93.4654 126.9209  89.0839  90.3332  60.6262  61.3031  77.9781  88.5698  93.3995  67.6664 106.5044  25.6976 141.8703  40.1736  34.9101  43.8495  50.5789  69.9297  43.7914 112.4907 113.6094  50.5232  11.8086
 60.7580  53.4302 108.0515 135.6115 106.3556 111.0431  82.9483  14.6092  93.8381 105.0606 112.2515  61.8355 121.2901  61.5879 148.3396  13.8832  68.8625  24.3915  25.8461  94.5444  75.6886 125.0373 129.0912  55.5958  49.6554
 59.4710  56.2178  46.6085  20.9424  41.5270  12.7914  48.2199  92.7884  36.0729  44.3199  13.4127  68.8548  13.8547  46.8922  20.2630  81.7490  42.0601  82.2255  80.8905  33.6992  37.4556  17.3175   7.0038  62.7481  55.0283
 87.4659  35.3227 114.5466  77.6582 108.2526  77.4505  94.5629  91.4388  36.6224 109.9596  69.6538  18.2760  71.2571  56.6359  93.1849  76.8766  59.5678  87.1177  53.8975  87.9880  61.9578  70.7909  94.7523  24.0219  54.4799
 70.0512  37.3568  80.8293  36.7670  75.2493  43.8092  69.6335  85.8755  12.7059  77.3010  35.6546  36.3072  34.0930  45.1111  48.7899  73.4979  44.3934  79.3461  60.5737  59.7476  43.5460  32.5467  54.9200  35.5519  48.2676
 33.4146  17.6808  70.3651  87.3317  66.8426  63.6893  47.5009  44.9877  51.2061  66.7499  64.7761  41.6012  73.4617  18.3663  98.4779  29.6985  25.2334  34.4132  31.8543  52.1961  31.5006  77.3065  80.5636  29.4980   7.1599
 74.6243  66.6779  65.1823  39.1064  56.8903   5.7451  60.5158 123.7122  40.1956  60.7619   8.1272  88.0699  20.6375  52.1526  46.1469 106.3931  44.8442 107.7069 104.8898  39.1705  37.8787  28.0126  24.1207  77.6389  64.6589
 47.0158  40.2404  79.7622  97.4936  78.5762  81.2198  62.3793  12.3576  68.1583  77.6888  81.7741  43.9524  87.8291  47.0641 106.5071  14.5614  52.1457  21.3787  18.7395  70.2807  56.8756  90.2736  93.8148  40.6123  38.7277
 97.9593  90.6191 174.5509 222.8539 172.1950 182.0700 134.2375  18.3459 155.8472 169.9030 184.5255 105.2561 199.4148 102.1103 243.1540  22.6352 113.7334  37.0369  47.2089 154.0228 124.7317 205.6599 210.9915  94.8628  83.0507
196.0373  97.8117 262.3709 204.4997 251.7027 202.2993 219.2129 169.4080 125.9179 253.8390 188.8137  42.0550 192.7579 145.4377 234.4784 148.3537 154.8568 172.2556  92.5972 214.1276 162.5807 191.8450 236.5798  68.2262 133.1984
 43.2570  25.8667  47.3077  17.0008  43.8508  23.4940  41.7257  55.0737   8.0984  45.2337  18.1340  26.7353  16.2134  28.6567  24.2160  47.5256  27.6188  50.6069  40.6887  34.8294  26.5296  14.8578  29.2882  25.7508  31.3828
253.9930 136.2281 333.5154 257.2393 320.5911 259.0918 281.9058 217.7562 165.7358 323.2498 241.9267  69.2558 245.2777 193.3278 293.3106 194.1336 204.4682 223.2341 126.3257 275.3119 213.5050 243.3007 299.6688 100.7259 178.7003
 42.5000  52.2340  61.3156  93.7044  53.8001  48.8424  36.3184 103.2824  61.3144  55.4090  56.1536  88.8747  71.3231  21.2139 105.0661  83.2495  12.3762  82.5287  90.9692  29.0297   8.3039  79.0721  70.5551  71.6507  36.4280
 63.6689  55.1121  54.2700  12.2112  49.0619  17.0014  53.9616  94.3417  31.6362  51.7879  12.4464  65.4627   7.4700  48.3799  13.9778  83.0423  43.9750  84.4538  79.9768  39.7124  39.6965   9.2455  15.7777  60.3395  56.0441
117.5793  73.9395 125.8179  40.5444 117.0809  64.4536 113.0185 146.9725  29.8590 120.7031  50.4660  73.8030  43.2042  81.2297  58.2101 128.1665  78.4659 136.0600 110.1627  94.9655  75.4835  38.2009  76.8097  72.6646  88.0899
 40.8310  37.5133  40.6971  39.3376  35.0156  13.3765  32.8098  75.6419  27.7002  37.2114  16.9532  55.5972  26.0386  24.7008  45.6571  63.3896  19.2762  64.0379  63.9551  19.8386  14.1820  30.8326  27.4833  46.8956  33.8671
 16.5953  30.3578  16.0813  42.1470  13.1490  21.2658   7.6841  46.3527  33.0696  13.6644  26.3443  45.6630  32.8252  17.0727  45.2863  38.9614  14.0568  37.0594  44.8379   5.0405  12.3472  36.4017  27.7586  38.4892  22.4786
163.2822 131.4706 158.0852  92.9577 139.3261  33.8717 138.2107 267.0559  70.7576 147.3418  24.1383 178.7222  50.9293 103.6968 116.1075 226.9125  88.4741 232.1789 219.3996  93.7999  74.0328  65.4836  77.7040 155.2844 130.9441
107.1626  55.4579 127.2640  66.2579 119.6781  77.6142 109.6317 120.7974  32.6707 122.2880  66.4558  44.0075  64.1501  72.1636  83.0276 104.3063  72.7500 114.1412  81.8085  97.7305  72.8975  61.5333  93.4773  47.8374  73.8768
 58.2322  15.2820 108.2712 121.2383 101.9814  89.2528  75.2394  77.7277  65.5371 102.5011  89.1296  53.8654 101.2394  24.9233 138.6781  54.7653  34.6518  63.2090  49.7745  77.8216  43.3893 106.4630 115.0945  35.0520  12.3625
 25.2913  67.2111  19.3561  93.1348  20.8019  56.6230   9.6067  78.0776  78.0717  17.9800  66.2943  94.0322  77.3117  44.7489  97.1926  68.5276  41.8764  61.5938  85.4334  26.1699  41.0972  83.5712  64.4562  81.3972  50.5718
 91.0282  46.0125 135.3006 127.2619 130.6928 114.9365 108.8798  64.2393  79.8649 130.9326 110.7762  28.6457 116.4526  70.7112 143.3295  54.6303  77.8634  68.6223  22.6662 111.8356  84.0233 117.9415 135.2212  33.9104  59.9849
101.4400  63.3220 154.0729 168.2022 139.5380 102.1722 105.0507 186.5257  86.5161 142.9096 104.7730 129.5842 129.2123  24.9046 195.7566 146.2824  19.3302 152.9483 144.8837  91.2247  25.2070 140.8338 147.9193  97.9942  50.3042
 44.9420  77.5243 141.1569 221.9080 134.3317 149.4590  82.8440 118.6139 143.8903 132.8495 158.9745 141.7023 184.0294  42.0707 245.5771  84.3470  53.8347  81.9917 113.2920 103.9239  67.8823 196.0412 188.3216 110.6707  32.9194
 60.0500 145.4167 142.9045 275.0653 146.1059 201.2225 101.0659  89.3680 210.5432 140.2247 215.4405 195.6144 239.6196 118.1678 292.7260  84.0468 125.4338  58.1052 142.6155 141.5390 135.0445 251.7705 229.8981 170.4575 108.5521
  8.8527  35.1979  45.1359  82.0491  44.0819  56.0971  25.9557  36.5776  57.4766  42.9117  60.3938  55.8588  69.1122  23.2441  89.2478  27.3309  26.1452  23.0532  42.4849  37.1722  30.0980  73.4039  68.0459  45.7578  20.5922
178.1273  63.8297 236.4425 162.1349 222.3672 155.2356 192.2965 196.2852  66.7907 226.2032 139.0963  44.7625 144.6995 108.2477 196.3077 162.2783 114.1440 183.3656 116.8167 177.1568 119.1618 145.0304 194.5718  45.2716 105.3638
 64.8089  34.2421 101.0507 107.4499  92.1488  68.3699  69.5201 113.4993  53.4026  94.1116  69.0058  75.8601  83.6548  15.1327 125.3343  88.1839  15.6013  93.3203  85.6329  62.1691  20.9390  90.4887  97.1261  55.9893  28.2843
 68.4656  90.5128  90.4516 147.9070  78.1924  73.9746  53.1207 169.4280 101.2129  81.0040  87.5421 148.4993 112.0708  41.2004 164.6515 138.0807  27.2433 135.8422 151.8267  38.5079  18.9482 124.8244 107.0893 121.2501  65.0750
 97.4359  95.2378  78.7575  61.0657  67.5249   3.1850  75.4723 168.1357  64.2571  72.9573  21.2808 126.7471  36.9075  71.8052  67.6403 145.0996  61.2923 145.4682 146.2167  45.4434  51.3988  47.0207  27.2814 111.6013  89.3202
 30.6400  15.6696  42.1521  37.9980  38.2240  24.2014  30.8756  50.2334  16.3584  39.3184  23.3634  30.2380  28.7614  11.1774  45.4299  40.0545   9.9692  42.4363  37.4254  25.7631   9.9846  31.2825  35.8312  23.0047  16.2925
 58.6363  35.5882  67.3585  42.1740  60.7068  27.7667  54.7055  90.1496  14.4080  63.1187  22.6686  51.7016  28.9976  31.1365  53.8046  74.8525  27.5334  78.5791  68.7344  42.0488  24.4874  32.2407  44.4676  43.2416  39.3629
 56.6574  29.8999  67.6252  36.9097  63.8747  43.1130  58.4787  61.4999  20.5730  65.1342  37.5342  21.8384  36.2718  39.2741  45.2411  53.5268  39.8542  58.7982  41.2945  52.8782  40.1566  34.8386  51.0309  25.0327  39.5881
180.3342  96.1870 283.1222 287.4798 274.2314 250.6411 223.4808 113.6026 182.3772 273.9228 244.7175  79.0166 260.1434 144.3981 321.8585  92.9095 161.3436 124.0527  23.2397 235.1023 176.1891 265.1861 295.6991  78.9624 118.0058
 41.3091  53.6908  28.4545  53.6232  22.0027  19.9976  26.0263  86.6767  47.5354  24.7952  29.5792  75.8672  39.3800  34.9800  57.0517  74.3357  28.8502  72.4640  80.1907   8.2668  23.6768  45.2133  28.3284  65.4311  44.9642
 67.5570  56.9447  62.6964  36.7521  55.0246  10.1783  56.1313 111.1804  32.1857  58.4269   7.5802  76.3944  19.4149  44.7094  45.0851  94.9574  38.2421  96.7181  92.5806  37.2708  32.0787  25.8232  27.7781  66.8196  56.0336
 58.8696  40.1766  59.8375  13.4866  55.1177  26.0817  54.5859  78.6252  15.3327  57.1987  18.4660  43.9756  13.8324  40.6450  23.1071  68.4324  38.2852  71.7012  61.1582  43.9056  35.8994  11.1272  31.8116  41.6477  45.5574
 40.3943 105.7808  37.1848 150.3395  34.8436  86.8603   3.9455 134.1492 122.6704  32.1307 103.1132 152.6681 122.4932  65.9413 158.4692 115.2931  60.0615 105.3325 141.1840  33.9265  58.1370 133.3475 102.7864 130.6303  77.7582
 48.5372 116.4992 139.4386 248.5570 139.8597 180.8531  93.5772  72.9044 182.1880 135.3299 192.3610 164.1195 215.0051  94.1222 267.3703  60.4415 102.9186  38.3568 114.3858 128.4332 113.5471 226.0804 211.0387 140.0203  82.2048
 75.0387  29.4894  97.4561  66.7960  89.7742  54.3654  77.0102 101.9366  17.1951  92.1195  47.6353  44.8924  53.4139  37.4826  83.1160  82.9180  37.3792  90.2257  69.6498  66.1937  37.7690  55.6821  75.3448  35.1925  42.3832
 17.9748  66.2557  57.8475 126.4179  53.9790  76.1657  22.9646  93.1185  90.8258  52.8875  86.1484 106.4249 102.5318  33.6730 137.3153  74.8828  32.2657  69.0379  94.7221  39.2846  35.2037 111.0111  96.0171  87.4565  40.9361
198.8102  94.8683 239.4538 126.3851 223.2601 136.1544 201.9633 239.6369  38.4480 228.7869 114.2035  89.9800 113.7930 123.6306 162.2642 202.8295 123.6248 221.3443 162.5352 176.1876 123.2186 111.3036 172.6546  87.4669 130.2543
 44.9416  73.6546  11.1658  76.7257   4.3366  40.6688  23.7239  98.3485  72.2182   8.1264  51.8650  99.4568  61.9484  51.1245  78.0830  86.8393  45.5147  81.9608  98.7128  16.8000  41.4544  68.3256  43.4609  87.3835  60.5106
 81.4289  97.6473 145.6510 206.4306 145.6399 165.8956 113.2423  12.3467 152.2392 142.6913 170.6546 116.2095 184.8306  98.7952 222.2295  32.5502 107.7131  27.1699  67.7269 135.0852 116.6678 191.1902 189.1093 105.2230  84.3440
146.5037  74.3871 191.4378 141.7985 183.3504 144.0919 161.3933 131.6451  87.4441 185.2018 133.3372  34.5511 134.9223 108.0661 163.4437 115.7040 114.0821 132.5857  76.2089 155.8190 118.9195 133.5698 168.1266  53.3602 100.6948
137.8858 232.0771  33.8402 243.0974  48.6333 155.4139  90.0665 269.1007 236.1412  44.2538 183.8552 298.2468 207.8829 174.6840 242.1418 245.9995 162.9003 228.0387 286.1352  95.8358 155.1125 223.6681 154.2420 267.2603 194.5391
 36.6698  25.1802  68.2910  82.2193  66.4225  66.1708  50.7276  19.7065  53.1561  65.9022  66.4881  32.7413  72.5003  32.2669  91.1814  10.3441  37.4089  19.0556  10.6843  56.7777  42.1201  74.9648  78.8994  27.2654  23.8614
 54.9700  54.9700  54.9700  54.9700  54.9700  54.9700  54.9700  54.9700  54.9700  54.9700  54.9700  54.9700  54.9700  54.9700  54.9700  54.9700  54.9700  54.9700  54.9700  54.9700  54.9700  54.9700  54.9700  54.9700  54.9700


3.9450 0.4333 6.9062 2.5342 2.6945
3.6509 3.0328 3.8835 3.1672 2.6945
6.6825 3.1411 8.6987 2.2178 2.6945
8.4002 6.3293 6.1934 3.6453 2.6945
6.6084 3.1095 8.3478 1.8016 2.6945
6.9741 4.2967 6.5499 1.4156 2.6945
5.2502 1.7557 7.4831 1.6900 2.6945
0.7875 2.9329 6.2653 5.5010 2.6945
5.9820 4.6025 4.1274 2.8930 2.6945
6.5216 2.9975 8.4362 1.9537 2.6945
7.0518 4.6747 6.0455 1.9543 2.6945
4.0319 4.5983 2.2475 4.6917 2.6945
7.5750 5.3449 6.0293 2.6478 2.6945
4.1189 2.0365 5.2631 1.8993 2.6945
9.1356 6.8257 7.0906 3.9900 2.6945
1.2782 2.3345 5.6276 4.6379 2.6945
4.5356 2.1920 5.4895 1.4775 2.6945
1.7011 1.9016 6.3376 4.5533 2.6945
1.9307 3.5738 3.9615 4.9811 2.6945
5.9745 2.7354 7.1864 0.6421 2.6945
4.9287 2.4428 5.6651 1.1201 2.6945
7.7909 5.6823 5.9238 3.0336 2.6945
8.0098 5.1352 7.5065 2.2144 2.6945
3.7305 3.8371 3.0204 3.9731 2.6945
3.4347 1.9245 4.9910 2.5866 2.6945