50 25 5


8 19 28 12 6 10 12 20 19 18 21 16 34 15 12 19 32 34 27 12 16 9 20 22 16 18 27 8 31 23 12 17 30 8 33 29 22 13 14 31 20 19 33 20 14 28 28 25 5 6
1037 416 771 1031 1325 764 1051 1297 1025 942 1136 1172 632 1327 1213 820 1134 899 1218 926 1311 1023 1183 767 443
3074 1428 3037 1192 4385


 41.0540  58.9459  62.0968  22.0029  24.5741  23.2530  13.9911  32.1757  28.2142  41.4298  16.2707  14.9959  40.5915  51.8357  19.0642  35.2477  12.2711  22.4736  36.0555   9.7829   2.3786  21.1690   7.7517  33.5375  24.8676
 94.3235  78.5031  85.9626 125.7555 173.1617 175.7911  91.5717 189.0661 169.2482 155.2457  97.1762 154.8989 144.2505  19.2660 167.0985  54.0165  97.1404 110.0853 178.6429 106.7323 117.3659  72.8302 115.2511 188.6278 114.3145
 96.4375 221.8636 233.9503 123.5336 131.7780 101.7229  69.3909 158.4298 148.9584  99.5371  23.4298  96.4664  93.6967 176.3149  96.7022  94.7584  69.5759 118.8088 101.8099  23.1182  43.9850  79.8786  71.9649 164.9590 128.4953
 89.0754  27.8558  31.7002  42.8971  79.7007  95.0419  43.7959  86.5332  70.9200 113.6426  65.2664  74.3703 109.1048  42.6215  86.7402  61.7921  45.0347  34.0229 114.9809  63.6738  62.0578  39.6781  52.1299  84.1208  33.5942
 31.8108  60.0611  62.5218  31.8724  24.0322  10.9017  25.9946  28.8452  30.5013  20.9153  19.5755  17.7796  22.3330  52.0879  12.9969  34.7419  25.1435  33.1331  11.1763  17.1365  16.6019  30.1376  22.1793  31.1424  34.7715
 58.4230 126.3083 130.6425  84.4333  70.1006  45.4000  71.0606  76.9094  81.7417  24.3526  54.5573  60.9173  30.7080 107.6374  51.4339  73.8481  70.3850  85.7373  13.0361  54.4537  57.0860  75.6257  67.3393  81.2030  88.7173
 67.7857  39.3646  44.0577  75.5852 107.6689 112.1117  57.2051 117.1851 103.8069 104.6787  64.7005  97.1604  98.0262   1.9349 105.9633  40.7295  60.5412  65.4899 117.3463  69.5193  74.9063  45.7202  71.8119 116.4355  67.6754
 70.3514 121.9134 130.6746  75.2649 105.4491 100.4171  26.3826 123.9795 109.1788 101.4954  21.7954  82.7647  93.9830  89.5511  92.2139  43.2906  30.9535  65.2334 110.0749  27.5862  40.1721  21.8257  46.1042 126.0027  72.4061
155.4318 176.3823 182.2817  64.7075   6.6933  42.9925  85.9380  18.4173  30.3697 138.4507  98.3299  24.9855 140.9955 175.0514  32.0836 143.9324  80.3109  78.5695 105.2890  82.9663  66.0441 104.6984  62.2043  25.4756  79.3111
158.2684 123.2432 127.2727  29.1272  50.5339  91.6051  72.7396  52.9800  29.1161 163.9920 103.1186  58.5443 162.6400 138.4948  78.1942 132.1412  68.3512  42.6209 143.9988  90.3951  75.3532  86.3884  58.1132  46.9030  38.2418
161.8657 108.8256 114.3629  19.4531  81.7774 118.5050  60.7688  91.4718  63.6037 181.8750 101.8509  79.0072 177.7529 124.8457 102.7284 125.1101  57.5783  19.5424 168.7560  90.4108  77.4453  71.5296  55.0525  86.6219  11.9847
 41.0611 109.3783 116.0697 120.4732 148.3193 138.1838  82.8241 163.2679 151.2169  96.7406  69.1424 129.5471  86.5866  60.7178 134.2540  29.6069  87.3430 109.4349 125.0460  81.3596  94.8869  69.5755 100.8991 164.9742 114.5060
220.5845 113.2685 125.9176  94.2481 195.3601 232.2402  84.4139 217.7744 175.7363 283.7599 146.3660 175.8960 271.6223 122.7532 209.4392 147.1851  88.0679  66.1569 286.1055 140.8310 136.4875  74.9737 109.7858 212.8653  69.1881
103.1334  27.3000  33.1958  88.9261 132.6980 144.0695  74.3614 143.2022 124.8822 145.8473  90.9178 122.0895 138.1698  19.5052 135.1627  67.8325  77.8720  76.4325 157.4357  94.3843  98.2024  61.9565  90.8366 141.2319  77.8513
 82.2029  69.2142  73.0560   4.8848  38.4721  55.6563  24.4906  46.3051  31.9995  90.9668  46.4536  33.6730  88.9028  71.4237  46.8292  63.8509  21.8578   7.3992  83.0917  39.1318  31.0543  33.3872  18.2499  44.8656   8.8092
 80.2808 197.6458 205.8756 122.2994 106.0106  65.2043  93.1384 121.8542 125.1356  35.3543  61.4464  84.6524  40.7580 163.5689  71.7476 101.3691  92.2219 122.9351  24.4835  61.3938  68.2150 101.3432  88.3116 128.8553 128.9574
248.1022  59.6652  69.1533 129.1520 227.4993 269.3330 132.1511 245.0444 203.0377 316.8750 188.2484 214.0102 304.3227 112.1781 247.1444 174.0979 135.7117 106.1127 321.9901 184.8841 181.2116 119.6714 154.9266 238.1841 104.3833
134.3004 161.9003 176.3958 208.2025 285.1919 283.2306 138.5766 314.9288 282.3935 241.3210 139.5976 250.0757 221.8168  62.6191 269.1379  60.0107 148.7577 181.5288 283.5308 158.6165 180.1840 105.3814 180.8880 315.5541 190.6576
 23.5752 212.9917 224.8841 196.4044 228.9347 201.4419 130.3275 254.6960 239.5764 117.7212  91.4503 195.5160 100.4970 136.8391 197.9967  50.6745 136.6968 181.4046 168.5425 113.4058 138.2780 114.6149 155.2444 259.4434 190.8396
 42.6299 112.8460 118.0676  68.3710  63.5081  42.0022  47.6247  74.3074  73.9306  26.7667  26.7061  48.9219  26.6381  91.2458  43.7014  52.5519  47.3904  67.7032  27.1648  27.5373  33.5678  52.1040  46.3668  78.1481  71.6878
119.7967  16.2011  23.3868  84.1614 132.5686 149.1300  76.2128 142.5622 122.1324 161.0284  99.1036 123.4422 153.6021  37.6820 138.7860  81.7042  79.1856  71.4632 169.1227 100.4446 101.8932  65.6000  91.4278 139.7312  71.8657
 48.3437  51.6400  55.1350  16.9633  34.6645  40.0447   5.1685  42.2669  33.7620  57.0677  22.0507  26.7324  54.9116  46.2752  34.4214  35.1720   3.1073  13.3504  54.5288  17.6478  14.3831  13.3066   7.7823  42.3532  16.5720
 65.6747 210.4876 219.3855 145.2118 136.1473  95.5699 107.4477 153.5626 154.5763  12.9259  68.6912 112.4598  15.5563 167.6058 101.2926  98.3126 107.9683 143.0559  45.6745  74.8313  87.1488 111.4093 108.3421 160.4645 149.8890
174.3012  63.0737  68.3149  69.1528 136.6531 169.6099  82.8174 147.4448 118.1709 213.9949 125.0908 129.9800 206.6375  95.9747 153.7529 125.9699  83.7056  55.5050 211.8818 119.6551 113.6216  79.8697  93.1440 142.1958  52.5805
100.7599 171.2416 177.5819  90.0311  59.9402  20.1606  80.6556  70.5907  79.1664  67.2952  67.2687  47.3148  72.5951 152.9099  30.4253 108.2888  77.7416  95.5145  32.9868  59.3723  54.9544  93.1030  67.4891  77.4460  99.2445
 16.1690 158.6054 166.5024 144.9734 162.5760 140.1898 101.0544 179.7609 171.3859  72.4095  71.8401 139.9752  60.8011 107.0147 139.4322  50.5701 104.9554 135.7416 111.0076  86.2726 103.0130  91.8975 116.0599 183.5104 142.1198
140.8316 112.5392 122.5812 188.0325 256.1337 260.0841 140.3078 278.6197 250.1838 228.8175 148.0871 230.3393 212.9716  29.1512 247.7472  85.5061 148.2015 165.6447 263.3174 161.8823 177.0749 113.6931 173.9311 277.8636 171.4264
 22.0389  45.8296  49.3931  45.0044  59.8548  57.0217  26.3424  67.1955  60.6795  45.6803  22.4690  50.8529  41.2182  25.0936  54.2629   3.0735  28.6522  39.5211  55.4773  27.7092  33.7225  19.5549  35.6929  67.8259  42.0926
 51.5691 312.5569 326.4487 254.1887 263.9431 211.8663 182.9318 292.7879 286.1110  70.0195 122.3538 225.0784  50.9797 230.8385 215.8840 123.8837 187.3008 243.5781 143.3394 143.1076 169.9606 176.4619 198.8074 301.5217 254.7683
 56.9235 148.3833 158.2320 159.5643 200.3072 187.4535 105.5500 221.7029 203.9933 135.2144  87.7250 173.5929 120.9765  80.3372 181.1759  29.3572 112.0818 143.7206 172.5386 104.8318 123.8300  86.3983 131.7601 223.9823 151.0359
 93.0124  79.7237  83.0892   9.7931  28.8370  52.1957  36.6495  34.5410  19.0826  96.9161  56.0866  29.4492  95.8370  84.8373  43.0860  76.6142  33.5153  19.9233  84.8698  47.5353  37.5424  46.5849  26.0453  32.2586  18.6869
 58.5477 131.9363 139.2740  73.1002  79.8177  63.0590  39.5337  96.0342  89.6351  62.8057  11.8525  58.4358  58.9782 104.5089  59.4840  55.7094  39.7851  69.8801  64.5483  11.7386  25.3853  45.7303  41.8977  99.8017  75.7988
179.2610 134.4472 145.7126  58.5400 141.5151 170.3770  43.4824 163.3587 128.7364 223.2294 102.5653 121.6140 214.1355 129.7804 150.4631 122.3371  44.7493  33.9013 219.9377  93.6385  86.6756  47.2002  62.2592 160.6079  41.8336
 50.5073  38.1274  40.9466  11.6276  34.4008  43.4359  12.7444  39.9611  30.5056  60.5640  28.8299  29.7923  58.4415  38.4741  37.9014  36.0697  12.3034   5.0241  58.3422  25.5962  22.5651  15.6931  15.0683  39.0836   7.2818
 26.7320 301.8923 316.6840 245.6249 264.5409 216.4682 167.8594 295.7691 284.9834  89.3136 105.6170 222.8839  68.0448 215.7635 217.5023 101.2283 173.2428 232.6502 157.9997 129.7920 159.6607 158.7056 188.1802 303.9818 244.5683
155.8606 338.0751 350.5026 213.4231 173.7393 103.3800 176.2620 194.6410 206.7572  67.3006 131.1909 145.8882  82.8781 287.8006 119.4972 192.6373 173.8871 217.4963   7.3936 128.6205 134.6828 191.0052 164.1292 206.7293 226.0364
 44.8983 165.6886 175.5309 116.1710 134.9296 113.2684  64.3619 155.9445 145.3641  78.0061  23.7406 107.4972  67.9828 118.7030 109.4942  45.6058  67.8264 107.5190 100.1793  41.2780  61.7389  60.7112  78.6078 160.2485 115.4665
 76.3104 158.2220 163.7683 100.8895  80.8598  48.6311  85.3973  89.5715  96.1531  34.9352  65.6892  69.3050  42.4832 135.9970  56.6467  93.3333  84.1947 103.1909   8.2731  64.2164  66.3496  92.3206  79.2930  95.1800 106.9055
 56.6723 123.4163 128.6637 141.3810 164.1355 151.7672 108.2070 177.3756 167.6993 101.5313  93.3255 147.2241  92.6172  79.8021 149.6545  61.4920 112.0862 131.7266 132.2272 104.5358 117.0049  96.8526 123.5535 179.2458 136.1347
137.3303 128.1830 141.6551 174.2854 249.3003 253.5817 115.9417 275.5382 244.0086 229.6332 127.2228 219.1788 212.7253  44.3982 239.1388  65.1863 125.0688 149.2340 262.3554 141.4606 158.0459  85.3362 154.6229 275.1924 156.9007
 93.3338  80.4301  89.3723  81.6777 131.1251 138.2828  46.2731 147.6171 126.7484 141.0589  64.8015 112.9278 131.8971  49.4036 127.6627  47.4422  51.8614  65.6597 153.3817  69.4141  76.3120  27.3437  70.7392 147.0782  70.8759
127.2864 202.8293 210.1545 102.8033  62.9600  15.3477  96.1501  74.6896  86.3472  89.7959  84.1606  50.2725  95.8084 183.9477  29.0619 133.5100  92.2281 110.5617  48.9467  73.3572  65.7400 111.9788  78.5721  83.0106 114.5372
210.6106  69.4303  84.0678 170.9164 266.1024 290.5814 137.2788 289.6846 249.9584 299.6373 175.8606 242.2659 283.4702  46.0406 270.9380 132.0866 144.9286 143.2249 321.9437 182.2619 189.8533 110.5401 173.4312 285.7505 147.0482
 71.3952 226.2644 235.2144 164.4249 154.2560 111.7191 125.8841 171.2937 173.3012   6.4125  86.4872 130.9805  14.8661 180.5115 118.6619 110.3219 126.6636 162.0232  54.1084  93.6739 106.3729 128.6844 127.5343 178.4650 168.9025
 46.1762  91.4084  97.0147 109.4507 136.3520 129.3264  77.6416 149.2514 137.7894  94.9196  68.5796 120.3610  86.0299  47.9140 125.3841  32.5032  81.7303  99.1979 119.4144  78.8500  90.1604  65.1534  94.1513 150.3848 103.3774
135.3872 115.2308 127.5276 100.7082 170.4618 182.8882  53.0266 193.3000 163.8151 195.9866  85.9723 145.7297 184.1072  81.1541 167.3550  73.9052  60.4806  78.4165 208.8372  89.4533  96.5188  28.4954  86.5467 192.3804  85.9313
146.4518 307.1754 319.0096 182.9534 145.3656  78.9143 149.5643 166.3598 176.6980  73.9460 109.8492 117.6853  85.4115 262.5810  93.0818 174.0839 146.7406 187.4723  17.4096 104.5525 108.0992 165.5245 135.9803 177.7294 195.5419
169.2330  42.9796  54.2033 126.2191 200.0006 221.7344 106.2759 216.9978 186.1182 234.5833 138.9973 183.4956 222.7291  45.2804 206.2524 109.7098 111.5507 105.5489 249.1285 142.3870 146.4208  87.7657 132.1107 213.4451 107.5785
 23.4534  29.5825  31.6355  12.8111  21.1954  22.2926   1.2420  25.6590  21.4720  28.8346   9.0003  16.0854  27.4672  24.7041  19.5625  16.5477   1.6919  10.7057  28.4258   7.1444   6.9421   5.5644   5.8860  25.9463  12.5100
 32.1686  32.1686  32.1686  32.1686  32.1686  32.1686  32.1686  32.1686  32.1686  32.1686  32.1686  32.1686  32.1686  32.1686  32.1686  32.1686  32.1686  32.1686  32.1686  32.1686  32.1686  32.1686  32.1686  32.1686  32.1686


5.1210 6.4442 3.4313 3.1759 6.4783
6.9254 6.2836 6.0909 8.4939 6.4783
7.1948 6.4876 6.3990 8.8249 6.4783
2.7647 1.8993 2.8233 5.7593 6.4783
1.2582 0.7849 2.6962 5.1245 6.4783
0.7810 2.6458 1.9651 3.4384 6.4783
2.9041 3.2436 1.8335 4.4978 6.4783
1.8784 0.8649 3.4067 5.7328 6.4783
2.1085 0.1751 3.2210 5.8959 6.4783
4.3122 6.1529 3.1443 0.6978 6.4783
2.9824 4.1108 1.2997 3.1193 6.4783
0.6428 1.4819 1.7494 4.2971 6.4783
4.4191 6.1885 3.0978 1.1341 6.4783
6.4875 6.5381 5.1731 6.9623 6.4783
0.2121 2.1359 1.7612 3.7518 6.4783
4.8942 5.7058 3.2525 4.3846 6.4783
2.7070 3.0219 1.7365 4.4878 6.4783
3.1443 2.5204 2.8514 5.7498 6.4783
3.0619 5.0255 2.6589 1.1879 6.4783
2.4088 3.5093 0.8026 3.2449 6.4783
1.8418 2.8123 0.6969 3.6003 6.4783
3.6165 3.9514 2.3677 4.7298 6.4783
2.0461 2.3643 1.4773 4.3999 6.4783
2.1509 0.7208 3.5952 6.0189 6.4783
3.2679 2.4704 3.0837 5.9951 6.4783