100 50 10


20 23 28 20 10 13 31 24 16 11 19 31 33 18 25 26 27 22 34 20 12 15 26 7 28 23 12 18 14 15 28 23 9 7 20 24 13 25 28 9 11 10 27 9 31 15 26 34 31 34 18 18 18 20 8 26 10 25 12 14 25 7 7 20 33 23 33 32 31 30 31 22 27 13 8 6 30 22 35 30 21 30 13 7 10 27 6 11 30 28 25 27 12 15 28 31 18 7 20 25
1164 627 1247 1070 1138 539 1198 1062 1258 1136 718 463 1068 1173 731 722 865 1454 1400 566 431 1117 1172 1346 708 850 864 1371 1043 893 1225 1223 463 1217 1108 940 574 1239 1179 784 406 1191 856 1210 1140 1215 767 915 684 1274
3668 4373 1632 1095 3780 2773 1425 3954 2662 941


130.6202 139.5732 124.6862  99.1068  98.8342  71.8053  53.6067  66.7587  94.3748  33.2794  79.9092  50.4206 119.2921 110.1208  62.9085  55.3364 144.9934  31.0567  58.2810  72.3691  14.0014 170.6999  87.8913  59.6396 131.4720 131.4282 137.5600  81.7357  93.0404 131.8059 151.0016 108.1268  47.0833  63.5012  71.6673  86.3308 112.1189  27.3386 125.2230  95.8119  53.2665  91.6439  57.3083 153.9201  90.2406 130.7946 146.2197  92.2627  40.4500  75.3055
 68.2155 102.7534  28.5978 160.6349  98.5928  47.3967 174.5589  69.6441  76.0354 127.1320  75.1903 102.1288  51.1061  20.3508 181.5359 166.9244 113.3909 148.8555 102.7627 177.7580 103.3530 121.2475  63.5832 178.0628  59.1704  61.1264  43.3701 125.0405  41.8227  38.2340  81.6966 105.6832 163.2224  94.7209 177.4797 109.6975 179.4383 138.9171  91.3335 131.7240 141.6167  97.0396 155.5317  87.2513 103.9870  61.0541  84.6353 189.8530 110.4788 101.0967
272.7201 299.1051 227.1599  29.3453 108.5349 143.2883 109.0563 116.4975 127.8313  75.7233 115.8148 190.7789 186.6626 224.1031 173.0085 177.5193 170.8241 106.6550  76.0039  55.9229 113.4525 217.5953 225.2321 169.3701 267.4485 268.7796 242.4168  55.9916 220.0139 230.0861 296.3751 265.6793 159.8741 206.3431 204.2912  80.6774  36.9176  93.5204 279.5183  63.6161 193.3470 101.6554 193.2130 218.4655 243.3511 197.9679 204.3012 237.7198 178.6139 223.5770
183.5164 201.4294 153.6294  29.6284  74.4981  92.8526  67.9135  74.2671  85.9193  40.6546  75.7525 122.8938 127.1530 149.9724 112.1358 114.5050 121.5107  63.8952  44.7415  34.3837  67.7280 154.3903 148.5215 109.4221 180.2188 181.0690 164.9442  36.9486 145.5655 156.3831 200.9001 176.7752 102.0269 134.1405 133.5948  54.1335  39.0128  53.9203 187.3542  46.2420 124.8828  68.6944 125.1000 152.2047 160.6407 135.9448 142.2360 157.3178 114.1467 146.4367
112.6393 121.6009  96.5001  20.7543  52.6977  66.6228  44.1952  57.0419  60.3693  39.7452  56.5347  81.0355  81.4926  95.4749  68.1848  71.4236  73.1134  47.0205  42.5837  23.4034  53.9371  89.9222  95.1190  67.1329 110.8730 111.3281 101.8788  34.5974  93.7034  97.4331 121.2096 108.7945  65.0231  87.0867  80.8594  43.2001  15.7563  43.8115 114.5434  35.6115  79.5533  50.6503  78.4389  91.8360 100.4442  85.2608  86.7413  92.9737  76.1449  93.1769
104.2418 117.2103  83.2419  23.8907  33.7925  43.9886  50.8187  31.6851  39.6502  23.0833  32.5929  70.9334  66.0750  81.4547  75.2270  74.3566  65.5499  43.2324  12.6948  35.9903  35.5188  86.2483  83.2046  73.2385 101.6388 102.2813  90.5267  12.3253  79.9803  84.9334 115.0599 103.2750  66.9168  77.0194  86.3345  20.9377  33.9529  35.1822 108.2444  21.3362  76.7755  29.5120  78.6981  83.1370  93.6914  71.9674  76.7617 100.9410  66.5684  85.0166
139.0854 162.0858 127.0187 175.9853 132.5075  61.4746 150.3653  72.9291 112.9864  97.1923  94.7546  66.8860 130.3475 102.8574 156.6736 138.1821 189.8198 115.2900  93.5286 167.3222  56.1845 220.2532  79.9830 151.9079 138.1171 138.4645 146.9315 134.3044  79.4919 139.1831 169.3048 127.4737 131.8371  71.5966 155.5354 127.2020 200.3485 104.8973 140.1903 152.2946 110.5340 123.7246 126.8521 185.7172 107.0272 148.1949 176.2660 177.7901  69.4677  89.2800
 51.9488  85.5727  41.9753 181.9012 121.9639  63.4222 182.7251  86.6599  98.9062 137.8731  95.4904  94.1941  75.6369  14.7243 183.0786 166.4365 140.6605 155.5752 119.0284 191.9803 109.1412 148.3635  46.0081 179.6581  45.3371  46.6842  55.2584 145.1786  22.3909  54.1385  70.0800  88.6026 164.4814  83.6237 175.0184 131.0013 201.5984 146.9807  73.0740 153.8714 136.7137 119.3802 152.0185 112.0006  88.7562  85.5168 110.0708 185.1744 105.0778  88.0358
 35.8864  62.8545  19.4918 143.4886  96.6956  66.0459 153.8103  81.1497  81.0175 121.8487  83.2154  94.7898  52.5366  23.5205 155.0019 143.7954  95.6326 135.7720 104.5742 157.2067 104.3583  91.4621  57.8902 152.7316  26.2853  28.3001  16.5737 118.7287  43.5864  23.0228  34.1644  79.7028 142.6245  86.4985 148.9869 106.9588 156.4274 129.4150  60.0733 122.0985 123.3068  96.8668 133.6935  65.1909  84.8961  54.0379  67.6272 154.5641 102.6098  87.5245
 61.8279  78.4346  32.7830  55.5538  20.8574  20.0870  80.5699  21.7811  11.0269  54.3549  16.8817  65.3117  12.2357  38.5768  92.5343  87.8049  26.5219  69.9262  35.3073  74.0484  50.3945  36.4864  56.4616  90.7353  56.9906  58.0642  36.9700  39.3855  47.6320  31.7658  67.0016  77.1988  83.8126  65.0921  95.5143  29.9873  63.9534  63.4464  72.6675  39.5755  80.7041  21.9915  85.8733  27.4491  73.9287  16.7637  22.6955 104.5593  66.4649  70.1283
 73.1628  85.9382  73.2099 121.1700  91.3442  44.3519 102.2546  55.1013  77.6970  72.4321  67.8343  36.0309  82.0230  55.4998 100.9623  88.2396 123.0996  80.8394  70.3896 115.2061  46.3682 139.1741  35.5701  98.2056  73.5612  73.5455  85.1397  95.1746  37.0773  81.5846  92.2299  65.2243  86.1195  34.7383  96.6211  89.8371 136.1742  75.6536  72.4800 105.8039  67.2281  86.4500  78.5158 115.7244  53.8267  92.6283 110.8912 107.6930  41.4152  44.3889
181.1167 232.3092  88.3244 195.5631  95.7639 100.1948 275.4939 109.6831  75.7828 201.5839  95.3899 222.8294  31.0573 118.4188 307.6639 293.2503  63.6558 245.3463 147.0933 255.5438 189.3197  64.5999 184.2084 302.6149 164.4818 168.1018  90.6902 153.3050 155.4411  77.5991 187.4393 241.5011 282.9016 218.6434 313.6773 125.9657 217.4375 227.1919 219.6446 149.2675 269.9139 102.7410 285.7080  28.9232 237.5215  18.0040  16.8801 337.1754 228.6416 230.5127
271.1729 252.1200 311.5307 304.6322 312.8553 253.2700 159.5921 255.2385 301.4929 196.5019 278.5122 126.4916 327.7091 275.5376  81.9676  68.7541 385.6380 152.1110 246.9692 226.9875 172.7700 422.6889 201.9279  84.1992 283.0394 280.7695 331.1454 284.0825 230.0102 327.1752 305.0618 183.8174  89.8206 141.4977  37.2915 293.2781 321.2711 168.7872 234.1115 307.4858  71.4418 301.2237  56.7725 386.6578 156.6666 346.6040 376.7349   3.5079 115.8615 142.1454
149.9766 160.4375 135.7674  64.5156  86.9923  81.9071  28.0667  69.9867  90.1945  16.1208  77.7754  80.7943 121.6792 126.5916  63.1536  64.8365 131.3837  19.2743  48.8036  29.4810  36.8618 158.6146 113.2292  60.6001 149.4309 149.6848 147.0550  59.7538 115.4439 140.5818 167.6108 132.9590  53.5935  92.7964  82.0302  70.6343  73.0527  11.8664 147.5066  71.8245  76.2508  80.5129  75.1299 149.7587 116.8400 131.2776 141.5826 103.4643  71.0674 103.3561
129.1581 166.0702  66.8450 129.4305  54.0700  33.9577 176.6876  42.9942  29.5222 117.8330  36.6410 135.8386  28.8585  76.5853 200.8701 189.3391  73.6126 151.5522  77.2953 165.5087 105.5429  94.6193 115.0761 196.8000 118.7708 121.0806  78.2196  91.4686  95.3340  66.6493 142.2377 162.1968 180.8959 134.8712 206.1924  71.3114 149.1417 137.3283 152.5996  94.4034 171.7493  54.5120 183.9348  70.1022 154.6823  42.2618  60.6058 226.0205 139.0164 146.1585
208.8732 204.1232 224.7895 191.8923 205.5285 166.9070  77.3044 163.6658 199.8433 108.1600 181.1170  85.2943 228.0662 199.7790  21.6862   5.5824 265.8005  71.1379 151.2997 129.8179  95.5106 298.3995 150.5420  21.0102 215.1710 214.0370 241.1624 178.2823 167.9530 235.9597 236.4864 152.0235  21.6800 102.9396  19.7617 187.7108 204.3755  85.1217 187.3393 196.6855  41.9374 196.0974  25.6993 274.0959 127.3586 243.1417 264.9232  51.2365  70.7224 110.3947
191.4987 236.0547 110.5646 164.6568  82.6041 110.3547 251.7323 111.5662  75.4861 187.0570  95.0216 220.8357  58.9887 136.7155 286.3090 275.6953  28.2482 227.7962 136.8498 227.0841 182.8624  28.8003 192.2789 281.8812 176.9613 180.1280 111.5208 133.2271 167.8510 100.6796 196.5099 242.6400 265.1752 219.0605 295.1961 110.0494 181.2601 211.1752 224.8186 125.0100 259.1803  91.2240 271.7505  35.9110 237.8338  49.4284  25.9678 317.7253 224.1651 230.4231
145.3426 174.0746  97.1147  74.8249  17.6905  41.1188 129.3939  24.6135  16.0615  76.7560  10.4355 122.7831  61.8611 101.1139 160.3512 153.7499  67.0549 110.5027  35.7918 111.6007  77.6154  98.5934 121.8866 156.7581 137.9856 139.6688 107.7865  41.5124 109.2804  97.6822 159.8121 161.7106 143.7410 127.1069 171.5131  23.8495  92.2587  96.7545 160.5049  44.6687 146.3518  12.1698 154.2074  89.7967 150.4802  71.0624  79.1511 192.7161 121.0540 139.3088
195.7068 228.7361 153.3675 138.7042  96.6659  51.0408 150.5283  36.5717  84.0048  73.8199  59.8487 122.1353 129.1897 140.5007 183.7526 170.5448 170.6058 115.2620  47.3040 147.5146  53.3973 213.1941 140.2227 178.1814 190.2062 191.5676 174.4081  91.6172 131.5712 161.8529 225.3574 195.3616 157.0141 132.4177 196.4874  85.0333 165.9653  96.6468 205.3938 111.4007 156.1074  85.4781 168.7695 186.2496 172.9782 148.2685 172.4631 228.1098 117.5225 152.5873
159.0876 158.7778 165.8945 131.9880 144.3889 117.7837  45.3524 113.6037 141.1110  67.9897 126.5979  64.3854 165.2044 148.0403  16.8238  11.6276 191.4979  39.0692 102.1235  84.7917  60.7921 217.5531 113.9651  13.7768 162.8601 162.2153 178.6628 122.1024 125.4014 174.0089 180.3226 120.1336   1.6971  78.9878  30.7467 129.9825 141.5662  49.9680 145.2866 136.2223  36.9259 137.0807  28.3019 200.2441 100.8288 176.7767 192.7861  54.8296  51.9507  86.6829
 69.7440  64.1529  85.6097 101.5027  95.2102  69.1485  61.1868  72.5995  88.8571  61.9091  81.2457  19.7538  94.2352  72.0505  41.5507  31.7846 118.8638  52.2485  74.5181  81.5571  47.8035 130.1951  44.5787  40.8705  73.9905  73.1685  92.4876  89.8488  55.1150  91.4827  82.1548  39.4771  36.7578  23.0500  28.5047  90.5364 109.3094  55.2293  57.0365  98.0367  13.6932  91.3582  19.7982 115.4722  28.7104 100.9003 112.4715  28.3911  19.7621  22.7649
  8.5513  34.0523  36.9003 141.0355 102.2195  66.8860 137.4970  81.4688  87.5121 112.0062  86.4885  73.5956  67.0290  24.7577 132.6339 121.2134 108.7253 120.6049 101.7184 146.0021  92.7699 108.3995  36.0952 130.7275   1.3500   1.9500  39.1825 118.0409  27.5486  43.3168  16.6020  50.9545 121.7501  64.0437 123.8940 108.8700 153.3464 116.2677  31.1657 123.2125  99.8856 101.0784 109.9119  83.9863  58.0298  70.7838  85.0565 126.6548  82.2005  62.7603
121.9644 150.6890  88.0399 130.8469  79.5604  16.9499 141.6272  31.0262  60.7293  85.6636  47.3207  90.8119  77.6321  77.5729 158.8396 145.6299 124.4162 113.3281  61.5915 142.7402  62.3615 150.4735  85.8677 154.6639 116.6470 117.8922 104.3974  92.0503  74.4912  95.4204 143.5136 132.1130 137.9032  92.8240 162.4284  80.4947 152.1078 100.6321 133.6152 104.0650 126.4490  73.3721 139.1134 123.6094 118.8681  92.7019 114.7555 182.8782  92.7165 106.4747
 41.0802  43.9826  40.2905  38.1131  35.2534  23.3401  23.2941  22.9252  32.7424  15.7927  27.8379  13.1630  39.8443  34.6503  23.9696  20.2692  50.5957  15.5086  22.1719  30.1361   6.5160  58.8875  25.9618  22.8670  41.5445  41.4907  44.7889  31.0164  28.0808  42.9919  48.2822  33.0451  18.3289  17.4964  25.0953  31.7338  42.9511  14.4412  38.9618  35.8172  16.7382  32.8410  19.2226  52.2065  26.8731  43.9021  49.7310  31.4326  10.2279  21.6960
228.5296 266.6637 160.3327  74.8025  26.0460  98.0624 182.9448  76.5266  53.5445 120.2697  59.1410 199.1349 106.6109 170.7332 232.5371 227.7047  72.7424 164.7925  70.8489 146.1868 133.8754 119.6360 201.0926 228.0985 218.0684 220.4512 171.2943  48.1160 184.4571 158.0361 245.0102 251.7561 213.0542 206.2203 252.1407  31.5507  92.4806 147.0309 249.7500  34.4866 224.4889  30.5303 232.3511 125.8098 237.0097 112.9914 111.5753 281.3957 195.0394 222.1593
115.3273 130.2728 106.9498 124.2681  99.9061  53.0348  98.4239  56.4752  87.9987  60.9504  73.0550  47.2313 106.3498  89.4889 104.2864  91.3945 146.1847  72.3974  64.8930 112.5699  29.2426 171.0237  69.3197 100.6885 115.1627 115.3206 121.7482  95.4420  71.3241 115.6793 138.1113 101.0077  85.7740  54.9079 105.6061  92.8542 141.8233  65.0477 113.8484 109.8283  74.0689  92.7117  84.9457 147.2534  83.7939 119.6772 139.6153 123.8912  45.3613  68.8791
 93.7760  90.3309 103.4225  93.9710  98.2550  78.6505  42.2313  78.1093  94.9151  54.7638  86.3790  37.3516 106.5238  91.3094  16.1657   8.5225 125.4868  38.5467  73.7337  66.2466  47.2075 139.8828  67.1534  16.1751  97.0999  96.4863 110.8651  86.8181  75.9252 108.7802 106.4644  65.9212  16.1675  44.8526   4.0765  90.5893 100.0395  44.5735  82.8352  95.3299  16.1247  93.9552   8.0971 127.8960  54.7643 113.4681 123.8973  17.6384  31.4208  47.4557
 98.6730  93.9933 118.1077 140.6179 129.9507  91.0885  85.1326  96.0306 120.4550  81.7668 109.0011  17.5811 129.3268  98.3731  61.3071  46.5073 165.5496  69.8708  99.2492 113.3611  59.5974 182.9162  59.2356  59.7323 104.0771 103.0459 128.7302 122.4214  73.7396 126.7333 117.6480  58.2647  51.5294  25.7154  46.3496 123.1012 152.6648  73.0563  82.3991 134.6094  18.3220 124.1871  30.2153 161.3050  40.9989 139.4196 156.5819  51.4718  16.9286  29.1494
 40.9282  44.2163  57.5156 110.4083  87.0283  50.9977  89.7200  60.8654  75.8564  72.5173  69.6903  25.7615  72.7560  41.1040  81.1871  70.3114 107.1282  74.5648  73.0528 103.2912  52.5672 115.9154   9.3810  79.5015  44.2617  43.5906  65.0723  91.3025  20.9612  64.5884  55.8080  26.9997  71.4215  16.9452  72.6880  87.0148 121.4033  72.5488  34.1611  99.0189  50.2366  83.7945  59.5844  96.2672  20.7313  79.7795  93.9988  76.3546  34.1224  18.3272
133.9254 142.1888 122.1244  54.4707  78.8221  77.0342  18.7812  66.6130  82.6022  22.0826  72.5172  74.7327 109.6920 114.6004  52.5047  55.9518 115.7930  19.2667  47.8197  17.5166  39.6483 139.0166 103.0181  50.6274 133.5688 133.7634 131.5017  54.3019 105.1850 126.0397 148.6887 118.6366  46.3561  85.0495  70.2314  64.5697  59.8989  17.1879 131.4145  63.7655  68.4003  73.5459  66.2384 132.6003 104.9731 117.5636 125.6585  88.3581  66.2263  93.6675
317.7738 344.7692 268.7312  51.7205 141.9478 186.6880 137.7384 159.4899 165.0426 119.2241 156.0414 235.0096 224.1723 267.8822 204.7014 212.8149 195.6583 143.4576 120.2818  79.3591 158.1623 242.5978 270.9295 201.6078 312.0185 313.4605 283.1946  93.7210 265.3657 270.5041 340.8861 311.0755 194.8899 251.2010 239.4007 116.7345  33.0447 133.1638 325.2045  93.3858 233.6658 137.1649 231.4752 250.4955 288.3932 233.8751 236.2206 273.2823 222.0449 268.3798
248.4240 269.8798 210.1261  35.6567 108.9338 141.7703 100.4134 119.6111 126.6273  83.7200 118.0097 178.8477 175.2233 208.2902 155.1362 161.2464 156.2844 103.9592  86.6807  52.6595 115.8216 194.9490 209.1066 152.4971 244.0570 245.1642 222.3834  67.3810 205.1055 212.1124 267.8118 241.6030 146.5360 192.2440 183.1437  87.1069  26.2744  95.2281 253.7404  69.6965 177.8031 104.2306 176.2061 198.9798 222.8347 183.8396 187.2642 210.9382 168.1470 206.3397
 36.1305  51.4309  10.5438  71.9697  43.5979  33.1201  86.2217  39.9812  35.5002  66.0777  38.8208  60.4192  16.7245  21.4075  90.9604  85.5028  38.3601  76.4703  53.0596  84.5263  58.7785  34.7351  43.3237  89.5690  30.8353  31.9652   7.5353  58.4865  34.4334   5.9270  35.9354  58.2239  83.7364  57.2217  89.8772  51.0028  78.9093  71.9842  49.0037  58.9794  75.8945  44.5712  81.3057  19.9634  59.3455  15.3924  21.6977  94.7532  63.6989  59.2080
 67.1491  74.6502  53.9533   1.0523  22.2235  33.8655  33.2106  27.0321  27.8777  22.2882  25.7449  49.8683  42.6631  54.1551  48.6168  49.2018  36.7393  31.5672  17.9393  20.5948  30.5881  48.4965  56.4796  47.6474  65.4431  65.8558  57.4927  10.1560  54.3621  54.3000  72.6128  67.4561  44.8975  53.2829  55.8516  15.8003   6.5941  27.7999  69.8815  10.2195  52.0288  20.9258  52.5044  49.5765  62.2975  45.1361  46.0096  64.0583  47.2900  57.5947
107.1380 114.9459 108.0254 116.6946 102.9878  64.0765  76.8794  66.0669  93.8531  54.7244  80.4353  28.7673 110.2089  90.6554  74.6582  62.4032 144.6673  54.8285  68.5414  96.6364  26.7088 166.6637  63.5940  71.6461 108.8575 108.6118 120.7954  94.6000  70.4477 116.2083 127.8562  84.0238  58.7667  39.9645  74.0000  94.8472 131.0171  51.9577 100.6024 107.9253  46.6004  96.4075  55.9131 145.8443  66.7176 121.7821 139.3132  89.8330  23.1465  52.1544
148.7530 164.5086 133.2054 106.5627  97.7979  66.1808  78.0299  58.7338  91.8460  34.9610  74.5010  67.9976 122.9159 118.4767  96.6759  87.7511 152.6447  51.4547  51.0501  88.7208   4.6600 183.4877 100.9901  92.7438 147.9401 148.2668 148.5608  81.2215 102.6496 140.9051 172.1690 131.8553  77.8196  80.5492 106.8981  84.1921 123.7921  41.0007 147.3295  97.6827  81.7386  89.2765  88.5889 164.0022 112.2718 136.6157 154.5304 130.6892  59.7773  95.3356
 62.4846  62.1858  73.7905  95.0477  83.7766  54.5223  62.5563  58.9719  76.2356  54.1116  68.2866   0.9192  81.6819  59.8307  50.9860  40.7572 108.4858  49.7329  63.3148  79.7028  36.4290 120.5526  33.2810  49.4984  65.6360  65.0421  81.5680  80.4224  42.5966  79.9493  76.3007  38.5750  42.3148  10.0429  43.2931  79.8121 104.3076  50.1593  53.2388  88.9204  22.3861  79.7947  30.9531 104.7507  26.3005  88.9486 101.4011  48.6985   8.0485  16.4670
 39.8317  75.9790  48.1054 203.5697 141.1703  80.3010 200.3126 104.4492 117.0398 155.6406 113.7478 101.5197  89.8892  18.2910 197.0909 179.0162 158.5869 172.0372 137.7917 212.2104 124.5153 164.1663  44.5547 193.6701  33.5503  34.6933  59.2416 165.3923  21.3087  60.8975  59.4017  84.7205 178.1476  88.3693 186.2768 150.7417 224.0851 163.8934  64.0956 174.5584 146.0961 138.5895 162.4396 125.1502  88.3883  99.0142 124.3033 194.7283 114.2205  90.5625
256.3754 291.4565 193.5100  40.9499  58.7453 122.4138 166.9244  96.8059  85.6059 112.0255  84.4143 208.9027 142.1920 200.3681 223.6655 222.5142 106.9732 154.5280  73.9200 121.7678 136.0587 154.0000 222.1805 219.4709 247.2800 249.3926 205.6390  37.7460 208.8883 192.4570 275.0735 270.4197 206.3359 219.2107 248.3504  43.3376  55.8802 137.6171 273.5038  18.7934 226.5700  57.8618 231.5735 162.8483 252.8555 149.5536 148.6323 279.7122 201.7497 235.9937
 41.3158  45.8320  41.7663  54.7911  44.5632  24.4623  41.4681  27.3353  39.2608  29.1340  33.7664  12.9503  44.2253  33.6542  40.5262  34.6651  61.6872  31.4039  31.5745  48.9369  16.2922  70.5318  22.2169  39.2038  41.8887  41.8120  47.4726  43.5296  24.5817  45.5902  50.5470  33.5153  33.4541  15.3161  39.1164  42.3061  61.6195  29.4510  39.3699  49.1111  25.6855  41.8754  30.6557  60.3011  26.6109  49.3768  57.6588  45.1636  13.6213  20.7606
106.7125 116.9070  89.1889  12.7572  43.1370  56.1086  41.5145  45.6427  50.5020  28.7115  45.6054  74.0028  73.5545  87.7908  66.6557  68.4668  67.8575  40.6335  29.6243  20.7046  43.6633  86.1997  87.8526  65.2301 104.7169 105.2241  95.2364  22.4082  85.9506  90.4203 116.0859 103.5853  61.5278  80.1852  78.9853  32.1187  15.7918  35.5327 109.1938  25.7602  74.8020  40.3448  74.6907  86.2917  94.7508  78.0740  80.7383  92.1284  69.1596  86.9499
 73.5133  90.1679  43.4005  64.2028  34.3926  44.9811  97.3285  45.5214  32.1218  73.3879  39.3686  85.7990  25.2050  53.5594 110.2401 106.3068  12.3081  88.5242  54.7475  87.9192  71.9278   6.4661  74.6932 108.6002  68.0074  69.2026  43.2071  53.0045  65.5085  39.4383  74.8674  93.2560 102.4141  85.0134 113.5118  44.5148  70.1113  82.3556  86.2175  49.6681 100.1212  37.6724 104.8094  13.5989  91.7175  21.0867  11.3283 121.8117  87.1145  89.1301
185.9053 226.3671 113.2778 116.1753  30.5864  74.0736 200.2243  65.7870  28.0189 135.7995  46.9156 184.2124  58.3431 128.8409 238.1965 229.3515  41.1012 177.4015  85.1357 174.7536 135.7660  79.6665 170.1694 233.7776 173.9990 176.6535 121.8287  81.6276 149.7819 109.0860 198.3295 220.8813 217.5840 186.3595 250.4292  58.0575 134.7892 160.5084 211.8442  75.8311 217.4727  38.8359 228.3121  76.0370 210.9752  62.7569  62.2811 275.2628 184.4969 199.9249
 37.3903  47.5760  26.7338  50.0803  31.0589   7.7484  52.4763  15.0324  23.7383  33.8486  20.0045  30.3624  25.9670  22.2336  56.8573  51.8038  44.6952  42.4961  26.1560  53.8513  24.6799  52.4728  25.6287  55.4407  35.5501  35.9741  32.4905  36.5690  21.1002  29.6973  44.8526  42.0450  49.6060  30.0673  57.0413  32.2272  57.4475  38.4414  41.7635  40.5310  43.9330  29.2118  48.7260  42.0450  38.0886  31.1365  39.4016  63.4312  31.8840  34.3801
239.7150 267.8753 196.4652  73.5648  92.7812 101.4472 105.6777  74.4168 101.5954  36.1519  82.0095 151.9152 161.2504 188.6026 160.8673 158.1684 169.2512  84.9677  30.0956  79.4786  66.5981 217.0959 186.0625 156.0683 234.7947 236.0552 214.6779  47.8747 180.8809 201.9659 266.8481 231.6613 140.6133 167.4419 186.6295  64.2478  96.0750  65.4805 246.1681  69.7342 163.9548  81.7983 168.3417 205.5936 207.8119 176.4782 190.8505 221.3812 140.6666 186.5615
153.8466 164.2768 136.3535  42.1807  80.8016  90.3326  38.4422  77.4442  88.6505  39.7571  80.2472  98.9102 118.8978 131.4795  74.4437  79.6929 116.1028  44.2653  55.6087   7.6043  60.8166 140.7989 124.6282  72.9025 152.5015 152.9094 145.2596  52.7181 124.9770 139.1562 167.9066 142.2374  70.1232 108.8521  93.7270  65.5294  42.7234  41.2925 153.5216  59.2346  93.4067  76.3152  90.8886 138.7364 128.9115 125.8811 131.3230 111.8936  90.7416 117.6950
222.7035 247.5846 181.7391  39.0554  79.6996 103.1024  95.7817  78.6078  93.5151  47.9543  80.1192 150.6533 146.9552 177.8417 148.9637 149.4113 142.0031  84.8465  40.4440  59.6993  78.7937 184.2300 179.1760 145.1657 217.8471 219.0651 196.3110  32.1055 173.8179 185.1101 244.7147 217.9019 133.8131 163.9815 173.8902  53.3000  57.0793  69.8065 229.4859  47.2084 158.2358  71.7548 160.4720 180.0028 197.9066 158.4638 167.1145 203.9600 140.6706 180.0194
232.8829 244.2426 228.2768 178.6567 185.3078 140.2289  80.1687 131.7924 178.5987  65.3234 153.9573  86.8306 220.9765 202.0012  88.5581  76.3131 264.4649  43.7241 115.0547 122.2852  42.0089 308.5200 158.4550  83.0025 235.6072 235.2714 250.1633 152.9974 170.2338 240.8211 268.0856 187.1483  61.6760 110.9698 105.0925 162.8100 199.2356  45.4762 220.0052 177.0852  79.2266 172.9929  82.8101 279.9792 155.5807 240.5596 266.9422 141.5090  67.1188 129.8684
117.6702 169.7317  24.2296 230.3709 134.5914  92.4679 275.0664 117.0475 105.4109 206.0362 114.7067 188.0085  44.3982  59.2692 291.5510 272.9923 127.2534 241.4166 162.4879 270.2604 180.4488 123.7898 132.9495 286.7399 100.4443 104.1605  28.6176 183.2771 102.4005  14.0187 122.8297 186.7430 266.6433 178.0720 288.5476 158.2306 254.7116 226.0553 158.9563 186.4925 240.7325 136.7919 259.1105  73.9400 188.1485  46.8439  75.3306 306.1735 198.6420 186.0165
290.8145 325.8430 231.9812  42.3815  90.8386 131.1043 141.5487  98.1853 111.7359  76.0415  96.5007 205.3938 182.8192 229.6551 210.1566 209.8175 170.9078 126.2060  50.8240  93.0632 112.3241 226.6311 237.2045 205.1195 283.3736 285.1921 250.3289  26.9652 227.9088 235.3006 318.3869 290.1427 189.7276 221.5115 241.6003  56.2482  68.9538 106.0304 302.5198  45.4050 218.9571  81.2600 222.9762 223.4173 265.1451 196.9786 206.3811 280.4903 193.5890 242.4343
 59.5680  77.4554  52.3704 116.9842  80.4681  33.6364 110.6533  48.2756  65.3410  78.1001  58.4268  50.1525  62.8551  36.5418 112.3034 100.4982 105.2840  90.2884  68.5809 118.8894  55.6363 117.9280  32.8301 109.6450  57.7376  58.1626  63.7223  90.5330  25.3366  60.2750  76.1596  65.9097  98.1119  46.2015 108.5370  82.6474 131.6156  84.0168  65.5259  99.0389  80.5534  76.8524  91.3666  94.2893  59.1201  72.5436  90.3623 118.6037  56.1407  53.2973
 82.6584 113.1656  29.1456 135.6796  78.1642  63.2720 169.7935  75.0654  62.9035 128.4272  70.9997 124.1494  24.8798  50.3115 182.1014 171.8943  64.8462 150.7714 100.4440 163.8977 115.9090  57.9670  93.2146 179.2592  72.2753  74.5039  26.3545 109.2898  75.4844  20.5452  83.4263 124.3805 167.5939 118.9060 181.6275  93.9188 149.2392 141.2587 107.5539 109.2862 154.2650  80.7245 164.6600  28.4451 125.2557  19.7779  31.4011 192.5931 129.8015 123.8161
 63.5645  91.7670  19.5232 121.3285  69.4485  35.8422 140.4904  51.9050  51.6713 101.2979  53.5024  90.1529  27.6199  25.5226 149.3077 138.5744  76.9443 120.7559  78.4942 139.6672  85.2191  82.3671  62.2123 146.5147  55.3651  57.1528  30.1848  93.4919  45.2531  23.5807  71.8426  95.2309 134.8460  85.3230 147.8221  80.2455 135.8689 112.1452  83.3728  97.3266 120.2865  69.1549 130.7876  55.9731  93.6779  35.2676  53.7224 158.5689  95.8231  90.9000
150.6968 183.6213  90.8081 120.2240  61.9935  87.8228 188.9352  87.0579  59.5355 141.2064  74.0940 170.1097  52.0999 109.9531 216.2080 208.8881  15.7709 171.8925 103.6845 168.8437 139.7924  18.7723 150.4507 212.9286 139.9721 142.3108  91.5367  98.6835 132.5784  83.5217 154.5070 187.8734 200.7127 169.3159 223.7636  82.0093 131.7502 159.4310 175.1604  91.4245 197.7170  68.8192 206.6836  34.4569 183.8831  45.4744  27.9728 240.9910 172.0990 178.0108
 40.6565  47.5790  33.9204  39.2118  28.5811  12.6698  36.4926  13.3713  24.3133  20.5913  19.1341  22.4881  31.5862  29.2526  41.1440  37.1656  44.5784  27.6116  17.8465  38.6758  11.7774  53.4573  26.5369  39.8580  39.8500  40.0627  39.0420  28.3521  25.3130  36.5335  48.0611  39.1893  34.7042  24.4800  42.5462  26.6573  45.5494  24.0742  42.0019  33.0151  31.9521  26.1546  35.5366  45.6688  33.8953  36.2184  42.8326  49.2293  22.0749  29.1684
108.2531 125.4278 105.5411 159.0386 121.4542  59.3262 132.0588  71.5359 104.0000  91.0479  89.5080  48.2431 113.9856  82.5679 132.0933 115.2724 167.4097 102.7128  89.9532 149.5226  55.2914 191.1044  56.4655 128.2433 108.6131 108.6455 122.0445 124.1453  58.7635 116.5801 134.2693  95.4062 111.5785  49.7199 127.8846 117.8950 179.4145  95.4097 106.9485 139.1564  88.5070 114.3557 103.3143 160.3494  78.4326 128.7360 153.1561 144.4788  53.2740  64.0635
 94.3136 102.6242  80.5047  18.4253  42.0024  49.9365  30.4659  40.8892  47.4510  20.4824  42.1203  61.8321  67.8823  78.1543  53.3115  55.1061  65.5898  29.8543  26.1232  12.4808  34.6433  82.0138  76.1063  52.0266  92.9181  93.2914  86.2736  23.2880  75.1996  82.0686 103.2512  89.5081  48.7705  67.8060  64.6692  31.8198  21.6104  25.5539  95.5283  27.9165  61.4335  39.0397  61.0361  80.7273  81.1560  72.3924  75.7634  76.6593  57.0929  73.9059
254.1758 277.3406 213.6776  31.0584 106.5953 138.8254  99.4617 114.9049 124.4862  75.7446 114.1099 179.0112 177.1301 210.9605 157.9234 163.2293 160.8759 100.2812  78.7294  49.2443 110.2681 202.7888 211.2833 154.8487 249.5759 250.7451 227.2561  60.1176 207.0116 216.2181 275.4094 246.7718 147.3247 193.3316 187.1225  82.0415  30.5471  89.7026 259.7970  65.3577 179.3629 100.7810 178.3974 204.7787 226.5177 187.0269 192.0952 217.1857 167.6807 208.6805
 29.7622  42.6777  30.3579  87.4562  60.9752  29.9880  82.8389  40.7894  50.1286  61.9370  46.7158  37.2228  43.4136  17.2671  81.8338  73.4060  74.3141  69.2699  55.3122  89.1426  46.6016  80.3818  16.0657  80.1471  28.6647  28.8849  37.3323  69.5640   7.3082  36.2682  40.8756  38.6290  72.6083  32.2566  77.6044  63.6594  97.2518  65.4660  35.1405  74.8250  58.4563  59.0084  66.1046  63.1251  36.6584  49.1627  61.4256  82.8031  42.6432  35.0985
 88.0328 100.5782  71.6067  51.8431  42.0907  29.2764  54.2109  21.0671  39.4802  22.0161  29.2881  51.6829  60.7260  66.1009  70.2327  65.8127  74.5512  40.2180  15.8200  52.3342  17.4731  93.3527  63.7005  67.9391  86.1240  86.6160  80.2576  34.2986  61.3451  75.0455 100.5774  85.0579  59.5198  57.3296  77.2573  34.4426  62.7362  32.1345  90.8040  43.4036  62.4496  37.1000  66.6594  83.6180  74.9462  68.4302  77.6707  91.2181  48.3300  65.8746
105.8826 140.7276  55.5973 141.8011  74.9416  21.3322 168.4646  43.8385  50.9215 112.7666  48.5927 111.7847  43.8919  55.1691 185.0979 171.6748 100.7379 141.5662  80.6513 165.5183  92.7928 118.6513  87.8425 181.1134  97.0737  99.0344  70.3962 103.0719  68.6886  60.6347 121.8672 134.9523 164.9439 109.1516 186.6417  86.0995 162.1837 128.8885 126.5467 110.0412 150.2814  72.6369 163.6034  88.5473 127.6423  58.2248  81.4900 204.4084 116.7262 119.7602
 56.8149  61.5339  50.1568  22.2535  30.1325  28.9561  14.6199  23.9622  31.5221   3.5397  26.7576  31.6936  44.0629  47.0259  27.7994  27.9835  47.3991  10.5214  15.3519  12.3544  13.2653  58.0375  43.0275  26.7676  56.3596  56.5086  54.4923  19.6196  43.3409  51.8787  63.5033  51.5060  23.7299  36.0745  34.6189  23.7598  26.0424   6.5621  56.5167  24.3746  31.3581  27.6189  31.4088  54.7886  45.4507  47.7354  51.5710  42.8252  28.2370  40.2913
 46.7332  42.2170  57.0029  64.1998  62.0695  47.3374  37.6624  49.0420  58.6379  40.8801  54.0872  18.6517  62.1307  49.0072  23.5959  18.5417  76.2491  33.7050  49.4137  50.7309  33.5534  83.0487  32.6540  23.5376  49.4769  48.9428  60.9616  58.1151  39.0198  60.4520  53.8010  27.7426  22.4535  20.4832  14.1698  58.9631  68.4473  36.1798  38.4901  62.9793  11.1320  59.7590  12.0329  74.5295  22.1984  66.0269  72.7583  10.7820  18.0662  19.7089
198.8508 220.9044 159.4975   5.8034  66.5555 103.3030 102.4207  83.8289  83.8630  72.4541  79.0253 151.1709 125.8540 161.0820 147.0544 149.0537 105.0000  98.5708  58.9959  64.9935  96.1459 138.6052 169.2423 144.3266 193.6630 194.9082 169.2483  35.0828 162.6831 160.0200 214.0569 201.0036 136.6931 160.7943 168.0844  49.6536  12.6270  87.9939 207.3764  31.8308 157.4412  63.6883 158.7131 143.7171 186.4481 132.3270 133.5223 191.6048 143.8868 173.1040
 60.1660 113.9188  42.6020 270.8257 181.9677 107.6670 279.1281 139.8523 149.4667 216.1387 148.7290 155.2810 104.5538  11.9212 279.3572 256.1414 196.2668 241.8126 186.4056 290.1494 177.6801 199.0600  81.7934 274.7047  44.8047  48.0147  55.4803 219.8429  50.5504  59.0506  76.3784 133.4608 253.9253 138.8865 266.9635 198.2245 297.8542 229.6603 101.5113 229.8303 214.0510 180.0316 235.3957 146.4044 139.5600 114.2872 146.8278 279.2295 171.2013 142.4152
190.1672 209.2693 160.6145  53.1414  82.4815  90.0502  66.7444  70.4821  90.4590  23.7446  76.1981 117.7245 135.0601 153.7882 112.2195 112.5528 138.9925  55.4548  37.7207  43.5436  54.2727 175.1660 148.2978 108.8345 187.1657 187.9712 174.2710  44.5915 146.1528 164.9551 210.9110 179.9072  98.7236 130.6675 134.2469  60.2077  67.1568  42.1126 192.9767  59.7239 121.4420  74.5941 122.7855 167.6769 161.1829 146.3207 156.6543 160.9606 107.8317 144.8001
232.2049 285.2302 135.5147 178.4351  77.6033 118.5155 285.2762 116.2996  70.9500 206.3532  94.9741 254.5967  67.5372 163.3833 329.4268 317.3222  24.2701 256.6630 144.6759 254.2234 203.3092  56.6726 225.8671 324.0153 215.4417 219.1225 140.2640 139.4561 197.4947 125.7607 241.7035 287.9607 303.8361 254.1561 341.9483 111.1297 199.2703 236.1853 269.9529 129.7408 299.2991  88.2557 313.8843  60.2347 279.7964  61.9214  44.3933 370.6184 257.3190 269.0836
270.6521 285.0201 253.1238 136.2599 175.8222 159.8752  29.9777 141.4530 179.6432  47.0846 157.0548 138.0539 232.7958 233.9051  90.3857  95.5536 254.5843  16.7657 107.1809  61.5416  71.6093 302.1364 202.6628  86.0199 271.2649 271.3857 273.4840 128.7816 210.0119 262.7202 302.9373 232.4524  75.1809 160.7318 126.1259 147.4575 149.9909  21.4782 262.0974 150.3278 121.5549 164.1924 116.7890 284.2704 202.7664 250.3016 270.1257 164.6592 119.1917 178.5626
153.5577 202.8890  65.8850 185.7047  88.0515  66.5454 247.3734  82.0241  60.0608 174.7487  73.4412 186.4809   7.1569  88.4978 274.7001 259.2329  87.6182 215.7228 124.5324 233.9775 157.5059 100.5208 149.2649 269.6911 138.4177 141.7382  75.6965 139.6563 121.4096  61.0157 164.7664 207.1378 249.7879 182.1919 278.7521 113.5332 209.5128 198.4206 188.5167 140.8540 234.2232  91.2354 250.4466  62.0194 201.8355  24.9641  53.1584 301.4007 192.7156 194.2404
183.3363 192.1736 185.1197 171.7410 164.6628 114.3878  93.7969 112.5068 154.5734  73.3498 133.4407  53.7862 184.9813 159.6262  89.2716  72.6006 231.0758  61.9810 106.9806 129.8719  38.7093 266.8208 117.0454  84.6330 186.5185 186.0431 204.3379 143.8656 129.0283 197.0751 214.6485 141.9292  65.1995  74.6813  93.1320 148.5061 191.5236  61.6929 170.8157 164.7396  58.9170 154.2003  68.3118 238.0505 114.3043 202.3755 227.5229 120.8110  37.5719  91.6651
135.3806 115.9106 190.7193 280.7505 246.0488 170.0004 198.1615 186.5056 224.5464 183.8303 207.9361  55.6983 224.6499 153.6965 155.8721 130.3346 297.7261 170.2307 203.0405 243.6107 141.4623 320.0229  78.2134 153.6112 148.5026 145.8912 206.5272 244.1651 108.5235 206.5359 166.2366  51.8701 140.5900  42.2010 123.8717 240.2572 303.1825 173.2745  98.4464 263.7238  81.5324 237.4675 100.1641 277.3066  26.2788 240.5698 271.8856 119.5057  71.0820  25.5877
194.1118 210.6339 168.3219  54.7022  93.3697 100.8582  53.3295  82.6055 101.8108  28.1161  88.2817 118.5604 144.5777 160.8457 101.1584 103.9876 147.0969  48.2889  51.4819  26.3128  59.6237 182.1371 152.3101  98.1705 191.8623 192.5080 181.5239  55.0585 151.8159 172.7404 214.4972 180.3039  90.1823 132.0940 125.0134  71.5849  64.5080  38.1673 194.9241  68.2514 117.0470  86.0175 116.3875 175.6791 161.5383 155.3599 165.0891 151.2367 107.8175 145.4215
196.7202 180.0999 233.5001 247.4545 245.2935 191.6538 138.0714 196.1473 233.6538 157.5803 215.5151  83.2603 250.5207 203.2151  79.6065  62.4220 302.1323 126.1365 194.1636 190.6890 132.6846 330.0951 141.2946  80.0736 206.9252 204.9528 249.1244 226.5789 165.1844 246.6064 224.1963 124.2423  78.9075  92.9683  41.4922 231.6040 262.7899 137.4303 165.5664 245.5719  44.9743 236.1011  41.3418 298.5980 102.4539 265.7601 291.2167  24.3015  77.8172  91.7055
 52.4905  66.5053  39.5892  74.1529  47.7504  14.2420  74.9955  24.1730  37.3453  48.9273  31.7171  40.8990  40.1885  31.8606  80.2243  72.6867  67.6781  60.4640  39.3548  78.0782  34.7450  78.7496  34.3042  78.1978  50.2359  50.7606  47.9503  54.8471  28.4569  44.2203  63.6757  57.8243  69.7683  40.3201  79.9771  48.9934  84.7636  54.9205  57.9762  60.8522  60.8201  44.9667  67.8844  63.3996  51.9405  47.6100  59.7181  88.9371  43.3314  46.5351
  6.1621  10.3707  27.9210  76.7984  58.5408  38.2832  69.7340  45.6750  50.9798  58.2789  49.3460  33.0902  42.6412  19.3800  64.7937  58.4404  64.7077  60.9344  55.3136  76.2977  47.2632  65.9579  13.5939  63.8824  10.4092   9.5096  30.0746  64.9057  13.6678  31.7385  14.0466  17.4622  59.3840  27.4233  58.9706  60.8676  83.3157  59.3417   6.9852  68.3630  46.4304  57.4712  51.7823  53.1757  22.1315  45.3188  53.2779  59.4689  38.0468  25.6660
 16.6800  17.3268  25.2455  49.1700  39.0176  23.5201  39.9179  27.8584  34.1552  32.8463  31.5959  11.9563  32.3805  18.0898  35.7444  31.0075  47.3649  33.4859  33.1582  45.9776  24.2799  50.8813   3.6224  35.0530  18.4180  18.0652  28.3355  40.9739   9.3477  28.3076  23.0450   9.7673  31.6774   7.8021  31.7138  39.0996  53.8811  32.7322  13.0300  44.2659  22.1635  37.6617  26.1848  42.3008   7.5944  35.3120  41.4341  32.8814  15.6776   7.4945
213.8697 203.8387 242.4509 239.1995 240.9478 186.2640 119.2846 188.0428 230.0711 139.4997 209.2687  74.9520 254.4016 210.9751  60.8142  37.6485 306.5485 104.2641 182.1672 176.4296 114.1361 340.2335 148.0098  59.8453 222.8243 221.1442 260.7207 217.2120 171.2201 256.2850 245.4552 142.6288  53.9475  92.0809  27.9000 224.1032 256.0282 116.7062 185.3262 238.4126  21.8836 230.4736   9.9408 307.9913 114.9153 271.6438 298.7321  44.7091  62.6167  97.2375
116.8687 153.8355  50.5718 153.2781  82.3711  75.2558 203.5713  85.9119  65.9009 151.7721  78.1077 157.2840  23.1010  74.5212 222.8471 211.5217  61.1268 181.2418 114.9083 192.5080 139.9217  54.4694 124.5692 219.3047 104.5333 107.1978  49.7900 122.2347 103.3485  41.4307 119.3577 164.1554 205.1422 152.6148 224.8228 102.9948 169.2486 168.8846 145.9628 120.5722 192.5092  86.5470 204.4818  19.7020 163.2894  11.0351  20.4730 239.9680 162.7836 159.8917
377.8263 405.9303 328.5501  81.1283 185.2694 221.9720 123.6768 189.6732 208.3514 115.8838 191.7955 258.6623 281.3430 321.2687 207.6801 219.5954 262.8358 135.3962 137.9639  51.1970 166.0115 321.4304 313.0998 204.0692 373.0667 374.3608 348.3835 119.3213 310.8292 333.3832 409.2295 357.8883 197.2243 280.8390 252.4701 150.2181  73.9031 125.9232 380.9931 128.9013 249.8583 176.3736 244.9812 322.5960 327.7221 296.1008 304.9253 294.8698 240.5969 301.8863
240.7146 287.0241 156.0000 133.7394  56.6428 119.9887 247.3056 108.4076  67.6651 177.4342  86.8245 241.6224  93.1629 177.3081 295.1093 287.0492  24.2258 224.8810 121.3295 211.3044 183.4266  74.4151 226.5181 290.2413 226.5626 229.7029 162.5062 105.6494 203.2072 148.8200 252.1823 282.9522 272.9171 244.6117 311.5221  83.0957 150.1200 205.8151 271.5572  91.9724 276.7771  67.6784 287.8906  92.0257 272.1954  91.9416  78.0675 340.3529 241.1181 259.8376
170.8235 178.3261 163.6387 100.4727 120.9689 104.6415  22.3134  94.7456 121.4325  36.5400 106.2909  80.3639 153.6547 149.3708  48.8380  50.5839 172.2032   3.1219  75.6085  52.8666  43.7652 202.2950 125.2181  45.7482 172.0076 171.9193 177.1142  92.8157 131.6291 170.5660 192.3835 142.5201  37.3593  95.6019  70.6665 103.5121 110.2454  16.4833 163.3633 107.3447  67.3498 113.2547  64.0421 188.5474 122.7586 165.4258 179.6482  95.8323  67.5681 106.8784
221.5636 236.8916 205.2430 128.3621 144.9211 119.5529  58.8000 105.2722 143.9265  28.8905 122.1928 103.2602 189.3627 186.5954  93.9153  89.8043 217.3957  26.3403  80.4610  80.5487  34.4269 259.5208 158.7678  89.1177 221.7696 221.9449 224.4098 109.4831 164.4692 214.6529 251.6077 190.2163  73.1120 123.2281 117.4166 121.6924 145.8790  13.4332 215.3461 130.7091  99.7990 133.8837 101.1458 239.2129 163.2910 206.1585 226.5644 151.5056  87.3557 140.8202
107.3440 102.4552 119.1005 108.0557 113.8278  92.7290  49.9452  92.1352 110.3347  66.0350 101.0728  46.9646 122.8788 105.7508  19.4044  14.8223 143.4443  47.6765  87.0913  76.5982  58.5531 159.0797  78.8230  20.2203 111.2464 110.5190 127.1101 100.9762  88.7589 124.9746 121.0133  75.7214  22.9110  54.5878   3.1470 105.3416 114.2777  54.6421  94.6312 110.1904  23.7854 109.1543  15.4831 146.0442  63.9924 130.3978 141.7385  14.1581  41.0018  56.6854
 53.8759  54.4505  55.2855  43.0966  47.0587  37.9816  14.4181  36.3516  45.9509  20.4511  40.8671  21.1633  54.5987  49.2805   9.0297   7.1770  63.5641  10.7836  32.2737  27.4176  17.8658  72.7397  38.1248   7.8939  54.9853  54.8036  59.7724  39.3508  41.7220  58.0462  61.2801  41.3227   3.4775  26.3748  13.7688  42.0337  46.6209  14.2951  49.6300  44.3009  13.3618  44.5007  11.4623  66.8113  34.5622  58.6422  64.1610  22.0278  16.6976  29.4416
 19.0276  28.6686  27.6384  79.5832  57.6667  31.8939  73.2453  40.8754  48.5387  57.1624  45.8294  31.5357  41.4986  15.6272  70.3230  62.8990  67.9833  62.0136  52.7220  79.8104  43.8321  72.0686   8.7864  69.0046  19.3763  19.2603  32.6712  64.7660   1.1705  32.7674  29.0147  26.5957  62.9156  26.0346  65.4270  59.9471  87.7262  59.3479  22.3897  69.2324  49.3418  56.0679  55.9328  57.0968  26.5966  45.8904  56.1413  68.5697  36.8761  26.9364
204.8631 216.0461 194.4607 125.3510 143.4259 118.9870  44.0555 107.2250 142.3709  37.5543 122.7800  92.1369 182.2900 176.2554  71.6844  69.1121 208.6471  13.5027  85.3666  74.1129  40.3603 246.4071 146.8800  67.3962 205.9744 205.9405 211.7876 110.6723 154.1142 203.3948 232.3853 171.6540  53.4961 111.1312  94.3939 122.3267 139.9642  14.6025 196.7220 129.7012  82.4491 133.4917  81.5847 227.5728 146.7097 197.5155 216.3367 125.7087  76.5187 126.3026
 36.7777  46.8721  18.7051  41.3621  22.1974  23.5638  57.5870  25.5062  18.7699  43.2697  22.6749  46.9435   9.6747  25.2196  63.7814  60.9403  13.2395  51.7647  32.6450  53.5469  40.9001   9.9408  38.6795  62.8054  33.3937  34.1244  18.2749  33.4751  32.9492  16.1404  37.2971  49.5736  58.9819  45.9243  64.8216  28.1800  45.4335  48.2473  44.7262  32.3981  56.2466  23.7128  59.3687   1.3813  49.1689   6.3481   1.7493  69.2491  48.2110  48.0630
 74.2144  81.6922  65.5442  43.5785  43.6801  33.4619  31.6687  28.0922  42.5076   9.7305  34.5074  36.7691  58.9126  59.5648  43.8912  41.0478  69.8097  20.1783  20.6847  34.5051   6.3553  84.8747  52.5654  42.0961  73.6469  73.8418  72.5136  33.3510  53.0506  68.7532  84.8208  66.6353  35.6729  42.9001  50.5373  36.1343  51.1760  14.2415  73.8218  41.0901  40.8611  39.6611  43.0527  77.1723  57.5237  65.0564  72.5563  62.2099  32.3905  49.6540
 68.8204  61.5117 130.6472 271.0148 216.2492 138.1623 224.3262 161.8221 190.5973 190.3660 179.4745  81.6364 174.4775  94.5152 199.1785 174.9268 252.9057 192.6208 190.6086 255.9213 147.5271 266.2974  27.6261 196.0348  81.5735  78.9542 143.6023 229.3005  53.6027 146.0288  99.2837  29.7121 180.0522  59.3879 175.2434 218.6918 294.7417 189.4454  40.4210 245.1424 128.9068 210.1279 148.8411 221.1863  36.9500 187.7619 218.5131 176.4010 100.7808  50.1144
178.7552 212.2476 125.7696  94.3263  41.7350  44.4927 146.4215  17.5754  36.8251  79.2919  17.4074 137.8311  88.9030 125.3628 183.8142 175.1890 105.5956 121.2529  29.6813 128.5447  78.2744 144.4933 142.9185 179.2350 171.0018 172.8079 141.0113  51.0829 129.7718 128.7909 199.4962 192.0304 162.5595 144.6926 197.7920  36.2154 117.2528 103.9796 194.1468  61.8667 166.1674  32.5053 175.8837 129.5601 176.0525 102.5446 116.6243 224.9291 134.6753 160.7320
 72.4021  96.9642  70.1080 173.1665 121.1727  56.0892 161.7502  77.2957  99.4965 118.2677  90.8312  70.1463  91.2514  44.9673 160.8386 143.6665 152.9389 133.4731 105.9508 174.9529  86.1732 168.2678  36.3198 157.2613  70.5948  70.9974  85.3174 136.3511  24.5777  81.8917  95.9560  83.0847 141.4366  61.8718 153.3413 125.0662 193.4945 125.4743  80.5295 147.9802 113.7753 116.4777 129.3836 133.8434  75.7446 104.0664 129.3070 165.5011  80.3216  69.8234
255.1601 280.6247 211.6712  29.1362  99.0904 130.5653 102.4254 104.8230 116.8155  66.3635 104.6799 176.8286 173.3379 208.4106 162.9230 166.4168 160.4454  98.0728  65.6072  53.8601 102.1678 205.3378 209.4151 159.3057 250.1146 251.3880 226.4977  48.0971 204.3263 214.6717 278.0119 248.6265 149.5347 191.6226 192.1990  71.9194  40.7736  84.7000 261.7498  57.3373 180.3976  92.0680 180.7881 204.9170 227.2343 184.5031 191.3094 224.2582 165.3533 208.2542
 83.4518  90.2509  76.3385  51.1290  53.9542  42.1844  29.2800  36.9319  52.7723  11.4962  44.0420  38.3719  70.2435  68.9783  41.5001  38.6826  82.5545  16.1769  28.5905  36.1616   8.1609  98.9820  58.7584  39.5447  83.3405  83.4482  84.0042  41.5914  60.5120  80.1056  95.3532  72.3998  32.6190  45.8626  49.2651  45.3849  58.8235  10.7686  81.6312  50.0962  39.9715  49.5583  41.6371  90.3651  61.9379  77.0020  85.3952  62.3340  32.6729  53.0808
158.4666 171.9395 134.7028  24.0959  70.4393  89.6605  59.9822  75.3700  81.2801  49.6509  75.0420 111.6900 112.8722 132.8538  95.6337  99.6072 102.5862  62.2852  53.5452  28.9080  70.7778 127.7699 132.2317  93.9059 155.8546 156.5271 142.8884  42.6446 130.0542 136.2813 171.3619 152.9749  90.0125 120.5826 113.8857  55.7762  20.6962  56.7198 161.3649  45.4510 110.5552  67.0166 109.4195 129.3374 140.5801 118.7941 121.7196 132.0144 104.5710 129.7503
203.1373 233.4941 154.6515  68.9920  53.8198  71.0080 125.1876  43.9600  61.7183  59.4399  45.3928 143.9268 117.5633 152.1758 170.6122 165.4063 122.8342 103.8381   9.1161 100.7086  72.8140 165.5934 161.5348 166.1363 196.6264 198.1880 170.1552  28.8074 152.0078 158.0284 225.4130 207.5478 150.8350 154.4811 189.9449  30.7541  91.8746  86.0188 214.6315  46.2034 163.8921  43.6979 170.7139 155.7283 188.7817 130.5773 142.2466 219.6194 137.1651 171.3897
153.5064 203.0642  65.1590 187.5446  89.6758  68.6284 249.5590  84.2151  61.9139 176.9408  75.5389 188.1294   5.0082  88.6128 276.7654 261.2366  87.4821 217.8930 126.6808 236.1317 159.6319  99.2644 150.2013 271.7588 138.2058 141.5584  74.4807 141.5910 122.1577  59.8180 164.2898 207.9777 251.8477 183.6509 280.6753 115.3987 211.2963 200.6026 188.8819 142.6054 236.0476  93.0253 252.3331  60.1344 202.9575  22.9169  51.5840 303.2054 194.4985 195.5658
169.0774 188.5838 134.8921   5.7628  53.3997  83.3727  85.6348  65.8045  67.8335  55.7968  62.3543 125.7793 105.8587 135.5208 124.5779 125.6336  91.2392  80.4892  42.7855  54.2983  76.3781 121.4412 141.9808 122.0375 164.6134 165.6893 143.9784  22.2859 136.3089 135.7659 183.0319 170.4759 114.6714 134.3337 142.6709  36.7764  20.5239  70.5090 176.3648  22.7150 132.1266  49.9830 133.6688 123.8233 157.3868 112.2565 114.6553 163.6339 119.3857 145.4072
 31.6305  29.9169  40.4622  56.1402  49.1628  32.6397  38.2210  35.7209  44.7026  34.2106  40.6673   5.2691  46.2776  32.4774  30.4333  24.7195  61.7207  31.5672  38.7919  47.9022  24.6417  67.5667  16.5206  29.7572  33.8537  33.4213  44.4211  48.0518  22.5710  43.9218  38.9885  16.4112  26.2784   3.9647  24.7920  47.4365  61.1738  31.9964  25.3212  52.5478  13.8920  47.1158  18.5441  58.5199   9.6534  50.0676  56.9696  26.0535   8.9898   4.6269
 68.6842 101.7133  10.6827 145.8390  85.9860  52.9154 169.4925  70.1476  66.5168 125.8731  70.5204 110.9474  31.7616  28.8735 178.6312 166.3942  87.1546 147.5393  99.7040 168.2528 108.0274  88.1022  75.5526 175.5545  58.1808  60.4546  20.6243 115.0793  55.9092  12.8016  74.3855 110.7014 162.6014 104.4216 176.1129  99.6510 161.8213 138.0052  93.9721 118.3522 145.1206  86.5337 157.0800  56.6682 111.1225  36.6049  56.3425 187.2129 117.9919 109.5657
 74.2782  74.2782  74.2782  74.2782  74.2782  74.2782  74.2782  74.2782  74.2782  74.2782  74.2782  74.2782  74.2782  74.2782  74.2782  74.2782  74.2782  74.2782  74.2782  74.2782  74.2782  74.2782  74.2782  74.2782  74.2782  74.2782  74.2782  74.2782  74.2782  74.2782  74.2782  74.2782  74.2782  74.2782  74.2782  74.2782  74.2782  74.2782  74.2782  74.2782  74.2782  74.2782  74.2782  74.2782  74.2782  74.2782  74.2782  74.2782  74.2782  74.2782


3.6501 7.7745 6.0839 3.3072 5.7720 2.1712 6.2340 4.8471 1.2466 4.2181
3.9647 8.5534 7.2103 4.3839 5.7422 3.4098 7.3883 5.5485 2.4906 4.2181
3.7391 6.3819 4.0290 1.6505 6.0794 0.2634 4.1187 3.8800 1.3159 4.2181
4.5628 0.5407 2.9748 4.2150 5.0335 5.7001 3.2861 2.5915 7.0062 4.2181
3.8478 2.9553 1.1566 2.1229 5.3987 3.5242 1.5123 2.0895 4.8820 4.2181
2.2444 4.2212 2.9063 0.7396 4.3280 2.0974 3.1800 1.5881 3.3223 4.2181
3.2492 3.6429 5.8654 5.1797 1.8849 6.3555 6.2327 2.9547 7.2583 4.2181
2.4254 3.4892 2.5362 1.3353 4.2061 2.7908 2.8580 1.0642 4.0474 4.2181
3.4416 3.5803 1.5741 1.3886 5.2459 2.7855 1.8596 1.9995 4.1419 4.2181
2.3314 2.7418 4.1370 3.4802 2.5966 4.7791 4.5044 1.1852 5.8368 4.2181
2.9653 3.3595 1.9970 1.3927 4.7041 2.8746 2.3173 1.4560 4.1967 4.2181
0.9508 5.7879 5.8892 3.5713 2.2124 3.9462 6.2014 2.9711 4.3038 4.2181
3.9210 5.1624 2.4696 1.1104 6.1010 1.5831 2.5477 3.2144 2.8864 4.2181
3.0588 6.3966 4.4979 1.7546 5.3931 0.7014 4.6484 3.6294 1.1788 4.2181
3.1197 5.3752 7.1044 5.7299 0.7829 6.5885 7.4683 3.8963 7.1945 4.2181
2.6303 5.5028 6.9242 5.3382 0.3724 6.1054 7.2825 3.6814 6.6483 4.2181
5.3268 4.4250 0.9689 2.8094 7.1448 3.6660 0.7396 3.8555 4.9324 4.2181
2.4191 3.6048 5.3279 4.3833 1.5701 5.5201 5.6950 2.2372 6.4097 4.2181
2.6766 2.4855 2.7478 2.4433 3.8318 3.8949 3.1132 0.6450 5.1259 4.2181
3.9462 2.1546 4.9310 5.0298 3.3316 6.4079 5.2849 2.7437 7.5168 4.2181
1.2585 3.7119 4.3475 2.9340 2.2327 4.0353 4.7003 1.1105 4.9589 4.2181
6.0931 5.6852 2.2275 3.3388 8.0990 3.7027 1.9573 4.8894 4.7659 4.2181
2.0237 6.5938 5.6254 2.8401 4.0800 2.5043 5.8615 3.5800 2.4913 4.2181
3.0100 5.2792 6.9834 5.6097 0.6825 6.4758 7.3471 3.7738 7.0924 4.2181
3.7155 7.5996 5.7478 3.0216 5.9215 1.7817 5.8815 4.7300 0.8040 4.2181
3.7057 7.6424 5.8228 3.0851 5.8955 1.8658 5.9598 4.7595 0.8946 4.2181
4.2146 6.7605 4.2289 2.0690 6.5564 0.7413 4.2798 4.3363 1.2539 4.2181
3.6695 1.6892 2.2943 3.0543 4.6144 4.5398 2.6537 1.6358 5.8443 4.2181
2.2762 6.3930 5.0755 2.2461 4.5250 1.7629 5.2858 3.4259 1.8954 4.2181
4.0574 6.4179 3.8799 1.7557 6.3900 0.6232 3.9382 4.0468 1.5385 4.2181
4.4268 8.3694 6.4130 3.7511 6.5688 2.4110 6.5231 5.5053 1.1256 4.2181
2.8581 7.7356 7.0284 4.2541 4.2876 3.7870 7.2709 4.7437 3.3833 4.2181
2.5318 5.0299 6.5587 5.1257 0.2835 5.9925 6.9204 3.3309 6.6274 4.2181
1.2570 6.1816 5.9954 3.4960 2.7559 3.6600 6.2888 3.2702 3.8736 4.2181
3.0085 6.2200 7.5496 5.7981 1.0611 6.4328 7.9035 4.3059 6.8448 4.2181
3.6131 2.2876 1.7565 2.5141 4.8821 3.9885 2.1241 1.6510 5.3197 4.2181
5.1185 0.2443 3.3873 4.8224 5.4117 6.3064 3.6679 3.1805 7.6175 4.2181
2.2906 3.2490 4.8506 3.9908 1.9467 5.1875 5.2177 1.7869 6.1410 4.2181
3.4260 8.0376 6.8044 3.9704 5.2384 3.1256 6.9987 5.0280 2.3994 4.2181
4.1505 1.6545 1.9359 3.2297 5.1456 4.6995 2.2770 2.1227 6.0352 4.2181
1.9051 5.9130 6.7159 4.7162 1.1649 5.2529 7.0553 3.5351 5.6384 4.2181
3.6144 2.8304 1.4265 2.0775 5.1262 3.5215 1.7852 1.8187 4.8701 4.2181
2.3072 5.9194 6.9753 5.1105 0.8620 5.7151 7.3227 3.7501 6.1335 4.2181
5.2608 5.8659 2.6008 2.4497 7.4222 2.5128 2.4841 4.4114 3.5345 4.2181
2.2410 7.1615 6.7245 4.0459 3.5641 3.8409 6.9920 4.2094 3.6915 4.2181
4.3520 5.4184 2.4983 1.5435 6.5356 1.7776 2.5132 3.6186 2.9871 4.2181
5.0336 5.4835 2.2381 2.2294 7.1499 2.5146 2.1435 4.0837 3.6413 4.2181
3.5323 7.1154 8.2899 6.3415 1.9433 6.8056 8.6363 5.0654 7.0500 4.2181
0.9181 5.4821 5.8500 3.7126 1.7517 4.2432 6.1767 2.7899 4.6999 4.2181
1.7195 6.6442 6.3902 3.8137 3.0364 3.8198 6.6747 3.7272 3.8713 4.2181