100 50 5


27 19 21 14 14 31 33 21 26 9 15 15 34 12 33 29 21 7 24 6 9 10 29 29 9 26 29 18 11 7 30 32 12 22 10 12 31 10 22 18 14 24 7 26 17 29 11 20 21 25 7 29 23 31 11 29 22 23 34 15 25 14 27 23 29 9 21 10 31 20 31 27 33 8 6 16 34 8 15 20 33 17 27 24 24 16 26 34 6 12 34 26 17 10 23 33 21 18 14 26
1107 742 1032 1101 1280 1277 974 987 943 832 624 737 1272 888 1360 928 1286 1291 1184 1294 769 626 1115 1169 706 1070 1263 967 1360 537 1013 1287 976 866 725 720 823 1240 937 1210 850 1124 1296 1061 950 1053 1249 1178 809 898
1078 2273 1181 1627 3661


195.7932  31.6833  60.7170 153.8671 151.0661 276.4085  74.8601  90.1578 141.0326 240.6138 104.2976 160.7951  30.4047 234.5629  91.2664  93.7114 217.8693 105.2103 154.2331 166.6959  97.8656 148.0949  92.2472 241.4594 114.8389 223.7051 225.3944 149.3303  80.2264  72.3061 242.6998 143.7681 165.2182 101.5329 116.1552 245.1912 244.5151 108.6746  51.1954 261.7260 135.0178  87.4417 198.5198  90.3323 180.4267  97.4764 141.2103 232.4391 196.3888  23.1666
171.0713 111.8384  82.8995 191.6024  16.3024 179.5025  82.5803 112.9172 190.6136 101.7352 137.2543  16.7243 125.8566  79.6524  59.6119 108.7751 119.0347 132.5653 183.7390   4.3741  85.7761  35.1685 137.4828 138.5871  66.5879  50.3027 134.1074 120.8437 154.0826  90.5525 167.8943  89.4902  99.3662 173.8051  83.8968 134.5657  94.3160  47.7539 115.4866 172.0570 125.1621 126.6126  28.0029  62.5126 132.4022 106.2304  70.6803 147.4137  98.7580 105.3788
 31.1572 143.5792 105.9641  77.4854 144.7394  95.6513  91.5795  56.9689  87.2600 120.4060  47.2084 141.4878 148.5852 137.0238 139.7297  56.5653  79.5745  44.3359  63.3219 156.8020  73.4715 121.0551  57.9345  86.0877 173.3152 158.0010  72.9982  26.7435  85.9280  84.4464  67.3632  62.0368  58.4544  96.4177  68.9037  93.6374 132.4636 120.2127  85.4638  84.3688  24.0429  57.5147 155.1650 144.5229  30.8064  55.8110  82.3821  69.3223  80.6479 122.3239
 76.8622  50.3558  18.1293  82.1260  47.4821 104.9007   7.7038  24.3133  81.1600  78.6951  42.3266  48.8088  57.9465  76.5023  37.0810  21.7595  68.9360  39.2100  76.9100  56.4830   7.4556  37.5224  42.0191  82.3534  59.5081  75.1732  74.7684  42.2821  55.4499   9.4891  89.6915  30.1803  42.0247  69.8774  15.5425  83.3306  80.9371  26.1467  28.7638  97.6210  40.0716  34.0304  65.3379  40.3705  57.0446  20.5819  27.1690  80.4878  56.5080  37.2645
 99.9777 128.5334  96.6016 138.9351  70.1545  77.2983  88.4052  92.7942 143.3603  10.3259 104.7200  62.4018 137.5399  11.5727  97.5198  89.0983  39.6329 100.6366 130.0474  70.7000  78.1156  57.7306 109.3500  47.7357 113.0261  38.1016  50.4398  73.9489 128.7934  90.5441  77.6759  57.9744  52.1531 141.3466  69.2379  41.9598   0.4427  78.3556 108.1182  74.7060  83.2523 102.7278  50.8269 101.2312  69.5179  86.2636  54.3287  60.6783  35.0193 117.3213
300.4820 127.8272 111.8653 304.6280  69.8663 341.6905 124.9304 182.6113 297.2519 232.9850 220.9030  87.0918 149.5608 202.4089  55.0449 178.5258 246.6463 215.4556 296.5754  72.5546 146.4283 102.8345 215.8099 279.4724  33.2322 159.2462 268.0527 220.3271 229.6282 138.2947 315.4212 177.0624 200.1765 260.3271 154.4177 275.8417 224.5532  78.0523 167.7607 327.4664 219.4128 199.8394 122.7827  52.4423 248.0242 176.7884 149.9788 286.9235 212.9486 129.8101
 71.4326 201.9128 154.0775  84.9851 234.9345 190.7631 135.2799  74.1744  97.1484 224.3294  41.5394 233.0856 206.1489 245.5076 212.2977  77.7772 163.7917  42.0669  64.6707 255.2626 114.3696 201.7218  56.9668 176.6425 263.6640 271.1116 155.8362  68.2398  95.6715 121.7409 145.9410 117.0612 120.4966 109.7393 115.3703 187.9856 241.5287 189.4424 109.4576 173.2927  48.2489  63.5668 261.1620 218.6927  88.7111  79.8607 145.3668 150.9226 160.2027 169.8667
 70.1545 104.3987  66.5475  82.8263 114.7146 128.0127  52.9033  17.5447  85.6803 122.6848  25.2778 113.9621 110.4608 130.7708 101.8240  16.8275  91.5817  19.1042  72.4086 127.7518  37.8839  94.2937  32.4095 105.9626 135.0850 141.9191  92.6764  30.0506  62.6870  45.1192 101.3822  45.9492  54.7202  80.2203  39.3665 110.9136 131.2970  85.7304  47.6843 116.5508  17.6012  24.5736 133.3624 106.2733  53.6602  16.7066  60.6522  95.3421  82.0839  83.0085
122.1115 241.3569 181.3349 208.1628 169.3832  71.5189 162.1821 148.5331 220.3814  54.9290 158.9264 157.5016 254.5508  90.4934 201.3973 142.9624  19.9032 152.2530 190.3891 176.9319 136.5062 138.3545 170.5766  14.6179 238.5945 136.2373  23.6042  96.2158 208.4691 160.9860  70.6612  91.9922  70.5765 227.0205 119.2629   7.1912  73.6957 165.5565 184.6128  65.0421 115.0003 162.2419 150.8130 208.6765  74.4368 138.2929 103.9145  39.7800  46.1088 216.3477
 43.8341  67.2769  46.2922  67.1861  41.3504  40.1920  39.9698  38.8843  70.0431  17.6822  45.5261  37.5529  72.2964  23.5719  52.0616  36.6204  11.7321  42.9334  61.5101  44.4601  31.7154  30.3846  48.7728  21.2408  64.8231  35.0668  18.6682  25.4014  61.5772  40.2340  35.3096  16.7596  11.5119  69.2737  25.6224  20.2570  21.8702  39.5862  50.0757  36.6635  31.4073  44.8386  37.4202  54.5831  23.6753  34.8299  18.5967  25.0856   1.9324  59.0007
132.9397  73.5168  53.7147 143.4932  10.9253 146.1885  55.6039  81.7478 141.7044  89.9352 101.0392  18.8887  84.5773  74.5428  32.3110  78.9091  99.1423  97.6910 138.1017  12.4644  61.2869  29.0241 100.2378 114.9499  37.5686  54.0304 110.2545  93.2271 111.2977  62.1987 135.0963  69.8306  79.5533 126.7812  62.1065 112.5934  85.4152  27.8439  80.5606 139.7390  94.9530  91.8343  36.4673  34.2266 104.5226  77.3189  55.4461 120.0787  82.7990  69.5538
117.2873  38.5885  22.3137 115.5699  38.5783 145.0574  30.0187  57.7003 111.9492 104.4044  75.6335  45.2593  49.6085  95.0389   5.2842  56.2180 102.5430  73.2839 111.9110  46.5343  43.0001  42.7163  72.7585 117.9989  28.7453  82.4652 110.9280  80.2685  79.4193  36.0624 129.9690  63.4502  75.9480  94.4563  49.5057 117.7236 103.3796  19.8329  49.2955 137.5503  77.8968  65.2507  66.6220   8.1636  95.5194  55.8486  53.6541 118.4895  87.1625  33.8432
276.8621 303.9003 230.3148 360.8784 145.0159 232.9419 214.2273 237.3806 368.8926  69.7671 271.6704 125.9327 327.2957  23.3315 220.4060 228.2259 135.9018 261.6774 340.5395 141.2294 195.3663 124.4419 280.6491 159.8542 250.8871  50.9705 163.8338 204.3171 325.1099 222.2823 230.8768 156.4831 150.2050 357.6697 176.4859 146.5593  46.1699 177.1726 268.0272 225.7708 224.5488 262.9587  87.8734 228.7018 200.9541 221.4718 137.9420 189.3968 115.4864 280.3172
 93.1770  77.8804  53.8094 112.6518  20.5477  93.5727  50.0675  64.2237 113.5206  43.7059  78.6905  13.8047  86.4267  30.8589  47.1655  61.1714  55.3347  75.3634 106.6614  21.0462  47.1977  14.8281  80.2485  67.4234  57.8318  18.8079  65.1475  62.4057  93.5892  54.0743  87.3462  42.2788  46.1515 105.8295  43.0706  64.6172  39.5725  32.9045  70.7573  89.1703  66.9231  73.4354  11.0113  49.9898  67.2875  59.0962  31.1550  73.8390  42.9016  70.7720
247.1773  30.0373  74.7179 196.9379 182.1468 344.0767  93.8338 116.7958 181.1640 296.6795 135.5995 194.6748  29.4940 287.8951 107.2906 120.7191 270.7501 136.4302 197.3657 200.8190 123.3565 180.4859 121.0961 300.0978 133.5624 272.6872 280.6677 188.7499 106.9159  92.0327 303.2276 179.7746 206.3833 132.6604 145.6811 304.2960 300.7720 131.3914  69.7261 326.1671 171.8248 114.6412 241.1124 105.5092 226.7811 125.0508 175.1268 289.8589 243.7474  26.4021
220.5713  91.1417  47.4759 225.7206  58.9264 267.9646  55.8730 109.6445 220.3781 184.8838 145.9011  70.7992 112.2506 166.0994  19.8666 105.6496 183.7625 140.5049 217.1643  75.5204  76.1061  64.8803 142.0734 213.9644  64.1064 142.1429 200.9614 146.8079 159.5422  68.5983 240.1832 110.5490 134.0923 189.2349  85.7268 212.8159 182.4515  21.1123 100.2310 253.7699 144.4692 126.6052 112.0721  27.9906 174.7218 103.9985  89.3487 216.4762 153.4733  78.6670
115.1539 201.3313 152.4092 183.5097 134.3212  69.5557 137.4793 130.6308 192.8931  31.4699 141.3038 123.9338 212.7979  61.4873 164.9142 125.7963  27.1494 135.6886 169.2565 138.9483 117.6300 110.4818 150.2887  27.0476 193.4110 100.2967  35.6431  90.7737 180.8660 137.5630  72.8082  81.8224  65.8510 196.7364 103.4337  17.5108  46.2043 135.5195 158.7456  66.1833 106.0101 142.7649 114.7646 170.7872  75.2296 121.8306  87.7692  48.4645  41.1943 181.7844
 62.3942  64.6640  50.1183  79.1243  30.3568  53.2729  47.2373  53.0232  80.5890  19.6879  60.4217  26.5633  69.6099  10.3188  46.7154  51.1432  33.4985  58.3718  75.0250  28.7628  43.9682  27.6348  62.0948  38.3368  51.9127   9.1871  39.2392  47.0967  70.9815  49.1395  53.0333  36.8346  35.9940  77.8191  40.3643  35.5441  14.7002  38.4146  58.7281  51.8891  51.1045  58.3564  17.4197  48.3018  46.7322  49.7771  32.4293  44.4936  29.1768  60.2539
 23.7903 213.1299 168.7753 112.9235 202.8351  72.5455 151.6451 114.0189 128.6904 142.9774 101.0491 196.8190 218.7589 170.0234 205.2045 113.1429  92.0781  98.8066  96.7248 215.2156 129.2333 173.8371 113.0993  86.0409 243.6748 203.1269  75.3615  69.8812 142.0192 144.2498  41.6668 105.5836  92.8803 149.1412 120.7744  96.9199 159.4194 179.8720 146.6649  61.6482  74.9111 114.3118 206.0497 211.0347  50.6968 111.7960 129.0819  61.3034 106.0224 188.8086
 25.5502  58.0416  44.4218  46.5427  43.4087  11.5328  39.9029  35.4244  49.6995  17.5588  36.7859  40.7902  60.8309  25.8600  49.9075  34.2898   8.0420  35.3799  42.3892  45.3389  33.8117  36.1184  39.6437   1.7493  58.7618  36.4189   4.7248  22.5948  48.3095  39.3247  11.9374  23.7613  18.6558  52.1199  29.9916   4.0025  21.8799  41.7937  44.0199  10.0603  26.7566  38.1035  39.6409  51.5778  16.5245  33.3048  27.3522   5.6247  14.5844  52.1193
 32.1722  45.6300  37.0053  19.2495  64.1236  65.1489  33.6809  18.2525  18.9541  70.2104   7.3321  64.6624  45.6564  74.1587  53.5594  20.3975  55.3570   9.9677  16.8387  69.8976  31.2457  56.7264   6.7781  60.0017  66.6119  78.5457  54.2462  28.1124  12.9306  29.6864  52.9485  37.8182  41.0542  17.4259  33.9481  62.7672  74.1913  50.1475  21.7141  60.3508  21.6047  11.7570  74.1370  54.8638  35.9983  21.8767  43.7282  53.6461  52.6458  37.6812
 81.9879   0.5000  23.0228  68.8387  50.9608 109.1187  30.1974  41.2960  64.2197  90.6413  48.7230  55.3543   7.8715  86.5005  27.0120  41.9963  84.9194  48.5979  68.6857  56.0988  40.1741  52.5164  44.6804  94.3460  32.2009  79.8955  88.7308  62.3327  41.6346  31.0229  97.2227  57.2000  65.5812  49.6001  46.7077  95.1929  91.1393  37.0567  28.0692 103.7557  57.9311  41.9915  69.5960  25.8008  73.7800  42.9829  54.1687  92.1829  75.9655  10.1178
 72.1220 265.8142 204.8856 177.6770 225.2447  52.7808 182.9162 147.9182 194.7809 129.6209 144.0424 215.3874 276.0727 165.6431 241.4843 144.3819  69.5625 138.8431 157.5971 237.9739 153.4207 189.1914 158.7469  56.6629 287.0634 210.7494  46.3129  84.7202 198.4965 176.7530  17.2276 112.7007  90.9630 212.6111 138.4078  69.9742 150.1956 206.0013 190.0737  36.9668 100.2532 155.2627 219.4463 249.1713  51.4544 140.9546 138.0366  26.6311  93.3962 236.2432
263.4364 171.9746 128.4003 294.6932  26.9450 275.9971 128.1278 174.5918 293.1296 156.7718 211.7500  27.8415 193.3735 122.7303  92.2264 168.2865 183.6790 204.6063 282.7240   8.4100 133.1908  56.0068 212.0503 213.4755 101.8313  77.2185 206.7383 186.7785 237.2450 140.3279 258.4175 138.9100 153.9234 267.3457 130.3807 207.2614 145.2278  74.8655 178.2925 264.6796 193.3733 195.4647  43.2994  96.5055 204.3724 164.4175 110.2000 227.0909 152.7772 162.4259
 71.2446  83.2804  63.3519  94.9440  42.5601  57.5410  58.6881  63.5133  97.4069  14.4858  72.0159  37.4929  89.3426   5.3222  61.8582  61.0985  32.9745  69.3706  89.3939  41.9467  53.0247  36.2171  74.6630  38.5446  70.5536  18.5937  40.1118  53.2246  86.7778  60.5366  57.7138  41.5380  38.9405  95.1793  47.7003  34.8459   7.9933  50.0550  72.3751  55.8964  58.8962  70.1478  28.0917  64.1256  51.3699  59.2871  37.6387  46.7619  28.7878  76.6687
 78.5200 176.0576 152.9969  19.2646 227.7472 182.4498 142.3058  95.2842  35.1962 224.8591  61.8740 227.8888 174.0505 242.3250 200.7572 100.4142 175.3110  67.7648   2.3971 244.2132 131.7218 203.8819  65.5386 182.0982 238.7485 261.7162 166.3403 102.5234  71.4362 130.8263 147.7104 140.5641 143.8070  65.4710 136.0436 192.0408 238.8591 188.8785 108.9428 169.8413  86.7563  78.8177 252.3862 204.6796 114.9062 103.6957 161.7495 159.0692 174.6430 154.2624
214.0255  25.2233  57.5524 174.0739 151.9915 296.9703  74.8279  97.8749 161.0576 253.0397 116.6337 162.8964  30.9988 244.9331  86.7604 100.8637 231.1647 116.8041 173.4949 168.5042 101.3532 150.3579 104.4580 257.2836 111.7234 231.3809 240.3654 160.5660  95.3716  73.8629 261.4547 151.0324 174.6272 119.4283 120.9203 260.7274 256.4192 107.2334  57.4888 281.2738 146.3340  97.6008 203.6721  85.5269 193.9727 104.3972 146.2431 248.9053 207.0255  14.9484
112.7279  71.4058  79.8393  62.3343 142.9822 179.3301  81.7773  67.4270  50.3518 180.1024  58.2872 147.3637  64.4403 183.0083 108.5387  72.1016 155.0289  62.4693  67.7145 154.2827  88.0715 134.9477  49.6829 166.5048 127.4157 184.0662 154.9905 101.1760  23.8016  75.5170 154.9811 112.2769 122.7475  22.2677  98.2279 171.2709 186.0180 113.1673  50.4915 169.6821  88.3846  55.6989 170.6097 108.9773 119.3065  75.7392 118.4901 155.2139 146.1131  64.0583
 43.9785  99.8704  74.8909  81.0737  73.8828  25.8191  66.6061  58.6780  86.5163  30.2316  61.7418  69.2651 105.0173  44.5884  85.1079  56.5363   9.2531  59.0701  73.5058  77.6879  55.4428  60.3988  66.8804   4.5154 101.4579  63.0246   2.5891  35.4584  82.8423  65.5648  22.7317  37.0205  27.6579  90.1735  48.4356   8.3665  38.1218  70.3190  74.3550  21.9408  43.2300  63.8270  68.0588  88.1644  25.0029  54.6952  43.7945   9.3578  21.0103  89.0267
 35.1118  28.2756  26.2149  19.7804  49.9316  60.3740  25.5225  17.4403  16.6601  61.0349  13.1378  51.1236  27.2416  62.7356  38.6274  19.3161  50.8649  14.7702  20.2242  54.4279  26.4487  45.6894   9.8040  55.2300  47.5508  64.1828  50.7504  29.8437   0.8458  22.6757  50.9416  34.7985  38.5389   8.0973  29.9283  57.1120  63.5637  38.4224  13.5029  56.6032  24.8504  12.4649  59.5950  39.2206  36.8674  20.7267  37.8757  50.8416  47.6577  23.2485
231.4385 134.6689  82.0685 254.7049  23.7607 262.3036  80.9694 130.6337 252.2606 160.0325 169.2468  33.0504 156.4692 135.6401  56.1072 124.5726 169.8978 162.2401 243.1833  43.0173  88.8005  32.1126 168.6376 201.6652  87.7217 106.8354 190.8182 152.0790 193.8160  93.6985 238.2178 106.0325 126.6544 224.9532  89.7045 198.2335 154.6051  26.0931 132.8499 248.8156 155.4185 151.5929  75.6173  63.2573 175.4649 121.0752  78.0000 209.5027 137.2863 120.2472
178.1828 243.8159 169.3441 259.1368 136.0373 158.1645 148.3931 152.6075 268.3961  48.7672 179.4356 120.9862 262.9341  61.9198 182.6830 144.2433  56.4235 170.0908 239.3183 144.7773 121.8036  98.9028 189.9954  88.2812 225.2259 103.3640  83.2320 110.7149 234.6174 151.3630 144.7960  72.8589  60.0254 263.1266 100.6821  81.4090  58.9608 137.7562 189.4368 147.0068 131.1520 175.0026 114.7476 191.5921 106.4889 137.7744  69.6579 107.1274  27.0092 215.8852
 44.8975  94.5333  67.2319  80.4524  68.3778  40.5738  58.2005  50.5565  85.4132  32.9443  55.6534  63.8825 100.2589  44.9987  78.7463  48.0270   9.6337  52.4900  72.4530  73.2076  46.0476  53.4721  60.8930  18.9714  96.8567  61.9091  12.5381  26.7360  78.3846  57.1499  32.1501  25.9281  15.7108  87.2841  38.3715  20.7381  40.5138  62.8673  67.3324  35.1766  35.4441  56.8927  65.0051  82.0625  19.0441  45.9075  33.9093  19.4415  13.0844  82.7553
198.4700 195.4092 150.9695 247.6930  85.8102 174.6203 142.8666 163.5528 251.5543  69.1756 187.7936  74.1951 211.1358  38.0606 138.0123 157.6872 110.2782 181.4001 235.2166  79.9324 134.1315  79.6646 192.4529 126.9674 152.9546  18.9315 128.6908 148.2717 219.4912 149.3659 172.1599 114.5395 113.7930 241.3264 123.6629 118.6200  54.0739 113.0218 179.7722 169.6565 160.0930 180.4452  44.3702 142.8049 149.1037 153.4895  98.9885 145.3627  94.6256 182.3864
 52.3130  42.9979  42.0060  26.5633  76.1838  89.4343  41.3552  29.8779  21.0642  91.9601  22.7495  77.9770  40.7236  94.5952  59.4619  32.5650  77.0333  25.3032  28.4007  82.5947  42.8445  70.2866  18.3371  82.9579  71.7290  96.7497  76.5512  46.8466   4.0311  37.3466  75.8831  54.5851  59.7245   6.9080  47.7849  85.7780  95.6772  59.6977  24.0185  84.0948  39.6376  22.6177  90.1575  60.1788  56.5107  34.5731  59.1380  76.3510  72.7602  36.6292
 43.7177 101.4824  74.3777  82.3470  75.5124  33.1882  65.3022  56.3644  87.9358  34.3699  60.0108  70.8400 107.0051  48.4130  86.2111  54.0213   8.9164  57.0323  74.1666  80.1339  53.0673  60.6445  65.5386  12.5272 104.3300  66.9305   5.2595  31.2000  82.9880  64.0275  25.9744  33.2175  23.0178  91.2354  45.5393  15.6838  42.6106  70.3398  73.4605  27.9685  39.7608  62.0705  71.0559  89.5246  20.5764  52.0144  41.3779  12.3034  18.7619  89.6034
139.6628 192.5442 120.6000 202.3588 124.7699 160.9046  98.1310  94.8382 209.5311  99.3597 121.6852 115.6084 209.1774 108.8118 146.8981  86.7867  72.2938 112.5795 184.2610 139.5899  68.8011  86.4828 131.2897 103.4982 193.7093 132.4139  88.7992  62.1146 174.2534  98.2113 134.5414  17.5937  19.5497 202.1324  47.8044 104.1425 109.9849 105.9388 131.9963 146.2628  78.3129 116.5155 129.0706 155.4832  73.5020  80.5344  31.3851 105.8967  44.3387 163.4056
 70.8556  15.0003  24.4935  54.0143  58.6162 101.7016  29.0506  32.6965  49.0874  90.1142  36.8436  62.0493  13.3843  88.3876  36.8973  34.2422  80.9209  37.4126  54.3902  64.5019  36.9391  56.9769  32.1925  89.4083  45.9574  85.0001  83.3682  54.7154  26.7032  27.6007  89.0342  53.7195  61.4664  34.3023  43.6835  90.9574  91.8131  42.6804  18.1135  96.2491  49.1061  30.9233  75.9122  36.6620  66.1910  35.7728  53.3960  85.6851  73.3055  11.5313
185.7896 125.2957  88.1099 210.8607  12.2194 196.3115  86.1414 119.8386 210.1791 108.7121 147.8799   7.0434 141.4449  84.9465  65.5770 114.8885 126.4273 142.3284 201.4530  10.6263  88.2145  28.4490 148.5756 149.2424  79.3481  55.2125 143.6587 127.6686 168.8920  95.0840 182.3812  91.3011 102.7673 191.7211  85.3265 144.9104 101.2387  47.0126 124.5894 187.5169 132.9019 135.9511  29.9596  69.7761 140.9793 111.7955  69.5214 158.8994 102.7805 115.9198
 69.4401 111.7628 100.9648  11.7553 156.8498 140.9429  95.4579  65.1622  10.7066 164.2312  42.6907 157.9872 109.0071 174.3055 133.9921  69.3969 131.6278  47.7000  16.6108 168.4112  91.1399 142.0632  41.8162 137.9897 158.9473 184.9533 126.7937  78.8433  37.4335  87.4876 116.6600 102.2338 106.6945  29.7844  96.1308 144.4684 173.1540 128.6592  68.7970 131.9755  66.6676  52.0508 176.7300 136.2186  90.4113  72.2574 115.2565 122.9183 129.0956  98.0460
121.8206  75.3009  53.9850 135.0571   5.6035 130.9183  54.1223  77.0954 134.0525  76.3077  95.0901  10.1922  85.6262  61.3328  36.8647  74.1584  86.6196  91.7317 129.4970   4.0041  57.3012  22.2776  94.9861 101.2506  43.6405  41.8431  97.3629  84.7042 106.7415  60.0827 121.4407  62.0328  70.1594 121.2666  56.6467  98.7056  71.6801  28.2543  78.2170 125.1479  87.2757  87.0099  25.4792  39.1445  94.1151  72.4011  48.2570 106.8600  71.4579  70.4217
 93.4167 175.2838 120.3532 157.4929 123.3621  95.4784 102.3968  90.0013 166.0776  67.3036 103.2865 114.8938 187.1115  86.3336 142.8958  84.5672  29.7958  96.6390 141.9997 133.5843  78.3140  93.5015 113.0298  51.8900 179.1772 115.8944  39.6465  46.7969 147.8449 100.7603  76.8060  37.6004  17.3017 166.8917  62.6818  54.0474  80.4755 111.2102 122.6456  84.3852  63.7849 103.9519 119.5202 149.5269  39.6065  80.1104  53.3394  52.9851  21.2464 151.9429
 10.8897  56.0652  42.1112  34.4716  50.5212  21.8848  36.9322  27.2304  38.3020  34.3842  25.5905  48.6943  58.2284  41.6043  52.0398  26.5972  19.6834  24.4115  29.6200  54.0749  30.0737  42.0155  29.1530  19.9100  63.2226  50.7297  15.9202  12.6980  38.6771  35.0787  12.5739  22.2094  18.3401  42.1334  27.1436  22.7856  38.9649  44.2345  37.2761  18.0996  15.5425  28.5190  51.3781  53.8051   6.0606  25.9435  29.0013  13.5319  22.6585  48.9137
161.0676  81.9986  21.8400 166.3189  77.1061 211.5403  13.7210  60.7227 162.9202 154.6674  93.6188  82.1802  97.9759 146.2895  50.4922  56.9691 141.9145  88.4845 157.7859  93.8182  32.1024  64.9240  91.2215 167.6756  92.1226 137.4395 154.2361  96.7794 111.4418  25.1072 184.0686  70.9971  93.1239 138.4299  44.8724 168.6356 156.7854  34.6503  58.7997 198.1964  92.7439  76.8695 115.9171  56.5732 123.7611  55.5330  59.7910 165.8551 117.2266  60.3559
 38.1869 124.0479 104.9825  25.1600 149.6935 106.2146  96.5624  64.9720  36.9198 139.4047  44.2513 148.8759 123.8440 152.5848 135.8057  67.5824 105.6916  46.9212  14.1059 160.2241  87.2536 132.7321  49.0267 108.5076 161.5649 167.6725  98.5601  61.4434  58.2036  89.2579  83.7921  88.4059  88.3872  56.4444  88.2405 115.3463 149.1997 125.6736  78.1882  98.2101  52.9170  56.2371 163.1848 138.7554  66.1981  69.1223 103.4803  92.7236 107.2257 108.8617
267.8938 134.5441 104.5743 282.1955  38.3195 298.0609 111.6933 164.2168 277.4203 191.2446 201.2050  53.9696 155.7222 161.5303  56.8467 159.3251 207.6679 195.2198 272.8321  39.6993 126.4733  71.9814 198.4181 238.3103  57.1366 120.7894 228.7061 191.5294 216.6826 124.5644 275.5514 147.8465 167.7780 246.2899 130.3920 234.1069 182.5962  60.3646 157.4195 285.3071 193.3108 182.5658  86.6901  58.5197 214.9401 156.7838 120.7894 247.2809 176.0460 130.4114
 78.1877  49.0960  27.1805  87.6617  14.1610  90.0671  25.1381  42.1047  87.1072  54.7994  56.2155  15.2011  56.8487  47.3722  22.7511  39.7443  56.5923  53.5424  83.2061  21.1420  26.4725   9.1624  56.3287  68.2227  36.8493  39.6550  63.9774  49.0775  66.4317  29.5138  80.9237  32.2473  39.9948  77.8397  26.3013  67.2214  53.6035   7.9208  44.4216  85.0251  50.4189  50.0298  29.6047  25.7130  57.6958  38.3362  22.1371  70.6335  44.7251  42.4435
 57.6722 116.4441  94.4477  35.7200 150.7775 133.6600  85.4751  48.9612  40.5783 153.7657  23.3932 150.9543 116.8346 165.1278 131.0024  52.8337 118.0332  27.7200  26.2488 163.4481  76.9150 132.5831  27.9428 126.1924 160.8483 178.1331 113.5694  58.8955  42.8812  76.7020 106.4468  85.4751  89.8443  48.1718  80.5593 133.0186 163.6671 120.9830  62.2389 123.2255  45.3630  37.0022 170.2076 134.2538  72.8585  55.3624 100.8811 110.5095 114.7132  98.3595
123.0607  55.4595  14.7375 116.2486  83.9921 174.3285  12.5192  36.6978 112.0371 140.4957  60.2890  88.5095  65.4830 136.9033  53.2113  36.1279 124.0501  57.4195 110.8492  97.4006  29.9130  74.3189  56.0507 143.3593  84.6537 132.5206 131.3966  76.7880  68.6446  10.1498 149.8825  65.9153  83.1770  90.3754  44.0585 145.5276 143.8690  49.2682  25.6870 163.1289  69.3550  45.6010 115.7117  56.5216 100.5181  37.0869  63.2449 138.5683 106.4205  34.6678
164.6597 233.2780 175.3657 238.4608 136.9153 119.3446 159.4508 161.8944 247.4907   5.7987 180.5578 123.4679 248.6133  38.2140 181.7154 155.4904  55.6018 173.3942 222.1497 139.5988 138.9526 112.0379 189.7111  67.2430 211.8143  85.6191  73.4579 123.1666 225.2589 162.0233 121.2735  99.7751  86.0701 246.6191 122.4091  56.5962  18.6682 146.8445 191.6352 115.0505 140.5529 178.7316 106.3523 188.5280 111.8174 150.4697  97.8653  91.1811  53.6918 211.9944
 13.5136  43.9529  32.2116  22.8416  47.1636  36.4347  27.7042  15.4135  25.5599  42.7229  11.2079  46.4427  45.3953  47.4795  43.9891  15.6114  29.7895  10.3754  18.3664  51.3520  22.3028  39.6866  14.7799  32.6203  55.0957  53.4507  28.1853   9.8085  24.0988  25.0949  27.0140  20.8493  20.9543  27.7971  21.6292  34.9742  46.4544  38.2078  24.4168  32.6668   6.3850  14.8891  51.8010  45.4897  13.9249  15.6356  27.2353  27.3744  29.1685  36.9351
192.7682 171.7214 108.1187 239.2034  59.5228 203.0980  95.1094 123.4528 241.8984  98.9716 157.5704  47.5547 191.2857  80.3556 105.7419 115.9003 111.5057 149.4116 224.4654  70.0721  83.3345  25.3232 162.0729 141.9748 140.8821  73.0391 133.5890 117.6718 196.0168 103.1071 184.1966  68.9322  80.3933 225.1859  71.4772 137.3734  95.6635  65.8677 143.0920 191.1954 128.2262 145.8020  60.0993 113.5394 131.3713 110.6664  41.7852 153.3716  79.9980 150.8103
225.1916 193.4192 152.3513 268.0582  75.1354 209.8238 147.2404 175.7280 270.1076 101.0289 203.2755  65.5242 210.2961  68.0835 130.8156 169.8590 139.6108 196.8382 256.1853  64.7396 143.0824  79.3350 206.4402 159.2627 139.9083  26.4750 159.1642 168.7046 231.7899 155.4700 204.2918 130.9411 134.6278 255.3365 134.9651 151.3159  86.2705 109.9345 187.3518 203.6395 178.9267 193.3910  33.7693 134.8963 174.0093 165.8442 111.0998 176.6406 119.9632 182.9866
313.0596  65.3358 115.3083 278.0313 159.4994 386.6345 138.7640 185.1157 263.5438 308.3402 212.7476 176.2516  75.3657 286.8485  90.2361 185.5929 302.9766 211.3057 277.2714 169.5689 170.4236 178.5670 201.2502 334.2973  69.5403 253.7740 318.6319 245.4217 193.6676 146.1337 352.4789 219.4180 245.7721 217.6125 188.1028 334.6490 305.3539 133.2730 148.4719 370.5173 234.9833 191.1818 218.2420  82.0329 279.7375 187.3857 202.4829 332.4163 272.0008  91.7621
 96.9222  62.6697  45.5801 108.4875   6.9752 102.5437  45.3394  62.9312 107.8921  58.3438  77.0291   7.7447  70.7813  46.0085  32.4781  60.5448  67.5927  74.3249 103.9616   1.0141  47.2366  18.2719  77.1367  78.9866  37.4021  29.8637  76.2198  67.8114  86.7370  49.9532  95.5623  49.7406  55.6623  98.1555  46.2524  76.7836  54.3404  25.1986  64.3989  98.1502  70.1922  70.8455  16.9346  34.2673  74.7069  59.0848  38.8563  83.8405  55.7782  58.7324
 39.4144 200.9315 156.5519  80.0789 221.0420 149.2678 138.8110  86.2086  95.4911 194.7378  60.2677 217.9458 204.9317 217.5131 206.5169  88.2005 137.7228  60.0979  60.1280 238.3669 117.6392 189.9084  73.8265 144.5251 252.2227 245.0376 126.9558  63.0688 105.9584 127.4787 109.8595 110.7732 108.4336 114.8286 115.2585 155.6284 211.4347 183.6710 119.6017 134.3952  51.9294  79.2252 239.4160 212.4990  70.2213  89.0206 137.8635 119.2267 139.8612 172.5451
188.1592  41.4220  44.9759 176.0034  76.0974 234.3084  60.4232  98.0788 168.5852 176.9930 121.7715  87.1036  57.2106 162.7912  23.3242  97.1245 173.4171 119.3806 172.5799  85.8071  81.9856  85.8733 115.6499 195.8601  33.2113 142.3089 185.0890 136.4709 119.0688  67.4941 211.1399 114.9034 133.4907 139.6430  93.3464 195.8116 175.3354  52.8536  78.4833 223.0789 131.0347 106.1449 118.0736  18.5179 159.9377  97.5020 101.8849 195.5304 151.1829  44.5303
119.7671 104.4223  50.8425 142.7946  73.1856 155.0099  34.7490  49.2232 143.7684 106.9540  77.2119  71.7143 117.3699 104.6063  73.1404  43.3555  92.3822  71.0078 132.2012  87.1485  17.6036  50.2333  79.9302 115.1731 109.3698 106.7549 103.4545  59.3565 106.7661  37.0321 132.0539  29.9689  49.4259 129.7805  10.8100 116.0306 111.0147  46.4042  66.7911 143.4516  61.2323  66.9142  94.1175  79.2783  80.1315  39.4375  22.4801 114.3415  70.9870  83.4190
146.0517 132.8856  87.7305 125.6920 190.3699 250.5595  74.2236  23.3612 121.9477 236.0550  34.4727 193.5711 139.2361 243.2854 150.0267  32.4161 190.7400  32.3644 115.6810 212.2681  69.0501 164.9088  27.4643 215.3325 200.6130 251.9168 193.9255  92.7708  64.6939  59.1336 206.6691 108.0564 128.0465  97.8692  84.2116 222.8627 247.6400 136.7329  37.5435 231.9867  71.3482  10.3239 231.8593 155.4038 130.7440  39.2873 122.7810 198.4394 172.0027  99.4777
102.0328  42.9010  12.3110 103.2001  40.4180 130.4628  15.4500  43.3666 100.5649  94.2043  61.9636  44.8078  53.0044  87.4582  20.0181  41.5113  89.1991  59.2568  98.7763  49.7776  27.6379  37.3985  59.9236 104.3552  44.0145  79.3283  96.8941  64.9211  69.5413  21.9621 114.9546  49.0069  61.6887  85.0078  34.4759 104.5456  94.4940  15.7500  38.7990 122.8466  62.6203  51.9308  65.4359  23.5003  80.3177  40.8936  40.7967 103.9934  74.3959  32.6435
 58.3374 147.3187 109.6999  70.0473 170.4351 145.0537  95.1768  49.0574  77.9250 165.0426  26.8247 169.1043 151.1675 180.1118 153.5588  51.5443 120.3796  25.8675  55.3246 185.8524  79.0830 145.3868  39.2460 131.4384 192.5941 198.5870 115.5384  46.4603  71.1310  85.0191 111.2781  81.9581  85.5935  84.0450  79.9379 139.6220 177.6649 135.9710  77.1921 131.6541  30.2293  42.4036 190.6453 158.4728  64.6089  53.0053 103.0003 113.0069 116.2825 122.7744
 99.2323  36.0681  11.4911  98.2607  39.0040 126.6232  17.6921  43.5690  95.3067  92.5010  60.4802  43.8448  45.7802  85.6965  15.0739  42.1456  88.1791  58.1892  94.5456  47.4255  30.2043  38.1933  58.0701 102.3300  37.1177  77.0246  95.3574  65.0428  65.6028  23.3762 112.0323  50.6425  62.4908  79.8905  36.9634 102.4981  92.5375  16.9267  37.0495 119.4938  62.4979  50.8824  63.4708  17.9036  79.6073  41.8094  42.9508 101.9389  74.3275  27.6821
 74.5533 206.0666 147.4064 155.4192 166.1924  89.3521 126.8397  99.8964 167.5117 101.0612 105.0425 157.9027 217.0347 127.0929 179.9280  95.3620  46.5936  98.5947 137.1815 178.8717  99.1345 132.8030 117.7807  57.5733 222.2702 162.0848  40.2744  41.1509 156.8702 122.0985  61.0325  59.9193  40.5000 174.8527  84.2906  65.8186 117.9529 146.7931 139.0775  75.1828  59.7579 110.9319 165.6476 187.1258  16.2562  91.3722  84.0342  43.6006  53.7632 178.7826
 89.5099 132.4187 118.2247  25.6138 190.2246 179.5687 111.4421  73.4568  21.4838 203.6259  45.4592 191.9430 129.3578 215.2879 160.4024  79.0374 163.2955  52.0685  27.6239 205.0199 106.6650 171.8334  43.2008 172.7582 192.2519 227.5635 158.2631  94.7368  37.8837 101.2773 148.3386 122.7162 129.5551  32.2369 113.6873 180.6467 214.5229 153.9719  77.0613 167.8119  78.6576  56.3782 216.4096 163.2219 111.4599  82.8591 138.5328 154.4225 158.6557 114.5910
294.6367  95.9063 107.2616 282.4613 105.0044 346.2452 125.4185 177.6148 272.4658 254.7042 210.2022 121.3299 113.3470 228.8703  59.8834 175.5600 260.7429 206.6243 277.8606 110.1332 151.3525 131.1005 202.6287 291.2215  15.2822 191.0997 278.8306 223.3731 206.9855 136.2213 318.4496 188.9120 212.3903 233.5161 163.3521 289.2639 248.5677  97.0045 153.8709 332.1150 218.5950 189.6609 157.0572  52.5412 252.4716 175.3582 166.9922 294.7462 229.8266 107.7966
 37.5528  36.9725  26.8865  29.2368  54.6194  67.0585  23.7371   9.9188  28.0547  65.6636   6.9510  55.4847  37.9465  68.0640  43.4394  12.3353  52.8627   7.6928  26.9124  60.4180  22.4622  47.8801   3.4389  58.8914  56.5613  70.7668  53.1645  26.1968  13.5569  19.7517  55.1999  31.9785  36.7645  21.9668  26.2302  61.1111  68.9610  40.3612  12.0674  62.1520  20.0361   3.2162  65.5794  44.7562  35.8169  14.1036  36.3997  53.8526  48.4807  28.4931
 91.3394  86.1440  68.0374  62.6874 135.2141 163.2396  62.4110  32.6177  58.2030 162.7005  20.9032 137.6942  86.7249 168.3866 106.5762  38.2696 132.2715  24.7560  59.1030 148.7584  61.3319 120.3331  10.1780 145.8132 136.1268 174.3258 132.4041  69.5179  22.1139  53.2527 135.2612  84.1849  95.1430  41.7947  70.6056 151.2373 170.4716 101.4552  30.8729 151.8339  54.7613  17.0424 161.7950 109.2511  91.2947  42.4283  94.3805 133.3674 122.5035  67.5587
 57.0674  76.6625  53.4290  82.2947  42.0415  50.3549  46.9835  48.7324  85.1456  14.5003  57.2680  37.2404  82.7068  17.9769  57.1545  46.1064  18.6507  54.3434  76.1183  44.6010  38.8491  30.6111  60.5175  28.4313  70.2496  31.0358  27.0823  35.9310  74.4081  48.0234  46.4211  23.8296  20.0661  83.3729  32.3011  26.1094  17.2812  43.1116  60.0720  46.9555  42.2765  55.7853  34.8524  59.9304  34.6655  44.0829  22.3504  34.5879   9.7801  68.0307
253.9445 247.8031 183.5284 319.5198  98.0644 230.8807 171.3560 200.0845 324.5166  86.3760 234.5477  80.8292 269.6752  43.5073 168.9526 191.8321 135.7804 225.5686 302.2540  93.7436 158.5567  83.7769 240.8876 162.5725 194.4323  16.8430 162.1347 180.7685 278.8341 180.2604 222.9850 132.0633 132.9625 309.6268 143.8834 152.2349  68.8689 131.5661 223.0245 222.2274 196.6192 223.9071  45.2313 176.1785 184.5112 185.9432 109.2344 185.6903 109.8840 228.2846
178.2627 175.2102 134.6980 222.6791  75.8446 157.4574 127.2883 146.0950 226.1455  61.7469 168.1672  65.2110 189.4888  33.2602 123.1592 140.7643  98.5430 162.3579 211.3663  70.7587 119.3318  69.9042 172.3782 114.0002 137.0670  15.0213 115.3350 132.4092 196.9351 133.1850 154.8497 101.6366 101.1201 216.7912 109.8321 106.5174  48.2249 100.2880 160.8241 152.8033 143.0872 161.4545  38.3719 127.5508 133.3820 136.9515  87.4137 130.5105  83.9910 163.2918
137.9977 126.6004  64.2777 149.2656 137.8423 212.1952  42.9593  21.3338 149.1731 178.2317  60.5294 138.7755 138.9146 181.9005 114.9599  14.0461 143.8781  52.9365 136.5722 157.5398  23.5682 111.2969  62.6982 170.1177 164.1707 188.9274 151.6011  67.3756  99.5752  32.5869 175.4362  61.6331  83.8732 130.0985  36.1054 174.8480 187.2423  92.4362  53.3524 195.5333  57.1788  45.0568 171.6225 121.6212 102.6400  10.8677  71.2953 160.3072 122.1652  95.0932
208.0495  44.1415  32.6510 193.1587  95.1278 268.2191  52.6278  97.1193 184.6658 205.8987 125.9312 106.6418  63.7800 192.2159  32.4652  96.2360 196.3502 123.0220 188.5478 109.6469  79.9952  99.3578 118.5226 223.2363  62.4097 172.8489 209.2709 146.0243 124.3868  60.2463 238.7084 122.8298 145.8152 150.3902  95.3410 224.0642 205.8119  57.4694  73.1780 254.1978 138.3602 106.7542 145.0765  31.8291 175.4834  96.9853 109.8326 221.0128 170.1773  36.2886
 97.2263 190.1284 123.6215 148.4083 178.7522 171.4619  99.4883  56.6851 157.0970 164.7004  67.7690 174.2712 201.7296 181.9794 172.9354  51.9024 112.3183  58.6714 129.0401 197.9697  68.3873 142.2484  81.4906 134.3667 225.8435 206.7668 113.5056  16.1295 129.5560  90.3429 131.1463  52.7608  58.0687 155.2295  59.3679 142.2361 179.9783 140.3094 104.7769 153.5465  16.3041  70.7132 198.4971 180.8599  54.1612  47.9182  82.7537 118.4718 100.2386 156.4371
 75.7632  10.9249  25.8266  65.8039  41.4176  95.9412  31.9209  42.8706  61.9901  77.7681  49.4965  45.5213  13.4309  73.0191  22.4070  43.1692  75.1736  49.2547  65.7299  44.6204  40.1445  45.0826  46.3870  83.0749  20.5922  65.6145  78.8449  59.0088  43.9987  33.4186  86.8233  53.2640  60.0725  50.0923  44.9982  83.3930  77.4278  32.8941  32.9003  91.7212  55.9694  44.0076  56.7015  20.5726  68.0153  43.7626  49.5735  82.0988  67.4590  18.2381
 19.8332  38.3236  33.4946   4.3453  51.2927  43.6800  31.2450  20.6328   6.6131  52.1198  12.9244  51.4690  37.7631  55.7919  44.5329  21.9185  41.0037  14.4381   2.8812  55.1191  29.1894  46.0200  13.3477  42.9233  53.1608  59.8126  39.2206  23.7019  14.0160  28.5840  35.5946  31.9944  33.1268  12.6670  30.4792  45.1310  55.2121  42.1395  23.1153  40.7014  19.8116  16.5767  57.3870  45.3840  27.1662  22.7633  36.6321  37.8045  40.4488  33.4016
 89.9219  56.5676  19.4675  95.7026  52.5232 121.4989   8.0399  29.7294  94.4542  90.3217  50.2960  54.2551  65.4893  87.2763  40.3206  26.8924  79.9137  46.7860  89.8354  62.8246  10.4589  41.6498  49.7765  95.3885  65.9598  85.0412  86.8205  50.2721  64.6735  11.4989 104.2653  35.7288  49.3166  81.2034  19.1265  96.3731  92.6258  27.8956  33.7281 113.2104  47.8772  40.6771  73.4574  44.1081  67.0215  25.6000  31.3861  93.5301  65.4541  41.8760
216.3560  93.5890 109.5059 144.1375 229.0056 332.0839 116.6473 104.1821 125.7177 313.7640 102.6468 238.3655  84.3035 314.4075 161.6517 111.8621 273.3756 107.5970 148.1124 250.0404 134.3168 216.8297  85.3407 298.7416 197.2170 311.0614 277.3683 176.1072  52.3777 106.7069 287.2235 186.0083 209.1334  74.2953 155.5897 306.0077 322.6543 172.9728  61.1924 313.5466 153.8428  88.5966 283.5535 162.2808 213.5408 118.3322 192.5088 281.5260 252.1287  77.3685
 14.6732  77.4990  62.1816  44.0123  71.5657  18.5186  56.3398  44.4072  49.4421  47.4205  40.5694  69.2222  79.5551  57.3042  73.7755  43.9614  30.8129  39.7381  38.7195  75.4257  48.6106  61.7249  44.6059  26.9185  86.5618  69.4225  24.4393  28.7050  54.3252  54.0651   9.8455  39.4413  34.3763  56.6256  45.3313  30.5968  53.1004  64.8249  55.5025  15.5406  31.1589  44.8504  71.2888  75.7838  20.9557  43.3892  47.0389  18.7838  36.8883  69.3576
 59.3196  73.9670  41.9070  75.2686  67.3742  90.0676  30.6360  19.3180  77.1556  74.5844  33.6365  66.1485  80.3241  78.4108  63.3741  15.5110  56.4287  29.2750  67.6746  76.4338  15.9099  51.8482  37.3666  69.0269  87.4216  85.2920  60.0948  21.4332  57.7502  27.3642  72.8804  18.1357  27.6065  71.5211  12.6792  71.3447  79.7748  48.7078  38.8294  82.0829  20.4138  29.8590  79.2628  67.0166  37.6572  12.5400  27.2212  64.5999  46.6136  58.8484
156.7737 117.5430  79.2376 183.8160  20.9418 163.8566  74.6715 101.7369 184.2235  84.8398 126.6897   9.9639 131.9497  64.7611  65.4306  96.9059 100.2720 121.3735 174.5555  24.3606  72.8890  16.2049 128.3137 120.9769  82.8613  43.1856 116.0310 104.3427 148.8624  82.0483 151.6091  70.8531  80.0405 169.4869  68.1507 117.0246  78.8632  43.0256 109.6533 155.9555 110.2479 116.8399  24.0865  70.0103 115.0841  93.7488  51.2285 130.0008  78.8365 106.6653
280.8463  98.0239  73.9156 279.0429  77.1727 336.2909  90.0247 151.2772 270.8498 237.0057 191.0931  94.3806 122.2217 211.8603  13.2165 147.6779 239.6302 185.7794 271.0254  90.9753 116.6096  97.0559 184.8957 274.1762  41.4869 177.2472 259.7511 197.8955 198.8137 103.7025 304.8043 157.2785 183.9663 231.5885 128.7880 272.4038 232.3022  53.1546 133.0113 320.2017 194.1258 168.3207 140.2127  11.4363 230.1579 146.5237 132.5409 277.6906 204.7663  94.4527
 38.7395 114.1896  79.6867  79.2639 102.9646  72.4579  67.0837  44.8958  86.0035  80.0716  45.7379  99.4593 120.0009  92.9515 104.0111  42.8144  48.4917  41.8176  68.1427 112.2218  50.4740  82.9600  53.8879  56.7225 131.2216 110.3176  45.8323   8.2305  78.3884  62.6793  51.3445  34.3606  29.4983  89.6273  43.8929  61.8487  89.5176  85.7490  69.6521  63.1911  17.6096  50.2211 108.9063 108.2420  12.2612  40.9139  51.1838  46.2825  47.5006  96.8281
 38.9736 197.4542 160.2602  62.0988 223.9864 146.7303 144.7930  94.8903  79.1100 198.8720  66.3063 221.4639 199.4966 221.0421 207.8434  97.6553 144.7210  68.1353  43.5035 240.2742 126.6441 195.4324  77.1596 148.7827 249.9308 247.2046 133.0182  77.7773 100.9302 133.7904 110.6621 122.1886 119.8228 104.0860 125.5303 159.6668 214.8211 188.2057 122.3222 133.6391  66.9954  85.1956 241.9119 213.1205  82.2082  99.0503 147.2837 123.7829 148.3699 171.8246
142.8825  99.1537 106.3698  75.7503 190.1460 232.2085 107.6581  85.6286  60.1079 235.6518  71.5236 195.5012  90.9027 240.4568 145.9202  91.9664 201.2159  77.3530  82.6468 205.3396 114.5069 178.2942  60.3780 216.0225 172.4359 243.2001 200.6544 129.0810  25.4445  98.8549 199.6934 145.4154 158.7694  22.4487 127.5132 222.5768 243.9431 150.3649  65.6127 219.3838 111.8979  69.2752 225.9572 146.8518 152.7986  96.8259 154.6697 200.5465 190.0030  87.6657
 78.6160 153.4944 133.9159  17.8086 204.9159 174.0000 124.8300  82.2868  27.1582 207.8795  51.4345 205.5773 151.3306 222.6315 178.0659  87.3986 163.3672  57.4448  11.1671 220.2141 116.4754 183.7537  53.2886 171.0069 212.6405 238.8121 156.2018  94.2271  56.4128 114.1886 141.6588 127.4981 131.9511  51.2595 121.5512 179.8465 220.2720 168.3606  92.4900 162.0860  78.7072  66.1465 229.1770 181.4936 108.0003  90.7521 146.1095 150.5152 161.2061 133.7351
169.0749  41.1695  66.6230 150.9624  85.7924 206.3871  78.6597 103.0188 143.3714 164.3645 117.4034  94.6060  45.6550 152.5260  51.6822 103.1971 162.6401 116.6382 150.6600  90.2572  94.9221  96.8520 111.4773 178.9284  37.4171 134.3116 170.9924 133.8559 107.3762  82.6643 188.9655 119.8417 133.4136 119.5244 103.8411 178.9312 162.4177  74.1139  84.2331 198.1141 128.6464 106.2634 115.7645  47.3008 151.4669 104.0650 110.6150 178.3185 146.4538  54.9674
 89.9153 123.2795  83.5325  88.6295 152.6811 170.6250  69.4512  21.0600  90.3559 169.2758  14.7262 153.0614 128.5676 178.9112 129.8465  25.4136 130.0377   7.4498  77.4512 169.1585  56.6663 129.4377  22.8282 146.7957 169.9981 191.1317 130.2185  52.3124  60.5688  58.4491 136.6547  73.8460  85.1058  81.9400  62.5655 153.4317 179.8783 114.3010  50.5986 156.4327  34.3712  15.9302 179.0615 134.6873  79.9786  28.6803  90.5009 132.0723 118.9712  97.3845
 56.6700 243.5411 198.5722  71.1478 281.5514 192.1869 179.7456 116.6081  92.1557 254.8254  78.9928 278.8922 245.5612 281.7427 259.0193 120.5922 187.3178  82.0500  47.6243 302.2585 158.0678 246.2586  91.9063 193.4268 311.6843 313.3306 173.3417 100.1910 120.1644 165.6554 146.6563 155.3041 153.7105 123.5001 157.7732 206.9441 274.5592 235.5160 149.3421 175.6014  84.9660 103.0127 305.7084 265.4773 108.3240 122.7442 186.3554 162.3549 190.6842 211.6062
 49.2184  20.9853  13.6849  50.6773  10.0961  57.9762  15.5179  26.6098  49.5483  39.0701  34.1440  13.1069  25.4124  34.3749   4.5016  25.7403  40.0520  33.0069  48.9007  12.9703  19.4024  13.5484  33.3717  46.3730  10.7927  28.1768  43.8965  33.7544  36.8755  18.1593  52.5511  25.6846  30.3579  42.9899  21.0121  45.9267  38.1285   6.3798  24.6344  55.1235  33.5241  30.1666  21.5361   5.6189  39.2670  25.3513  20.7837  47.3284  33.6327  19.3208
 69.3000 115.7191  87.7253 107.8893  75.5238  43.1928  79.3486  76.4422 113.0936  14.9596  83.1001  69.4395 122.4529  32.1640  94.0011  73.6074  18.2155  79.8396  99.7835  77.8374  68.2618  62.2384  88.1132  19.2124 109.8986  54.6069  23.9435  54.3457 105.5504  79.6419  45.3602  47.9772  39.2549 114.8478  60.1329  13.7561  23.1301  77.1607  92.2128  41.4556  63.0334  83.6204  63.4073  97.3466  46.0276  71.3027  50.5103  31.4311  24.4718 104.7254
 72.2026 312.9570 243.5525 197.6745 273.7845  66.9325 218.0386 173.3136 218.5758 167.1507 164.8695 262.9203 323.9008 208.8300 288.9480 169.9197  96.2656 159.5252 174.2605 289.3784 183.9400 231.6476 182.2251  81.8278 342.8213 260.6703  69.5306 100.9932 227.4976 209.8869  20.6814 139.4535 115.5825 242.1583 167.6638  97.4526 191.1852 248.6479 222.2708  49.3293 116.6482 179.7388 269.6063 297.7967  63.4572 166.4327 170.4380  46.6482 122.5704 278.2193
229.6925  33.7199  62.8856 206.0895 111.1770 290.5279  82.5577 122.3230 195.5373 228.3659 147.1021 124.1823  50.4004 212.7907  48.6763 122.3741 221.2160 145.3335 203.8788 122.4324 109.1347 122.0334 138.2899 247.2320  51.6511 189.4035 233.8533 172.0678 136.5089  88.8519 261.7995 150.6127 172.7435 158.9844 124.1423 247.8677 227.1195  82.3708  93.6870 276.9799 163.6348 128.7675 160.7938  43.1326 200.7954 123.6791 137.4395 245.1371 195.7006  47.6049
144.0190  89.7215  62.6295 160.3049   3.0411 155.5552  62.3323  89.9073 159.1993  90.2713 111.7417   9.6915 102.2366  72.7604  43.2833  86.3033 101.8721 107.6340 153.4814   7.9301  65.8021  23.3049 111.7181 119.6903  53.5675  50.4992 114.8022  98.9472 126.2902  69.5069 143.8249  71.4526  81.4316 143.9350  64.8886 116.7365  85.0546  31.1263  91.7332 148.4758 102.0715 102.0166  30.9475  46.3561 110.4499  84.1363  54.7434 126.2464  83.4186  83.1766
 73.8954  11.9708  24.6662  57.3171  57.9193 104.2072  29.9328  35.1899  52.3307  91.3123  39.9232  61.5907  10.1020  89.0814  35.5106  36.5874  82.7783  40.3897  57.7141  63.6573  38.4012  56.9902  35.3425  91.4594  43.6483  84.9844  85.4853  57.1584  30.0048  28.9456  91.6520  55.3741  63.2836  37.4342  45.1739  92.8811  92.7692  42.3189  20.6700  98.7633  51.7395  33.8497  75.5953  35.0464  68.6651  38.0266  54.5001  88.0102  74.8829  10.5309
 82.7546 185.4555 133.4430 153.3153 136.9418  72.0561 116.0559  99.6747 163.3559  65.9860 107.9239 128.3363 196.1375  90.5026 156.2960  95.0401  18.6994 102.0350 137.8191 146.2084  92.6246 108.3671 118.2643  32.5407 191.1689 123.8735  19.1716  52.4546 151.7763 113.6884  55.7972  54.5561  35.0220 168.2174  78.1638  37.2607  81.0230 126.0400 132.2250  61.5924  69.0663 111.1367 130.2702 162.6346  34.8395  91.1093  70.5845  31.4394  30.3913 162.7297
245.6825  46.8786  34.4530 223.4256 126.5261 323.7648  59.5986 109.5128 212.6071 254.2517 142.9780 139.6664  69.7175 239.9109  52.4378 109.2425 238.7889 139.9468 218.3398 145.0007  93.5228 128.1972 133.1880 270.9740  89.3715 219.3316 253.2906 172.3706 138.6994  66.6510 286.6122 147.9273 175.9692 170.3037 113.6513 272.7366 255.3889  77.5556  77.1727 306.4135 161.5059 119.5356 186.4383  52.3536 209.0857 110.7896 134.8501 266.5783 207.8625  31.2996
 70.6212 220.9201 176.6624 148.7194 187.5724  13.7594 160.7226 135.3629 162.3322 105.3114 131.1027 179.6289 228.2585 134.1090 202.3277 132.9154  67.1856 127.7287 134.4868 195.9166 139.2910 161.4758 141.8189  49.2695 235.0515 170.1017  49.5039  89.7654 169.7572 156.3918  16.8118 108.6547  92.0337 178.3845 128.0589  57.8294 120.4428 175.9607 165.8136   8.8325 100.6216 140.0517 179.4007 207.9626  65.6978 130.4823 125.9435  34.2016  88.2984 199.5028
123.4422  78.2089  40.9218 138.5044  28.1227 144.4875  36.6644  63.9570 137.6511  89.4564  87.0406  29.5222  90.6746  78.6656  37.4404  60.0847  90.3715  82.6625 131.2032  39.5451  38.3675  17.5931  87.2723 109.3389  62.1456  68.0202 102.0284  75.8851 104.0559  43.6551 128.9967  48.9024  62.0674 122.7094  38.3417 108.0325  88.2185  12.2002  68.2259 136.0906  77.7769  76.9586  52.3952  42.4228  90.4483  57.7811  32.9538 112.6019  71.1385  66.4853
114.0436  65.8381  43.3711 125.0285   6.1996 127.0608  43.6380  67.1657 123.7705  76.8854  85.1881  13.0200  76.1215  64.1012  27.8969  64.3662  83.4763  81.9412 119.7112  14.5553  47.6973  18.0562  84.8082  98.2816  39.1792  48.1803  93.5809  76.9661  96.1833  49.6598 116.3273  55.1453  64.3801 110.7019  48.0251  96.3676  73.5726  17.6672  67.6229 120.9166  78.7119  76.8754  32.6596  30.7200  87.5366  62.7525  41.7942 102.5590  68.2122  60.1948
196.4365 196.4365 196.4365 196.4365 196.4365 196.4365 196.4365 196.4365 196.4365 196.4365 196.4365 196.4365 196.4365 196.4365 196.4365 196.4365 196.4365 196.4365 196.4365 196.4365 196.4365 196.4365 196.4365 196.4365 196.4365 196.4365 196.4365 196.4365 196.4365 196.4365 196.4365 196.4365 196.4365 196.4365 196.4365 196.4365 196.4365 196.4365 196.4365 196.4365 196.4365 196.4365 196.4365 196.4365 196.4365 196.4365 196.4365 196.4365 196.4365 196.4365


2.8249 2.3986 2.7198 4.4516 4.0586
4.0786 3.7994 3.5532 4.6060 4.0586
3.5350 2.7954 2.7001 2.8877 4.0586
1.1306 2.1053 2.0256 5.8136 4.0586
5.8616 4.8574 4.9161 2.0969 4.0586
5.7035 4.9482 5.3148 4.6871 4.0586
3.2991 2.4251 2.3946 2.4587 4.0586
2.0519 1.0419 1.0912 2.9330 4.0586
1.0427 2.1798 2.0061 5.9261 4.0586
6.3433 5.2074 5.5062 2.2338 4.0586
1.1456 0.1539 0.2493 3.7495 4.0586
5.9159 4.8691 4.9588 1.8073 4.0586
4.0132 3.8942 3.6105 5.0822 4.0586
6.7008 5.5417 5.7954 2.0011 4.0586
4.9130 4.1521 4.0758 3.0825 4.0586
2.2342 1.1839 1.2710 2.7317 4.0586
5.0591 3.9894 4.3281 2.3349 4.0586
1.3632 0.2421 0.4556 3.5321 4.0586
1.0640 1.7816 1.7851 5.4070 4.0586
6.3439 5.3331 5.3969 2.3907 4.0586
3.1348 2.0883 2.1740 1.9854 4.0586
5.2598 4.1861 4.2978 1.1753 4.0586
1.0670 0.5303 0.2084 3.9103 4.0586
5.3995 4.4082 4.7649 3.1276 4.0586
5.9673 5.2932 5.1846 4.0836 4.0586
7.0827 5.9434 6.1278 2.2067 4.0586
4.9233 3.9277 4.2844 2.8893 4.0586
2.8050 1.7166 2.0588 2.5458 4.0586
1.0665 1.5590 1.1944 4.8583 4.0586
2.9670 2.1002 2.0622 2.6012 4.0586
4.6830 3.9442 4.3094 4.1838 4.0586
3.6767 2.5172 2.7647 1.3048 4.0586
3.9201 2.7772 3.0751 1.5162 4.0586
1.1179 2.0683 1.7432 5.5895 4.0586
3.3668 2.2487 2.4073 1.5768 4.0586
5.6464 4.6257 4.9765 3.0311 4.0586
6.6885 5.5388 5.8198 2.2650 4.0586
4.6831 3.7419 3.7579 2.0293 4.0586
2.2072 1.7017 1.4895 3.5929 4.0586
5.3128 4.5422 4.9091 4.3729 4.0586
2.2718 1.1723 1.5165 2.8709 4.0586
1.4959 0.6672 0.5605 3.5056 4.0586
6.7142 5.6119 5.7508 2.0508 4.0586
5.0100 4.2833 4.1925 3.2909 4.0586
3.3951 2.4242 2.7874 2.8379 4.0586
2.3596 1.2814 1.3966 2.5860 4.0586
4.1806 3.0393 3.2301 0.7263 4.0586
4.8273 3.9173 4.2829 3.3927 4.0586
4.8771 3.7444 4.0493 1.5170 4.0586
3.4686 3.0768 2.8552 3.9976 4.0586