100 50 5


31 26 17 17 35 9 30 30 7 9 27 8 10 25 5 34 22 10 18 17 32 13 27 26 13 29 14 23 35 7 33 21 35 32 8 13 10 18 8 23 12 7 16 16 30 15 22 14 28 31 23 29 34 9 5 31 10 33 22 14 26 8 16 6 33 15 14 24 28 19 31 27 27 24 35 13 22 32 27 34 7 23 18 27 18 32 29 24 9 14 28 22 13 12 27 14 12 33 20 24
846 1170 1003 392 687 1188 1021 958 1236 1177 1168 771 856 1132 1392 675 1411 859 1368 1374 1205 642 1090 1319 1345 978 1199 727 811 1353 1072 976 1261 1234 901 1281 729 932 537 826 991 1269 1221 861 1103 1028 1276 1250 876 1166
1535 1303 2846 1271 2636


 91.2770 106.7886 208.1562 236.1362 264.2982 162.4075 175.6603 180.0911 166.6685  77.7476 231.0532  57.9700 205.8458 171.9547  96.3202  32.2951 297.7203 204.3429 150.6284 109.5739 165.2954 323.9031  82.9185 234.7101 186.3832 221.2551 208.3765 248.6202 305.0912 183.0135  74.8514 149.3045  39.9551  92.1081 237.3064 283.7625 230.3826 319.3379 344.4820  71.8297  34.2364 293.8802  64.7967 232.8152 210.5213 215.9968 226.0616 118.6843 329.4098 297.5432
114.0167 179.1445  23.4707  46.4411 128.7378 183.6647 174.3119  89.6156  70.1094 129.4771  17.7867 139.2285 141.9748  71.1493 148.3705 178.8777  97.6562  19.1290 139.7417  99.1313 240.0330 220.6103 118.7338 273.8855 213.7706  45.1533 241.4951 264.9411 153.0400 201.6053 129.9636 115.5711 166.4457 188.1640 187.0371  71.7496 151.3191 174.7256 228.0379 140.5165 180.9514  59.0378 133.4813 265.2603 232.7285  27.3890  45.8198 111.9888 180.1250 149.4484
123.7798  51.8987 162.3752 146.3077 120.6279  41.6982  50.8053 104.6803 115.1899 125.3989 170.8618 107.0192  82.1163 114.6019  72.1619 119.4157 161.3314 148.7297  69.8543 109.4220  13.1330 113.5968 109.0437  25.8406  25.7127 139.8926  17.6874  36.3502 135.7155  33.6076 122.7618  85.4654 119.8144  54.5570  70.8916 165.5640  88.2641 134.6333 125.9842  88.8424 120.9087 189.4155 108.5979  25.5000  24.8223 168.4166 141.6523  91.7008 139.5551 132.1059
  8.2463  71.1983  72.4441  95.0701 123.6167  94.7394  97.2574  74.9631  61.5339   3.4212  85.1783  16.5066 101.1196  65.1845  53.0994  34.2650 131.6395  73.2795  75.4344  30.0010 113.1159 168.4675  17.3267 147.6698 113.1299  87.3545 129.2324 150.4526 145.9351 108.2836   2.2681  66.4754  26.1187  69.3760 125.9327 120.8570 114.1431 156.3909 178.2067  34.4736  35.5946 121.3140  14.3658 144.6916 127.6120  76.2936  89.9396  47.1010 161.6072 142.0595
311.8390 193.6234 334.8176 266.7691 169.5334 130.5669 118.6727 203.0003 238.6353 324.6689 342.5240 293.0355 128.8998 233.1045 213.2830 340.3505 261.9207 298.3686 163.5335 266.4514 167.4453  96.2659 282.6583 126.3573 110.6288 260.4640 109.0563  90.3095 178.5220 108.8523 319.6977 189.1866 334.6529 212.7197  67.2965 285.6845 115.8706 163.5234 120.0505 252.1215 344.1499 350.5610 292.4796 112.7896  94.8526 346.7610 261.5755 224.5956 170.6694 173.9768
 43.2192   6.9370  63.3414  57.3410  50.4663   9.5438  14.7625  35.1093  39.0648  44.7915  68.1619  35.3974  29.5200  39.0659  15.4826  45.2522  68.6205  56.6460  16.7027  34.9186  19.8778  58.6728  35.3094  35.2159  16.8418  53.5404  25.0998  36.3769  60.8359  15.2324  43.4030  23.8705  44.3569  12.0764  32.9011  68.9896  35.4707  62.6587  65.0607  25.0792  46.1885  79.6537  35.8807  33.3667  24.4006  66.5122  54.6327  25.5956  65.5636  58.6745
226.7978 132.2782 247.0560 192.0705 116.7709  78.0144  64.0013 133.6698 163.7863 238.3445 254.6012 212.1397  70.6702 159.2288 144.6989 254.8019 195.7145 216.2309  99.6190 187.4460 126.7212  89.9300 202.1145 112.4972  72.3504 185.5276  85.0192  87.3716 133.7213  65.1801 234.1634 120.9629 249.0544 150.0675  19.9449 212.6278  63.6750 127.3587 111.9189 177.4139 258.1214 265.8430 211.2973  99.9666  70.3850 257.4114 186.8576 151.6995 135.4200 128.3611
189.2389 184.4866 140.6159  64.8444  31.7320 158.2664 139.5642  73.3977  93.5524 207.6217 137.7013 199.1107  83.7881  87.0000 163.9508 252.4441  56.1545 109.1052 120.7346 149.9751 231.1320 138.4405 176.7601 246.2825 183.8236  67.3772 211.4149 226.5747  60.6750 169.4434 205.4877 106.9049 240.4234 202.1657 121.9259  71.2037  78.7858  84.5510 145.4258 178.3557 255.6917 127.8933 194.1837 234.3325 197.8932 148.4221  65.5306 132.8292  91.7416  55.4667
 47.9729  18.6328  62.6703  55.5725  44.9172  12.5441  16.1342  38.5016  43.0638  48.9796  66.0315  41.5171  29.0116  42.7556  26.4467  47.6823  61.6270  56.8762  24.2879  41.4817   7.3912  43.0719  41.8369  12.9778   5.8867  52.9765   5.9083  14.9718  51.2675   9.0506  47.8939  30.7914  47.5333  20.5896  24.8280  63.4020  31.6217  50.9991  48.2000  33.7194  48.3421  73.3484  42.0325  11.7310   7.3952  65.1673  53.6825  33.8827  53.0617  49.7604
 34.5662   5.5516  55.9720  52.3460  49.8922  16.1170  19.3801  30.6652  32.8334  36.2477  61.1450  27.0024  30.1413  33.1812   6.8364  38.0386  65.6101  49.9318  14.5149  26.5602  27.5190  62.7377  26.6546  43.8523  25.1810  48.3012  33.7290  44.9041  61.0549  22.9380  34.8654  19.1025  36.6936  10.3077  37.3334  64.8130  36.9191  63.8922  68.8779  16.5409  39.0168  73.9878  27.3702  42.0200  32.8303  59.0919  49.5007  18.0056  66.8381  58.8471
231.2115 143.1015 247.1280 194.4397 119.9189  94.1468  83.5117 145.5723 173.2039 241.4953 252.9456 217.6155  88.3527 168.8621 156.5071 255.1511 191.2860 218.9475 116.7440 195.7932 128.0819  69.7776 208.9362 101.7098  82.0662 189.5825  84.7340  74.8855 128.1408  79.0284 237.7106 135.8143 250.3574 158.3872  40.8022 209.2751  78.0300 117.6568  88.9432 186.2157 258.1117 259.1613 216.9849  90.8364  72.8190 256.3180 190.4329 163.6378 123.5895 124.3842
 24.0784  38.4714  17.2186  17.0768  33.6880  40.5111  38.1949  13.8825   5.7355  29.1557  20.9673  29.3584  30.8184   6.9194  29.0976  43.0189  34.1367  10.7703  27.0135  15.7716  57.3095  59.5111  22.8372  68.4682  49.9574  13.3415  58.5322  66.3779  43.4829  46.3421  28.8471  19.4918  39.3975  41.3563  44.8732  29.3557  35.2294  49.3206  62.9540  27.6388  43.7922  33.0442  27.7092  65.9705  56.0967  20.0819  14.5734  17.8701  51.5190  41.8687
 99.6647  80.6030  89.8635  64.5607  33.3204  64.0925  57.6990  59.8141  69.7473 105.0779  88.8651  99.1448  44.9028  67.5394  80.1870 115.9531  51.6767  79.2389  62.6537  85.5964  83.2633  13.1034  93.2812  76.1160  65.0341  65.4428  68.9153  66.1019  24.2685  62.0423 104.0077  64.5666 112.8880  87.0129  38.2426  61.8943  36.9567  15.7877   8.3630  89.1403 117.0929  81.8704  98.1035  72.0736  64.1580  92.5195  64.8874  75.9266  14.9693  25.1390
 33.4412  72.3952 111.7310 127.8214 156.0010 104.6581 108.3100  85.4141  71.9462  39.4057 129.2604  20.1525 116.9963  76.4138  43.8321  64.3001 177.7920 104.2800  77.0146  26.2512 135.4753 215.9320  11.7527 184.2044 132.1003 115.8070 156.3210 187.1380 189.1362 124.6518  35.7841  66.5676  54.9847  72.6503 151.4831 166.2126 136.5989 202.8190 230.9353  18.6011  67.0532 176.5963  17.3656 179.3365 153.4285 119.2175 119.6811  38.2238 210.7368 183.2036
 12.8579  24.0285  10.0499  12.7242  23.5207  26.1840  25.0233  10.7019   5.4002  16.0326  12.9569  16.6395  21.1545   6.3738  17.9475  24.9520  23.5897   7.2367  17.8623   8.4251  36.1637  39.4723  12.5727  43.6694  32.1450  10.4877  37.4982  42.6385  29.6692  29.9621  15.8954  13.2179  22.6430  25.5548  29.8758  20.3153  24.1042  33.3005  41.6940  16.2761  25.4164  21.6620  15.5708  42.1865  36.1006  11.8095  11.2379  11.0700  34.6825  28.6560
109.0743 137.5757 105.2732  83.7953 125.3438 140.7933 130.2271  30.7601   8.1883 129.5846 119.8055 120.9416 100.6595   9.5261 100.6882 181.2554 147.0939  75.2599  83.2965  64.1240 214.4214 227.4277  94.7728 259.3690 180.6626  67.6626 217.0734 249.9391 169.3869 165.1158 127.0308  51.4513 167.1269 152.1138 159.9323 134.5275 121.3624 191.7434 243.6987 103.5209 184.8506 162.9178 114.9306 248.5549 206.4349 117.4241  72.6240  54.4520 201.8031 161.8432
186.0535 151.2264 164.2658 109.4117  39.5786 118.0695 103.2288  97.9148 119.4792 198.2449 162.8214 186.2196  69.2137 114.6031 146.9903 223.8822  86.9921 140.7410 108.5971 155.2000 165.5086  41.8174 172.6329 158.8016 125.5234 110.6370 138.6342 138.9094  27.1127 117.2385 195.9977 110.3146 216.6942 165.4138  65.8862 107.4560  52.3766  16.7908  44.8163 165.2111 226.3818 151.3856 183.6805 149.6215 127.8473 170.3108 109.6097 134.9318  22.9855  26.2243
 52.1500  81.1027  14.2773  28.1258  60.0561  83.4429  79.8855  47.2800  39.6869  57.5383   7.2450  62.9734  67.1658  40.1759  69.0308  76.7375  43.5354  19.9529  66.5391  48.9147 104.8864  95.6477  55.5169 118.1764  95.0499  29.0429 105.7187 114.7209  68.0018  90.3784  58.0118  57.2123  71.9435  84.2494  84.3446  32.5682  70.3674  76.5001  97.9521  65.0130  77.4145  18.6679  60.7569 114.8651 102.3533  11.9004  28.9033  55.1755  78.2466  66.9216
 50.0517  42.8483 113.8776 123.9833 135.5270  74.7834  82.2503  88.1350  82.7642  46.1601 126.6618  28.2279 100.3182  85.4020  36.5666  34.2497 157.9068 108.7072  68.1288  52.4220  80.5198 168.3866  39.6919 119.9860  89.5621 115.2974 103.3666 126.7196 159.0317  87.1059  43.6792  68.7263  34.1621  35.4970 118.0236 151.3740 114.5011 166.7542 180.3996  25.5986  36.0202 160.7142  31.8076 118.2634 103.9662 119.0822 118.0517  52.6191 172.6260 154.6241
129.6700  91.5964 126.4599  89.1231  39.0075  63.8621  52.7784  65.9048  83.9299 138.0017 128.2698 126.1154  33.4710  80.5610  91.8323 153.6560  83.7997 108.1590  62.2546 105.8696  99.0218  33.9085 117.4390  94.3224  68.0257  87.3338  78.1196  79.7257  45.3186  61.8879 135.9516  68.1115 148.9768 102.4890  21.8137  95.8120  20.7407  41.9903  44.4078 108.0704 155.5920 128.0786 124.7411  87.2218  69.7829 131.8860  87.4197  87.5422  46.8500  42.4612
271.6451 148.4834 313.0055 261.4978 185.6143  96.3333  94.9964 192.6352 221.8468 280.3558 323.6276 248.4933 129.7579 218.1123 175.0505 285.1078 269.6446 281.7763 141.3172 234.2979 107.2883 138.0669 243.7470  64.9253  65.3654 253.0739  51.8410  33.4595 202.3668  71.1437 275.5386 169.5351 282.1239 162.7847  81.9181 286.5916 127.6399 192.8429 160.3545 210.9421 288.3818 341.5995 249.2901  52.2394  42.3683 324.3392 255.0257 196.0574 200.5256 197.0452
 33.9230  26.6601  77.8722  83.5985  91.3023  48.9624  53.8359  57.1836  53.7421  32.6207  86.9089  18.6485  66.0382  55.5490  20.0470  29.1130 107.7291  73.3584  42.8369  32.8224  56.2492 115.5250  24.9282  84.0186  60.5314  77.3320  71.2443  88.0178 108.2831  58.2784  30.6778  43.0573  27.7887  22.8182  79.3867 103.2912  76.3077 113.9062 124.1223  12.4800  30.5038 110.7872  20.7288  82.4066  71.1998  81.7911  79.3082  31.6242 118.1442 105.1006
156.6344  49.1800 208.4935 181.6079 146.5083  15.5994  32.5123 115.4041 132.6887 162.3255 221.2935 134.5578  83.3968 131.4942  73.5099 164.4398 207.8027 185.9612  60.2729 128.9586  50.3056 155.6908 132.8567  81.3579  21.9299 171.3386  48.8909  81.2879 174.1207  17.9748 158.1871  85.3461 161.9010  62.4407  79.4631 212.9691  96.9345 176.1865 175.3099 103.2322 167.2224 250.0091 135.7222  74.3211  44.9094 218.1366 174.1552  98.5659 184.6028 167.9435
177.7010 208.2529  99.3271  45.4673  89.7527 194.8136 180.1770 103.9574 104.6273 194.1525  86.8696 196.2037 134.3076 101.0892 183.7727 240.5735  27.5796  81.5791 156.1594 151.7852 257.5188 177.5954 175.0405 276.3163 219.9993  57.9281 245.2868 260.4689  98.5712 207.3205 193.6084 137.3844 228.6790 221.5720 170.4716   5.5154 132.8292 120.3171 179.4388 187.2614 243.0445  51.6347 190.8926 266.1970 234.0556 101.8288  53.8978 149.8415 123.1127  97.6275
 90.4420  54.9063  96.2380  71.9013  40.2314  32.6735  24.6346  47.2945  60.6377  95.9986  99.2480  85.5056  19.7497  58.5181  57.3903 105.2819  74.1025  82.7418  35.9539  72.8432  59.0940  38.9757  80.1787  57.7250  35.4597  69.1260  44.1330  47.9867  49.4564  30.6472  94.2723  43.5859 102.2667  63.0918   3.1630  80.9941  16.3790  48.4321  48.0859  70.8873 106.7473 103.8818  84.8438  52.3571  37.8130 100.6836  69.6743  57.7008  52.2920  46.8485
149.0151 103.8155 155.9685 108.5472  71.3972  75.2644  58.0703  46.3138  75.9003 163.4440 164.0047 144.5661  15.9737  71.1872  92.1835 193.3219 131.3876 126.4762  42.8769 108.4065 145.7362 129.8533 128.5436 166.8113 102.5305  99.9032 131.4350 152.6585 107.2388  88.3663 160.0401  44.4637 184.3317 121.9411  66.4309 137.8699  37.1064 117.9587 146.4847 115.7271 196.6247 182.1874 141.7483 156.0321 119.6196 166.0252 101.9617  77.6599 127.4364 100.1139
131.8138 107.5699 117.1438  81.6950  38.0702  85.2902  76.0768  75.7683  89.4710 139.5267 115.7214 131.6465  56.3741  86.3629 105.9556 155.4470  64.1525 102.2889  81.4195 112.1613 113.6859  21.2786 123.1568 106.0170  88.0827  82.9520  94.7577  92.4650  25.5111  83.4120 138.0764  83.2652 150.9869 116.5880  50.0043  78.2500  45.3585  13.8154  18.4083 118.0027 157.0404 106.2500 130.0904 100.2541  87.9722 120.8473  82.1622  99.0427  13.6434  26.5668
 75.9547 122.7582  38.9842  42.0095  98.9185 127.8968 120.6667  48.2260  27.1556  90.5163  48.4662  93.6781  96.8325  29.2426  95.7474 131.9326  92.6440  18.8221  89.0133  55.4343 176.7713 175.9453  74.9454 208.1443 154.9019  32.3344 179.5326 201.5296 125.6398 144.3735  90.0332  67.4257 121.2781 130.9872 137.3364  76.5295 108.1861 143.2701 184.9558  90.6865 134.0539  83.4884  88.7827 200.8158 172.2798  47.1231  35.6055  63.4854 149.2287 121.3400
242.5843 218.8183 194.4000 106.4696  10.0286 179.9984 156.8020 102.7576 131.9876 263.4059 191.4580 249.9667  91.0242 124.1356 200.4697 311.8408  82.8088 157.3152 144.5843 195.0602 263.8092 131.2365 225.3054 273.1888 204.9727 108.9226 234.4263 247.4329  44.0305 188.8629 260.4927 135.1209 298.6542 240.4877 123.5515 108.6444  76.8168  69.4351 138.8543 222.0518 315.7210 177.1048 244.7992 258.8772 217.9489 203.7232 107.0273 169.8669  78.7446  36.5562
 40.4286  43.1157  27.1131   9.3195  13.1192  38.6401  34.6274  15.4732  18.3437  44.8147  26.3200  43.6128  22.3073  16.9500  37.3215  56.0114  12.0798  19.8663  28.6327  31.7897  55.5846  38.0358  38.1593  60.5399  45.3300  10.0975  52.1511  56.4435  19.6604  41.9174  44.4144  24.2301  53.0527  46.9702  32.6180  12.7258  22.4044  25.3884  39.7419  39.6289  56.7445  24.8680  42.3521  57.8367  49.1510  28.8785   9.5685  29.0581  26.9605  18.5764
189.5237 277.7348  64.3635  88.5760 191.6334 281.2593 268.1162 159.8498 138.4176 207.9317  39.6000 224.0236 222.3607 138.9551 238.7942 271.2728 129.8390  74.6829 225.7972 175.2875 354.2714 308.8888 198.7340 394.8201 318.8265  95.0079 353.7563 381.6744 214.4756 303.1306 209.2242 195.5405 255.4304 289.3039 277.7671  93.4465 230.6584 242.5949 315.0506 228.1625 273.6275  41.0688 216.6965 383.4635 341.9719  58.4435  93.4390 192.5982 247.6724 211.5485
 84.7133  24.8981 150.3232 150.7363 149.7500  62.2497  73.8188 102.3010 103.1269  83.3256 164.0142  60.6584 103.4006 104.9288  37.1124  71.8249 184.7547 139.8551  67.2131  77.1435  61.3491 176.4812  68.6061 107.6020  75.1143 140.8898  89.2181 116.4775 175.7955  74.0622  80.1760  75.8981  72.4378  11.8068 116.4215 181.1522 118.8800 182.1199 191.2280  44.0199  73.7127 198.7705  63.7408 105.9318  90.9310 157.1206 143.8929  65.8734 188.9837 170.6468
262.8547 143.8330 295.5644 235.8068 153.1581  80.4551  68.4364 163.1710 196.8488 275.0174 305.8419 242.8516  92.0413 192.1207 162.9008 289.9086 244.5521 260.4576 115.2143 218.5615 129.6461 122.5320 233.2849 112.1366  67.1143 227.1201  79.6233  84.2476 174.9531  61.1419 269.9827 143.1025 284.1899 163.5729  39.8016 262.6269  88.8380 168.1228 148.1918 201.8484 293.7149 323.0426 242.4732  97.5370  62.5835 307.8259 229.0490 176.4781 177.5746 168.5071
 81.5517 146.8943  71.5155  82.8473 146.8294 160.2104 152.8421  62.6367  28.7377 101.8586  89.6554 103.3620 128.9743  35.4031 108.1983 157.5613 151.3113  51.8301 106.9705  49.6371 224.2746 247.3501  77.2553 272.1176 198.3621  68.0367 232.6215 265.5624 186.7674 184.4000 100.6312  77.2818 142.9967 157.0134 184.6067 131.8544 148.3272 209.5265 261.9534  98.8593 160.6237 143.5031  96.6644 262.6282 223.6912  82.8176  72.9446  63.9135 218.5356 180.1267
 78.0574  65.4850  68.0456  47.4842  23.5408  52.9770  47.6680  45.8771  53.4267  82.5735  66.8433  78.3904  35.8832  51.6347  64.1926  92.1370  35.9294  59.6927  50.2131  66.8888  69.4041  15.9045  73.3507  65.0511  54.7748  48.5495  58.6444  57.2713  14.7030  52.0598  81.7853  50.8308  89.4901  70.6438  32.9914  44.3350  29.6853   8.0530  12.8996  70.8239  93.0452  60.2231  77.4369  61.7625  54.7659  70.0344  47.9945  59.7341   6.4923  15.8305
 99.3749  85.0881  83.5111  50.8360  10.2601  68.0809  59.2254  47.0350  58.9191 106.8949  82.4200 100.9351  36.0234  56.0010  80.2171 123.6687  38.8089  69.7000  58.2615  81.3931  98.1624  38.0689  92.2515  98.3216  75.2699  51.7687  84.9054  87.7023   9.2802  69.6898 105.7002  56.8949 119.0474  93.3629  42.0529  50.1190  27.9412  15.3251  40.3465  89.5759 125.1301  75.9561  99.1982  92.9151  78.6014  86.9937  51.0807  70.7469  19.2470   6.2522
 80.1040  62.7988  72.6017  48.4992  16.5895  47.5988  40.8594  40.4447  50.6004  85.4920  72.5385  79.6227  25.8043  48.4286  61.2222  96.5569  41.0838  61.8098  43.7127  66.0280  69.2261  19.0646  73.6952  66.7617  51.0862  48.4809  57.2894  57.9802  15.8354  47.2649  84.4192  45.0458  93.4075  69.2486  24.1002  49.5082  18.0000  13.4451  22.4771  69.7966  97.6955  69.2272  78.5504  62.5844  52.3860  75.5170  48.1922  56.3692  16.4402  14.5427
 27.5800  49.5654  79.3433  88.4613 107.3049  71.2666  73.4332  56.6634  47.7716  33.0245  91.6587  19.6274  79.0596  50.8305  28.1192  51.2188 123.8609  72.7959  50.4886  16.6400  95.2350 150.3087  11.7677 129.4865  91.3592  79.7845 109.0895 131.0393 131.1636  85.7346  30.5003  42.7370  44.6766  50.8305 104.0845 116.0331  93.1649 140.9188 161.0904  12.5949  53.2173 124.7165  17.6886 125.7747 106.7163  84.9411  82.5635  22.3555 146.6292 126.8806
 69.1360  59.4589  58.2077  37.6570  14.1367  48.1579  42.7067  36.9347  44.1395  73.7766  57.0375  70.0886  29.2355  42.3418  57.0018  84.0500  26.9932  49.8672  43.2933  58.0847  65.9767  20.5525  64.7688  64.2085  51.5496  38.7181  56.6694  57.0638   4.9761  48.3778  73.0447  42.8771  81.2325  64.5933  30.0980  35.0671  23.6043   1.8417  20.0998  62.9941  84.9510  51.0581  69.0318  60.8675  52.7471  60.1975  38.1566  51.4898   3.8608   5.9963
148.4518 194.3697  66.5563  48.2299 110.6795 189.7501 178.5517 104.8684  96.8071 162.3846  51.3086 169.3002 141.7041  95.4253 169.4313 205.7472  60.0740  60.7627 152.5850 131.8414 243.5197 190.8103 150.7511 266.1005 214.2979  57.2959 237.8695 254.3551 122.1179 203.0940 162.6412 133.1128 194.8077 204.3780 177.5453  35.5073 144.0103 141.5463 193.4076 167.0017 207.6630  11.1663 164.2880 257.5969 228.7031  65.8379  54.6462 137.4661 144.3222 120.8365
 39.1246  18.0324  64.0770  59.5661  59.9507  26.8116  28.1612  31.3209  33.1582  42.7518  70.8646  31.8292  35.9812  33.7388   6.7627  49.9390  78.4345  55.8743  14.6930  26.1594  46.9243  82.2428  28.6923  67.0842  40.6196  54.0773  52.9014  67.0423  75.4108  36.5039  41.0035  16.2953  47.0114  23.2803  49.7967  76.5741  45.4824  80.2527  89.9762  18.0575  51.3008  88.0901  31.5591  64.1816  50.8031  68.2635  55.7210  13.4919  84.1730  72.4618
 57.8329  45.5468  52.3069  35.2681  12.8693  34.7478  30.0570  30.0412  37.1220  61.6092  52.1575  57.4992  19.7719  35.5964  44.5643  69.3430  29.4161  44.7642  32.2997  47.9809  49.6577  12.0727  53.3533  47.4510  36.9152  35.3636  41.0272  41.1539  11.0460  34.3214  60.8592  33.2945  67.1454  50.0610  17.9048  35.5532  14.2781   8.4291  14.1270  50.6050  70.1402  49.4341  56.7507  44.5294  37.5953  54.3202  35.1287  41.2240  10.3716  10.3949
124.5981  64.1752 145.3942 120.5803  84.9359  37.1782  36.0895  85.3970  99.7482 129.1216 150.9142 113.3697  54.7588  97.9541  76.5763 132.4073 126.4425 129.9343  59.2519 105.7727  48.6034  68.2857 110.6860  36.0976  23.4977 116.1142  22.7740  23.8448  95.1536  24.9462 126.7265  73.4084 130.6440  71.9020  33.3146 134.0706  55.0521  91.7554  79.8620  94.5566 134.0737 160.8824 113.6704  29.4178  15.5990 151.0747 117.1782  86.6363  95.9627  92.2185
 68.0288 100.4882  23.7857  18.2498  67.0952 101.3026  95.0957  42.6933  32.3710  78.0200  23.9322  81.4029  74.4378  32.3635  82.2507 107.5130  52.9368   8.1584  74.4048  55.0421 136.8598 123.2795  68.4166 156.4942 119.5872  15.3808 136.5700 150.5600  83.0961 112.0139  77.9141  59.7760 100.0032 106.7419 102.1067  39.2326  80.1076  96.2134 128.1924  79.5419 108.9323  41.7048  77.9566 151.0675 130.9868  28.0224  16.3169  59.8105  99.7899  80.6454
167.3930 123.2164 164.9225 108.8376  58.2541  90.1239  70.9689  54.0033  85.8047 182.9484 171.1623 164.6432  15.4871  80.1455 111.7455 215.6074 124.7600 133.3850  60.6601 125.1619 162.7682 121.5281 147.1973 179.3551 115.2613 101.7283 143.6323 162.1902  94.6618 100.8080 179.5828  60.9118 206.0146 142.1139  64.9755 134.6332  26.4834 105.6724 137.7235 135.5525 219.0191 183.9284 161.4714 167.7427 130.5810 175.0237 103.1808  94.9451 115.4688  87.3005
 64.6561  65.1743  56.2774  33.0831  38.5800  59.2274  52.2009   5.4208  18.2637  73.5202  59.9777  68.2322  32.0891  15.0000  52.1959  94.8794  53.6575  40.6967  35.3774  44.2307  94.5512  84.4617  57.3190 109.6996  75.4792  27.5988  91.1137 103.3840  58.1654  68.2208  72.2653  24.3560  88.9873  73.1314  58.3947  52.0474  39.1097  67.8139  91.2130  57.8885  96.5153  71.1438  65.8584 104.3864  85.4987  61.3799  29.0156  35.1000  72.2809  54.7753
104.1941  12.9408 162.6287 153.6794 141.6188  41.2381  54.8723 100.0311 106.4984 105.6078 175.5464  81.7634  90.7843 107.2432  40.3057  99.8095 184.0837 148.2878  56.9868  88.9260  44.0813 161.7730  85.4951  89.5195  52.7087 143.9407  68.3563  96.9042 167.3888  51.9358 102.1996  71.8201  99.2398  14.6263  98.8153 183.4981 105.6231 172.1140 177.5002  58.9391 101.9237 207.0078  83.9432  86.8150  69.4880 170.1853 146.8078  69.9897 179.2239 162.0804
115.3502  69.4638 124.6303  98.0925  60.7485  44.0724  38.5610  71.8091  85.9837 120.6047 127.9097 108.1469  42.2387  83.8067  76.4195 127.5430  97.7998 110.1334  56.0007  97.0936  62.5374  39.0221 103.7484  50.6924  38.2628  95.3321  40.6579  37.3551  66.3275  36.4024 118.6335  66.1280 125.0730  77.4251  17.7276 106.5850  37.7419  61.6968  49.1498  91.8468 129.0774 132.0523 107.8448  44.9400  34.2462 129.4331  95.8550  80.3782  65.0179  64.1782
259.1961 241.7003 203.3519 130.9900  73.1272 206.0315 186.9538 149.5224 169.8869 276.3396 194.9966 267.5127 136.5832 163.7722 228.7304 317.1954  77.4543 176.7066 183.0035 222.3422 270.4558 109.8921 247.1260 266.9885 220.6428 138.5873 239.8873 242.2494  39.4552 208.9627 274.3108 176.6310 306.3073 259.3527 146.8124 108.3401 119.5426  45.2154 102.8641 246.0599 320.2693 161.2810 263.1352 255.2920 226.1861 208.6902 135.5191 204.0931  40.8838  45.9857
 57.5441 139.5775 172.4116 215.7976 263.2630 190.3756 199.0705 174.7908 152.8888  38.2709 195.6933  46.5723 215.8620 159.3186 115.2283  24.4252 282.1007 175.9471 164.4684  93.6929 208.8464 338.2590  66.2516 276.2676 220.0712 201.6259 246.1681 286.1315 304.2653 213.7258  38.4600 153.5962  12.6494 130.2018 256.3702 262.9096 240.2794 322.0369 357.1719  81.2034  25.5068 262.7930  49.6745 272.7135 245.7878 178.5732 206.3615 118.4204 331.7701 297.0203
107.6056  67.8410 123.1585  92.3730  71.2926  49.4762  38.1689  37.4963  57.6585 118.2334 131.3695 101.8069  23.8768  54.9580  58.3752 139.6964 115.9722 101.1085  19.1398  76.0048 104.7574 114.7064  90.2893 126.4224  73.8529  84.1992  97.8733 117.7270  99.9527  62.7255 115.3603  24.1325 132.9551  82.0639  58.5218 118.7800  42.1402 108.3190 128.6531  77.9849 142.3187 150.8767  99.9148 118.4091  89.4868 131.3193  86.3435  49.9116 115.8444  94.3000
306.3154 252.9560 273.5758 199.2393 111.0579 205.0579 186.5458 190.1889 218.4056 322.2652 269.4888 305.6798 148.9200 211.9495 251.4168 354.7223 157.0060 243.1406 200.5563 265.5995 260.0550  53.5142 288.2903 237.4578 207.2918 202.8197 217.7129 207.9969  80.5187 198.8455 319.2438 205.4105 345.6568 271.5504 129.9524 187.7382 125.9181  56.1500  34.6158 277.0376 358.0259 245.1709 302.5356 225.8735 204.0440 280.8980 200.9064 238.2101  50.7575  84.3621
191.7603 279.9018  63.4271  83.6600 189.9992 282.7478 269.0285 157.4743 135.9813 211.0633  38.0132 226.6375 221.5783 136.3417 240.0323 276.2441 127.5539  70.9428 225.6832 175.5619 358.3137 310.8548 200.3157 399.5791 321.3401  90.3582 357.2848 385.8570 213.9527 305.1384 212.2297 194.6190 259.9222 292.1083 278.6030  90.0493 230.0501 242.9240 317.3586 229.8702 278.7440  40.5556 219.0922 387.8309 345.0678  58.5995  88.6957 192.3706 248.2754 210.8365
 61.4312  61.9567  43.2911  19.8973  13.3045  54.1035  48.4418  27.9355  32.8730  67.0454  41.3706  65.1397  31.6117  31.0051  55.5454  81.1259  10.6854  34.3782  42.8585  50.0978  75.9502  43.7902  58.2451  80.0174  61.5889  21.9814  69.7018  73.8133  17.4609  57.3029  66.4963  38.4446  77.3998  67.2189  42.1225  17.2692  29.4942  25.1203  44.9389  59.4305  82.0829  35.1406  63.5780  76.3943  65.5846  45.2732  21.0579  45.7590  26.7007  16.6110
  3.5850  22.3039  15.4881  22.1989  31.9231  27.6008  27.6163  17.8455  13.2100   6.6575  19.2048   9.0139  26.8561  14.3301  16.2119  16.0569  33.1039  15.5587  20.5768   5.8138  35.0012  46.3915   5.8898  44.3040  33.4046  19.9976  38.4937  44.4087  38.3526  31.6388   6.6682  16.9513  13.6690  22.6244  34.8862  29.7047  30.4461  41.6961  49.0080  11.8298  16.4615  29.6969   7.9298  43.1765  37.6440  16.7395  20.7428  11.8306  43.1702  37.2634
206.9595 262.7500  99.5988  63.7252 140.9614 253.7961 237.9744 140.3917 132.4575 226.0096  80.0605 233.7540 186.6293 129.9580 230.1800 283.9211  69.5631  88.3652 204.6305 182.4075 327.0947 247.7674 208.5874 355.2132 286.0791  77.2902 317.4270 338.4019 154.2199 270.9380 226.1279 179.2781 269.2680 276.9161 233.4693  37.6621 188.2417 180.2391 250.5544 228.7897 286.5936  24.7263 227.0726 343.5501 304.7357  99.4907  73.2289 187.5469 183.6378 152.8463
 79.4060  39.4555  95.1984  81.0553  60.0886  24.6662  25.9731  58.2383  66.6112  81.7004  99.0560  71.4510  40.2150  65.6780  48.7571  82.0125  85.7947  85.8838  40.3417  68.4606  25.1766  49.6879  70.6154  15.2201  13.5015  78.0172   7.9025   9.2785  66.8225  16.5940  80.1721  49.5707  81.3373  43.4633  28.0644  90.1504  41.1919  64.7793  56.8508  59.8339  83.0085 106.4034  71.8672  11.0680   5.2631  98.7710  78.7737  56.7313  67.4087  64.9569
278.6267 251.0786 224.0212 138.3838  53.9123 208.5203 186.0363 147.0971 173.8887 298.3919 217.3869 285.8495 126.8647 166.5248 237.0478 344.1261  88.4406 190.5618 182.3145 234.0510 284.6100 108.9125 262.6404 282.3969 226.1280 144.5780 249.5413 254.1311  12.2278 212.2026 295.7060 176.4389 331.7723 271.9785 140.0278 122.7959 106.5941  30.8475 106.5982 258.9491 347.7932 188.4312 281.0120 268.6224 233.4395 231.5674 141.7157 210.0817  33.3692  19.9370
 47.8170 101.7154  48.2081  64.7447 110.2981 114.1461 110.1524  51.5763  28.5577  61.7871  62.3443  64.9324  96.3690  33.3247  74.4920 101.1469 112.4770  39.2347  78.2934  29.7806 156.0396 178.7982  47.1314 190.8365 140.4507  54.8758 163.8978 187.3553 137.7998 131.1748  61.1845  58.4430  90.9505 107.5332 134.2483  98.1289 110.2255 153.4101 189.0572  64.9809 103.1713 102.9116  60.1791 184.6172 158.2357  55.6252  58.1870  45.2906 159.6215 133.2287
102.1060  80.8742  91.7240  58.6799  15.1433  61.2826  51.7281  46.3622  60.5210 109.7589  92.0068 101.9420  28.0800  57.4764  77.2527 125.9086  51.7745  76.5904  52.9631  82.4262  93.1885  36.4067  93.3712  93.1312  68.3614  58.2092  78.6138  81.8962  22.4039  62.4500 108.2975  53.6332 121.3292  89.8719  32.5406  62.1267  18.1163  24.4259  41.7625  88.6019 127.4988  89.1804 100.3426  87.3171  71.8256  95.8925  57.9353  69.3100  29.0057  19.4192
 17.1620  94.1850 101.4736 126.7043 165.9120 125.6467 127.9224  91.4879  72.3277  28.7662 120.3466  25.5012 131.3255  77.7069  63.6411  68.6213 181.2843  97.3654  93.2476  22.8090 159.9304 234.2708   6.9959 210.0314 154.9168 114.5116 180.6074 212.2447 200.1483 146.6006  26.0545  78.3640  57.0017  94.6432 170.0527 166.5860 151.1408 215.8572 249.0632  38.4466  71.1659 172.3818  19.7617 204.7092 177.0928 108.6803 118.5306  48.9360 223.8771 194.1685
 48.7518  55.4585  28.8605   8.4713  20.5998  51.0739  46.5878  23.4203  24.7139  53.8314  26.6478  53.5207  32.6169  23.4034  48.2433  67.4810   9.4745  21.5491  39.2534  39.8153  70.3724  48.7685  47.0925  76.3085  58.8666  11.5361  66.7061  71.6151  25.8411  54.9621  53.5229  33.6801  63.9376  59.6708  44.2437   7.4447  32.5837  32.6479  50.1089  49.9555  68.2812  21.8202  51.9653  73.2222  63.2903  30.3887  10.3966  38.1432  34.0340  25.0400
146.7140  86.1308 164.6494 136.7853  95.6034  59.4740  57.7110 104.1414 119.4129 151.3766 169.3463 135.6669  71.4262 117.3174  98.8698 154.4381 137.9390 148.6180  80.5563 127.5116  65.0022  64.2748 132.8510  39.4591  44.6893 133.0912  37.2071  22.5509 101.5370  47.1563 148.9878  94.1503 152.8254  93.4151  45.0192 147.6443  68.3642  95.2509  74.7310 116.8523 156.0860 176.2199 135.9554  33.9901  33.1389 170.2620 133.8857 108.2948  98.6266  99.2439
  3.9822  24.5509  26.7173  34.4693  44.1521  33.1201  34.1446  26.9771  22.4179   1.5048  31.2083   5.0264  35.8851  23.6885  18.3698  10.9857  47.3106  26.9122  26.6065  11.1170  39.2221  59.6638   6.2521  51.5439  39.5135  31.7241  45.1178  52.6529  52.0514  37.8722   0.6000  23.6671   8.1204  23.7555  44.4649  43.5976  40.5184  55.6707  63.1524  11.7017  11.4727  43.9174   4.4888  50.5391  44.6155  28.0901  32.6407  16.8010  57.5246  50.6724
226.3466 314.6942 101.0732 117.0458 213.6732 315.8734 301.7299 193.6864 174.6508 244.2983  76.6311 261.4571 252.8864 174.6336 276.1175 307.6620 140.5692 112.0140 260.8336 213.0916 390.1740 329.1531 236.3542 428.3420 352.7859 126.4740 387.4065 413.7092 230.5281 336.9203 245.8073 231.0424 291.8366 326.6668 306.5105 106.2139 258.6771 258.3251 332.9087 265.9612 309.9095  40.2600 254.1311 416.6536 375.0962  93.7206 123.9698 229.8442 262.0474 228.7938
 29.9749  54.0260  48.1098  52.2838  73.2776  63.6065  61.8540  30.4278  19.1213  38.7665  57.3797  35.2165  56.8356  22.1010  35.5022  61.6546  82.5357  40.0994  40.1289   9.7350  91.1434 115.3600  23.3692 115.5629  81.5054  45.0684  97.3677 113.9313  92.9199  75.4554  37.5474  27.7828  55.2833  58.1654  81.3935  75.3090  67.5197 102.3419 123.2839  30.6800  63.2118  82.9317  32.4017 111.5210  93.8642  53.2204  47.3917  15.7500 106.8903  89.5188
100.6256  42.0974 129.0805 113.8674  90.8103  28.3126  34.5774  80.0048  89.6364 102.7478 135.5973  87.8554  59.6152  88.8977  57.5100 100.2565 124.9099 117.2303  51.9800  87.3498  17.6389  84.3615  88.3360  21.4237  12.9657 108.8369   7.1510  25.1225 102.8123  19.7851 100.5774  65.0868  99.9663  46.0772  49.1910 128.9950  64.0572 101.7052  94.5788  72.1897 101.5734 149.4831  88.8534  18.6205  11.5328 134.0835 110.1872  71.9344 105.7315  99.8819
 57.4944 121.8711  41.7772  66.8343 123.1415 134.8085 129.9251  62.4115  36.9600  72.4804  57.5860  78.9633 112.5111  41.6198  92.1612 116.9172 119.8155  34.5908  95.3123  42.5078 181.0779 200.4059  59.9337 218.5982 163.4892  56.9099 189.1206 214.3427 152.2213 153.2232  72.3288  73.3018 105.5861 128.1413 154.2993 102.2935 126.7427 169.9690 210.9372  81.1243 118.9960 103.6811  73.6800 211.6937 182.7340  49.8027  60.3088  60.2476 176.4860 147.4751
183.7662 130.3712 179.6741 121.7881  51.3859  90.3884  71.2786  78.2649 107.9759 197.8631 183.9131 179.3961  26.7880 102.5182 125.7923 225.8628 123.6767 149.7626  76.6960 144.4434 154.8423  85.5009 164.1863 159.2353 105.9662 117.2558 128.3857 139.2107  76.4318  93.6557 194.5919  82.9750 217.5598 148.4185  41.0417 138.8148   4.5581  80.3849 101.3635 150.7339 229.0552 189.1750 176.8133 147.8066 115.1103 188.8429 117.9043 115.0401  89.4516  70.0806
151.7768  72.7737 187.7235 164.1901 127.8984  50.9157  56.9652 119.3031 133.7067 154.9415 195.9552 134.8198  88.0118 132.3691  93.1723 151.8010 175.9142 170.9282  82.7277 133.0012  36.3928 110.3416 135.0638  16.0153  28.2513 157.8653   7.9187  18.9477 141.8593  36.9099 151.9996 100.5861 151.4397  78.2948  68.0807 183.0525  91.6299 138.5539 123.9180 113.3943 153.5789 212.5492 136.0909  10.0323  15.1334 194.5260 159.5095 111.5664 143.6512 138.1824
190.8968  62.6392 254.9702 225.2651 183.5820  34.6660  53.1982 149.1731 168.4302 196.1173 270.0639 163.4550 111.5595 167.2487  95.3148 193.8737 254.9829 229.6062  85.5959 161.2387  41.9647 187.2939 163.6430  79.6356  21.7000 213.4187  44.5452  84.0380 214.1909  27.7567 191.3230 114.1507 192.1792  74.2429 101.7830 261.2449 125.8615 215.3322 209.9874 128.2801 196.9322 303.7620 165.3777  72.9001  44.1997 266.0192 216.6785 127.3678 224.8276 207.2250
189.9580 136.4165 183.3747 125.0109  49.5919  95.6616  77.3558  87.3073 115.9005 203.5922 186.5325 185.7343  38.3942 110.4983 133.4524 230.3891 120.9386 154.3423  86.1063 152.0186 155.7247  69.7630 171.1240 155.1401 107.4603 121.6754 126.9325 134.0422  67.6947  96.3382 200.4420  92.8097 222.4761 153.8294  38.4662 137.9964  17.0014  68.2475  84.9436 157.9260 233.4676 188.1854 183.2745 143.9548 113.8472 192.0374 121.9593 123.7307  76.7831  62.0906
 56.7546  81.0832 156.4717 178.8177 205.3188 126.8095 135.9784 130.8876 118.3703  48.7296 176.1778  25.0155 157.0295 123.0397  63.6754  35.8623 232.5868 151.7518 109.7948  68.6565 141.2451 261.8170  45.9286 199.7113 151.4105 165.8534 173.6102 208.4848 241.0025 146.5165  45.2522 105.6918  31.9981  72.4853 187.9883 220.2949 178.4963 254.2496 279.1884  37.8328  38.8837 229.8539  30.9842 196.6173 173.5957 163.7138 170.0393  77.6760 262.9620 234.4740
210.3042 109.2696 258.5954 229.3342 182.1986  85.5845  93.8547 172.5974 190.5189 213.3983 269.2201 187.6244 132.8261 188.9276 136.5741 206.0458 243.4334 237.6263 126.0135 187.9533  54.9977 153.5794 189.2969   1.7307  57.2187 221.3529  31.5817  26.4153 198.4915  68.4168 209.6727 148.5776 206.5301 114.2221 105.5373 252.9160 136.6146 193.0926 170.1900 161.2829 208.1532 290.4143 189.5995  11.6419  40.8176 267.1851 223.4307 161.4344 199.2110 194.0544
363.4453 292.7641 330.6320 242.0933 132.6394 233.7507 211.9076 224.4589 259.5096 382.1631 327.1564 360.7081 170.1608 251.8118 293.0286 419.0488 196.1752 293.4211 231.7722 314.1638 297.9337  46.8961 340.6601 268.8203 234.5212 245.1642 245.8587 233.0845 100.7641 224.9305 378.3403 239.7725 408.6109 315.0778 142.4397 232.2516 142.3433  70.9819  23.3138 325.1259 423.0394 302.0881 357.2278 254.9240 229.5168 339.9453 243.2336 279.6783  67.2155 104.0213
 67.3438  74.1091  45.1068  14.7228  28.5769  67.5730  60.6466  22.1061  26.3323  75.4818  44.9140  73.3118  39.2542  23.7790  62.6078  96.3149  29.3998  31.2184  47.8762  51.3085  98.7346  74.2113  63.1464 109.7207  80.7798  13.5506  93.8698 102.9190  42.6822  74.4266  74.7324  38.7359  90.7979  80.9953  60.1108  27.6802  41.3574  52.9102  78.1732  66.2333  97.6715  46.9739  70.9495 104.8506  88.5562  48.7543  13.3109  46.7151  56.1180  40.3700
 52.9762 111.7446  38.2224  60.9591 112.5929 123.5031 118.9915  56.9868  33.6607  66.7195  52.6614  72.6013 102.9356  37.9173  84.5241 107.4326 109.5224  31.4631  87.2738  39.1006 165.9869 183.4541  55.1424 200.3196 149.7917  51.8575 173.2910 196.3840 139.2393 140.3705  66.5732  67.0802  97.0489 117.5272 141.2530  93.4728 115.9569 155.5145 193.0958  74.4920 109.3407  94.8203  67.7604 193.9803 167.4206  45.5995  54.9740  55.2253 161.4857 134.8909
190.9014 214.7851 115.8427  32.9149  76.9332 196.8669 178.9083  86.7914  93.4055 211.1903 108.4838 208.9923 123.1119  87.9109 186.3194 265.0722  42.2412  85.2967 149.7385 154.2483 274.0848 190.2278 183.4147 297.8588 228.0298  43.2237 259.4166 279.2163 100.3255 212.4106 209.8178 127.7457 251.0318 231.7688 170.0260  37.2151 123.3545 127.4179 196.2790 193.8854 268.3091  93.4844 202.8633 285.5322 245.7787 122.5479  39.0479 146.3642 133.4154  96.6485
189.2764 140.1141 179.0342 119.3785  42.5008 100.7154  82.3186  84.8281 113.2343 203.2786 181.5968 186.2885  39.9244 107.6789 135.5456 231.5191 113.8930 149.9110  88.2388 151.2571 161.6910  71.3807 171.0311 162.1406 113.7328 116.5328 133.7045 141.1615  61.3114 102.3731 200.2281  93.0090 223.2902 157.5218  45.5628 131.2969  18.8014  63.3678  85.3409 159.1381 234.5964 181.8407 183.6199 150.9684 120.6571 187.5632 116.6462 123.8385  72.0536  55.5400
303.7664 292.3027 229.6045 142.6258  87.1422 252.6106 229.6574 173.6665 195.5674 324.8838 218.2718 316.2813 166.7543 188.3471 273.6240 376.7294  74.1364 198.3748 220.1807 260.2377 332.5895 150.7566 290.7795 333.1544 273.2629 153.0835 298.6061 304.3828  54.3203 258.4362 322.6908 209.4403 363.0223 313.3561 186.1627 111.5620 148.6360  70.0450 144.1636 292.2784 380.4029 174.8344 310.6439 318.9773 282.0886 235.5476 149.0193 240.8242  67.2006  60.6783
 58.1034  32.5199  65.5969  53.6401  36.4022  20.3315  19.0556  39.1340  45.7953  60.2898  67.6929  53.5717  24.9283  44.8820  37.4647  62.2792  54.8465  58.6059  28.9264  49.5371  25.8899  26.1230  52.0847  18.4112  15.0110  51.9399  14.1853  11.7241  39.8748  15.2986  59.2576  34.7878  61.3935  36.0418  13.8203  58.7562  23.9668  37.7731  31.0844  45.3316  63.0184  71.0202  53.6217  15.5591  11.3540  68.0552  52.3151  41.1172  39.4632  38.7262
126.4391 135.8825  85.3870  28.7868  45.3193 122.3654 109.5450  44.5826  53.7334 140.8233  83.9333 136.7202  70.0810  49.1259 116.4018 177.4670  45.9309  61.1233  88.6798  97.9017 177.8608 126.8070 118.8212 195.4762 144.9402  29.2127 167.6881 182.6382  68.9509 133.7052 139.4764  73.6014 167.7621 148.3849 105.4258  45.7983  71.9441  87.3579 133.1718 123.6793 179.8785  83.2244 132.5864 186.7052 158.0207  91.5368  28.0609  88.9827  92.8357  65.0559
 43.4431  74.1320 111.6145 133.1964 155.9106 105.3177 111.7001 105.2925  94.6665  33.4403 125.1047  29.6060 125.2403  98.1451  63.5298   2.8174 170.6819 111.9189  94.0553  60.1688 111.4047 195.4493  43.7533 151.3029 121.0067 124.7379 134.9776 158.3338 179.7649 118.1779  32.5820  90.2518   7.7421  67.0992 146.4037 160.8081 139.5464 189.1808 206.9237  45.5457   4.8466 163.2088  32.8449 149.7708 135.5294 115.5934 127.5234  70.6614 194.9413 175.4617
211.2037 173.3781 184.2534 117.6051  31.3212 135.2463 116.8327 102.7793 128.9849 226.3471 182.9815 212.2942  71.5026 122.9864 165.9747 258.8997  94.9149 155.2979 119.3198 173.4367 196.0432  65.5005 195.1762 193.1181 147.7100 118.5672 166.2748 170.2611  28.3718 136.6587 223.6633 119.5176 249.8025 190.7280  76.6134 118.1268  52.2560  29.7748  71.8220 187.2411 261.9584 171.6236 209.0158 181.8520 153.0852 191.8006 117.4550 149.3334  38.6185  23.9083
 61.6347  69.7885  61.3760  46.1755  62.2384  69.4945  63.4438  11.0286   9.9977  72.2022  68.5885  66.1492  47.2838   8.4043  51.3505  98.1515  77.3215  44.8897  39.0915  37.0385 109.2886 114.8621  52.8247 132.0794  90.4225  37.9390 109.6649 126.7212  85.8177  82.0934  70.6813  22.5000  90.9433  78.0864  78.6353  72.2024  58.4246  97.1773 123.6893  55.0874 100.0957  89.5172  63.1926 126.2479 103.8602  67.7910  40.3947  28.1123 102.6039  81.7271
286.3777 203.6875 281.1506 208.4367 108.8000 147.3564 129.0152 167.9784 201.9149 301.4284 283.5996 277.5050 105.2294 195.5784 209.9202 327.5764 189.0864 246.6023 155.7651 241.8626 202.0237  28.6306 262.5360 176.7933 144.3966 206.2908 154.2151 145.0292 105.3461 136.5617 297.4150 170.1103 319.6440 223.5630  64.0680 215.6109  82.5978  87.7174  52.0932 242.3406 331.1994 278.2133 275.3745 163.8206 139.2092 291.1831 206.0805 206.3670  93.2497 102.7534
221.2443 138.0449 232.5569 175.5767  98.0809  86.6144  70.5183 123.9898 154.0828 233.4905 238.4634 209.6933  62.5520 149.1790 146.1741 253.0630 174.7757 202.1215  99.3228 182.0556 138.6770  72.5817 198.2203 125.9846  85.7562 170.2952  99.5309 100.9904 112.3483  77.4349 229.6077 116.7980 246.6797 155.8809  12.9465 192.6572  50.5041 105.7041  93.6251 176.8004 256.3162 245.5142 208.3613 113.8707  85.3566 242.3585 171.2130 148.2130 113.4849 107.3588
189.1301 111.5843 205.5801 161.0187  99.0436  68.0348  57.8962 114.9126 139.0603 198.1990 211.4765 176.9686  64.3992 135.3945 122.7245 210.5539 162.4417 180.8556  87.3827 157.8034 103.0883  69.8812 169.2762  87.2812  60.3947 155.9862  67.4707  65.8165 110.7493  56.0399 194.8299 104.7393 206.1769 125.4932  22.9661 176.6636  57.8719 104.2832  87.4526 149.0786 213.1947 219.7180 176.3979  77.2845  56.0203 213.8488 156.9835 129.1535 110.3877 106.7377
 73.1146  59.6896  64.1675  41.8360  13.1597  46.5447  40.4299  37.0129  45.7934  78.1326  63.6608  73.3312  25.8920  43.7963  57.5849  88.8052  33.4487  54.5292  41.9455  60.5082  66.4121  19.5001  67.6980  64.5832  50.1630  42.2484  55.9601  56.7072   9.8364  46.6172  77.2257  42.3342  85.8177  65.4865  26.0498  41.5177  19.2004   8.0860  21.2493  64.8578  89.8264  59.4314  72.2651  60.8236  51.5493  66.6622  41.8524  52.3432  10.9656   8.9095
 51.2675  24.4716  74.8719  65.7952  62.7225  27.2802  26.9164  31.6938  36.6546  56.2514  82.0631  44.2579  34.1649  36.7153  15.4844  65.9709  85.9629  64.0463   9.3591  34.3502  54.9646  88.2206  39.4395  75.8042  43.9575  59.6619  58.7602  74.3753  80.5837  38.4427  54.2841  13.7007  62.3916  32.0750  50.7498  84.8387  45.2408  85.9764  97.1900  28.5699  67.5626 100.0495  43.6751  71.9684  55.5590  79.8452  61.4525  17.7993  90.5553  77.1404
153.1969 181.9296  85.9764  13.2076  78.1421 170.4308 155.8282  69.7447  70.4009 170.9819  80.6176 170.5428 109.7729  66.2654 155.0831 219.1615  50.7179  58.9365 127.0034 122.5492 237.1765 177.8165 147.9344 261.6887 199.2455  22.7921 227.5272 246.9270 101.9331 185.5657 169.9621 105.6613 206.6630 195.9834 153.7840  36.9982 113.0791 125.4066 184.2562 159.2632 221.9325  76.0786 165.0141 251.2000 216.1050  92.1574  18.8351 118.6001 131.0717  98.2497
194.7031 102.7953 236.0017 207.2370 161.7217  77.8812  84.0256 156.0388 173.3160 198.1381 245.2491 174.7162 117.8824 171.6206 126.8759 193.1631 218.4059 216.2514 114.4738 173.1249  56.0322 132.7468 175.3665   8.2815  51.5782 200.2422  28.2432  15.6633 175.6660  61.2256 194.7273 135.1196 193.1718 108.3910  90.8696 227.8700 120.2628 170.1114 147.8349 150.1079 195.1579 263.1322 176.3039   7.5187  34.6037 243.8785 202.0271 148.2731 175.5761 171.7288
 71.5988  33.6469  86.1743  68.6273  49.4084  14.1795   5.5840  38.0714  49.0188  76.3844  91.0672  64.9857  18.9506  47.7093  36.0501  83.9522  79.1195  73.9444  16.6583  55.0454  45.3961  60.5407  60.7446  54.7144  25.4162  64.2579  38.6562  49.7263  63.2607  19.0622  74.5561  27.5465  81.2017  41.9683  23.9094  82.3829  26.1723  65.2467  69.4966  50.0025  85.4077 101.7265  64.6042  50.1006  33.7362  90.8082  65.3843  39.4114  69.4166  60.2119
 72.3834  22.5938 103.9714  96.9805  85.4521  26.8205  34.9618  67.3218  72.3795  72.7386 110.7623  59.6777  57.2420  72.4983  37.6244  67.0121 111.3272  95.6202  42.6169  64.2215   8.8978  88.9663  62.2957  35.6917  24.3150  91.9173  27.3708  42.3892  98.1615  27.1720  70.8924  52.3488  67.5505  22.2185  55.7757 112.3416  63.8383  99.2083  97.7543  47.7674  68.0353 126.7135  61.0575  35.3481  30.2176 108.1378  93.3747  53.3454 102.9455  95.3863
143.4523  54.0331 184.0214 153.3859 119.3770  13.2410   9.0722  87.7500 107.1883 151.8171 195.6865 126.3767  55.8959 105.3626  64.5678 162.9566 179.1661 160.1437  34.9168 111.5156  78.8442 140.9312 120.1503 105.3111  42.8271 143.4419  71.6981  99.1727 148.7129  30.4813 147.8555  60.2118 158.2147  71.0182  63.8080 184.2124  71.7713 152.9223 159.8934  94.6773 165.9255 221.9663 126.2887  96.7162  63.5763 193.6886 146.1219  79.3676 161.5710 142.3515
 90.4973  40.5925 109.2686  89.7937  64.2515  15.3138  12.8075  57.4384  69.2447  94.7527 114.5739  81.3389  33.5673  67.8763  49.1434  99.3462  98.6802  96.1360  33.1164  73.7889  39.3828  63.6099  78.4020  43.0968  14.1462  85.3373  26.2462  37.0469  76.6170   8.8156  92.6849  45.7014  97.2887  48.4984  24.6177 103.5319  37.5059  76.3360  73.8144  64.8625 100.8533 125.3883  81.4118  37.8759  20.3000 114.2638  86.4639  57.0281  80.5439  73.6045
 85.7046  64.6760  79.9071  52.7870  17.4116  47.2363  39.0598  38.8276  51.3524  92.0197  80.7708  84.6792  19.9431  48.8365  62.4381 104.8963  49.1622  66.9382  41.4391  68.8001  74.2928  30.6571  77.7515  74.1567  52.9310  51.7903  61.6630  64.6527  24.8750  47.9185  90.6897  43.1883 101.1739  72.4105  22.2476  57.3178  10.7022  25.7027  36.4610  72.7578 106.2634  80.0559  83.4466  69.1792  55.8464  83.6352  51.7517  56.8457  29.5702  22.3564
104.4021 103.3169 227.2931 252.6762 277.5396 162.9813 178.0172 189.7279 177.7941  91.8100 251.4039  66.5954 213.0535 183.0480  96.1773  47.7041 316.6234 221.2418 153.9912 118.9324 163.0253 337.0890  92.0534 237.0836 187.1216 236.7692 209.6882 252.4880 320.7018 184.1654  88.2681 155.0189  54.8575  86.6211 244.2056 303.2133 239.0086 334.9541 359.3076  74.2353  49.8169 316.7452  73.9112 235.3101 212.4185 236.0665 241.8637 124.3404 345.7186 312.6272
143.3911  76.1128 162.8601 129.7679  84.8634  39.8221  32.3660  87.2983 106.2589 150.3549 169.0105 132.0321  47.4249 103.6535  86.4079 159.1570 136.5205 142.9765  59.0573 118.1145  71.2778  73.3921 126.4968  65.6664  34.8769 124.5205  45.1602  51.3825  98.9420  30.0832 147.4815  75.1537 155.7861  87.6276  21.3354 146.0548  47.2652  96.2008  88.0473 108.6223 161.3404 179.9149 131.7873  57.4223  35.3638 169.8933 125.7218  94.0615 101.8442  95.0429
203.3616 203.3616 203.3616 203.3616 203.3616 203.3616 203.3616 203.3616 203.3616 203.3616 203.3616 203.3616 203.3616 203.3616 203.3616 203.3616 203.3616 203.3616 203.3616 203.3616 203.3616 203.3616 203.3616 203.3616 203.3616 203.3616 203.3616 203.3616 203.3616 203.3616 203.3616 203.3616 203.3616 203.3616 203.3616 203.3616 203.3616 203.3616 203.3616 203.3616 203.3616 203.3616 203.3616 203.3616 203.3616 203.3616 203.3616 203.3616 203.3616 203.3616


5.4243 2.0013 4.2922 5.1460 5.1770
5.3071 3.4266 1.4927 2.0323 5.1770
3.9633 1.7144 5.5666 6.6443 5.1770
2.0138 1.8665 4.7389 5.8370 5.1770
0.9931 3.3340 3.7101 4.6465 5.1770
4.5711 3.7011 0.1765 1.2464 5.1770
4.0846 3.5166 0.5452 1.5946 5.1770
2.5659 1.3675 2.9154 4.0187 5.1770
3.0354 0.5718 3.4403 4.5311 5.1770
5.8889 2.4764 4.4862 5.2707 5.1770
3.7990 2.1186 5.9014 6.9933 5.1770
5.7005 2.4869 3.7413 4.4781 5.1770
2.6709 2.9293 1.9592 2.9552 5.1770
2.8756 0.7252 3.3952 4.4920 5.1770
4.8225 2.5291 2.0180 2.8333 5.1770
7.0339 3.7677 4.6579 5.1823 5.1770
1.0367 3.4588 5.4251 6.4526 5.1770
3.2193 1.2047 4.9154 6.0095 5.1770
3.7090 2.4470 1.4232 2.5140 5.1770
4.4611 1.2159 3.4618 4.4195 5.1770
6.3820 5.2252 1.7523 0.9794 5.1770
3.3781 5.6933 4.0320 4.4257 5.1770
5.1354 1.8754 3.6352 4.4865 5.1770
6.6297 6.3247 2.4634 1.4091 5.1770
5.1460 4.5935 0.7301 0.4589 5.1770
2.1835 1.5153 4.4631 5.5651 5.1770
5.7923 5.3971 1.5336 0.5558 5.1770
6.0803 6.1599 2.3506 1.5247 5.1770
1.1247 4.2708 4.4784 5.3154 5.1770
4.7957 4.2630 0.4295 0.8138 5.1770
5.8395 2.4448 4.3731 5.1546 5.1770
3.3972 1.7470 2.1283 3.2159 5.1770
6.7296 3.4289 4.5604 5.1539 5.1770
5.7570 3.6764 1.9164 2.2785 5.1770
3.4253 4.2363 1.8954 2.4736 5.1770
1.7127 3.0179 5.5857 6.6579 5.1770
2.4167 3.3771 2.3338 3.2183 5.1770
1.7635 4.8035 4.5439 5.2800 5.1770
3.4418 6.0339 4.5729 4.9752 5.1770
5.1906 2.3462 2.8600 3.6302 5.1770
7.1146 3.8404 4.7377 5.2546 5.1770
3.2133 3.3341 6.6443 7.7442 5.1770
5.5747 2.3321 3.7579 4.5267 5.1770
6.3236 6.0990 2.2365 1.2363 5.1770
5.4416 5.1827 1.3413 0.6368 5.1770
4.1278 1.9813 5.8351 6.9123 5.1770
2.1086 1.6310 4.5376 5.6383 5.1770
4.0523 1.4830 2.5879 3.5880 5.1770
1.8829 5.0148 4.7790 5.5001 5.1770
1.0755 4.1148 4.3064 5.1551 5.1770