100 25 5


27 23 25 15 19 32 29 8 16 16 12 12 23 22 33 10 33 34 34 28 9 12 28 8 28 15 25 19 6 27 15 8 30 28 8 9 11 21 15 24 26 14 16 25 20 28 6 6 14 20 33 28 30 17 21 33 22 31 20 28 30 11 8 30 34 24 27 18 20 11 15 34 25 18 31 6 24 26 9 28 23 12 30 15 5 31 14 29 16 6 24 23 18 31 11 25 32 34 8 26
1029 1261 608 613 1085 896 616 895 1002 1229 884 984 613 1040 1375 485 1188 1135 403 458 912 1034 1280 686 1112
4248 3184 2030 1624 2552

 70.8332 120.2446  73.2303 123.4045 147.3846 123.4706 166.1744 119.8374 124.4946  55.4138 119.6377 126.4482 153.8699 215.6840 170.8964 189.4994 139.6380  91.2604  30.2834 181.4838  38.4169 107.8575  53.5697 185.6322 186.6333
 96.0687  36.7115  87.5125  63.1324  74.0046 159.1660  12.4498  99.6540  38.6899 183.7238  37.2074 154.1995  53.8441 200.9406  52.3618 225.9397  42.0900  74.0604 156.9608  43.5739 157.9350  96.4915 183.1420 125.9487  71.6246
 92.4838  38.9487  94.3653  76.0053  63.5384 157.5367  10.8541 115.4093  45.9619 193.9402  32.9555 151.8883  41.8405 201.5099  42.0595 229.5879  55.7248  68.0266 161.8690  36.2500 162.0976  89.4025 191.2959 120.2924  63.7270
 40.5735  61.7878  33.2723  61.1474  82.0423  75.1621  88.3794  57.9777  63.3606  34.2979  62.5304  76.4220  84.2131 125.8060  93.3532 113.1693  71.0014  49.8815  25.5000  98.4350  30.0843  62.0387  36.5289 105.8189 102.9250
 65.3600 120.8143 103.1560 135.5041 106.7404  44.1393 143.2490 140.6797 127.5674  71.0023 114.7954  49.5565 119.5718 106.4271 131.8293  75.4494 141.4601  83.5451  41.4152 143.4122  34.0996  73.4927  52.4324 111.8840 136.2174
137.9334  51.8212 121.2036  84.0376 110.0972 227.3658  24.0873 134.6474  52.2816 256.7940  55.1311 220.6098  82.1752 286.6366  80.0390 320.5667  53.9777 107.6918 220.9664  67.2122 222.7009 140.2535 256.8914 182.5159 106.6849
 27.7341 109.8001  89.7825 134.5066 107.0489  85.3453 147.1786 149.5515 120.1237 111.1835 101.3761  85.8562 119.6825 179.7649 138.7528 166.9604 141.5871  56.1253  60.5211 153.7068  56.8430  60.0356  96.8027 142.1917 151.5799
 57.5489  78.2904  79.5870  89.4649  57.5125  31.7967  79.8957  96.0584  82.2607  73.9649  73.8416  32.0537  64.9652  16.5737  68.1316  13.8032  88.5819  61.5537  61.0490  73.7453  57.9351  50.5401  65.9892  43.6199  65.0873
 27.9886  29.6635  49.0543  55.2158  26.1040  69.7859  39.0797  75.4551  37.8697  98.9981  20.3427  66.6617  25.1856 105.1559  35.0907 116.8217  50.2329  12.5679  74.9178  41.9362  74.0802  26.6259  94.5991  61.3633  45.3481
 86.6536  88.7471 116.8255 115.8224  42.4202  90.1522  69.8812 139.6741  95.9138 159.9021  79.7161  84.8400  46.4276  84.1743  42.4944 121.5263 104.6309  77.1100 131.5925  48.8000 128.4014  65.5455 151.3603  31.5496  28.6378
 51.5314  17.3170  42.1284  26.8870  44.3800  86.4781  13.6968  45.7702  16.1127  93.7797  20.3024  84.1221  34.3445 110.3019  34.2740 121.7212  15.4502  40.6035  81.2732  29.9361  82.1874  54.0147  94.3814  71.9837  44.4540
 42.5027  76.8302  74.2466  91.0822  55.5568   5.5056  85.1480  99.0262  82.2715  68.0607  71.1555   9.4068  65.7639  42.8885  72.6723  32.1636  91.7317  51.0275  46.8948  80.8908  42.3612  37.5447  56.9792  50.2905  72.5809
 70.9124  29.4130  77.5919  67.6548  50.1484 131.8703  24.1325 102.6545  39.0228 165.7515  19.2885 126.9185  33.1711 175.8022  38.9251 198.7205  52.4128  48.4028 135.2433  39.4991 135.2439  69.1964 162.5695 103.9157  58.8818
 60.8987 114.3063  82.2376 122.4687 122.1174  82.9175 148.1896 122.4327 119.5685  46.5403 111.2012  86.6811 131.2523 158.8286 145.6535 131.4954 133.5516  81.3836   5.4336 156.2917   6.0048  85.6329  32.5756 144.9887 155.8906
123.2969  72.2127 142.4630 124.5364  65.2307 197.7430  28.9499 176.0172  83.9997 265.9943  58.7845 189.4010  34.5871 246.7529  30.2108 290.2284  98.8090  91.2478 219.3118  25.5319 218.1280 109.2345 259.4113 136.5072  58.6704
 36.5558  62.5531  48.2902  66.6191  63.0020  37.4318  77.3010  66.1529  65.1292  22.1436  60.7872  39.8761  68.1385  71.1208  74.7246  54.4229  71.6006  46.2615  10.5622  80.0086   8.5024  45.6747  12.2495  70.2542  78.6031
144.9512 242.5302 223.2425 275.5360 195.2220  59.8839 272.0809 290.2695 256.2052 173.9479 228.9430  70.7356 222.0939 144.5328 241.8720  78.9280 281.6060 172.9203 124.1081 263.9938 111.3353 142.2334 140.8141 182.7703 243.3228
145.6951 245.7570 215.3239 273.1705 212.9999  85.1087 283.5629 282.2193 258.2499 146.2870 234.2227  96.2098 237.9449 184.1033 259.4316 114.2992 283.3620 177.5194 100.7192 281.0178  88.2488 154.7011 111.7132 212.2660 264.8321
 97.9678 167.6200 109.9384 173.1004 194.6977 150.4207 224.1423 167.9655 173.6242  59.1346 165.7653 155.3268 205.1158 267.5385 226.9268 228.4256 193.1897 126.3616  21.8977 241.3631  33.9404 141.9010  50.8650 237.7660 245.3672
 85.2902  72.2997  10.3600  56.5052 141.5205 172.9596 125.0723  53.8744  69.4592 117.7163  81.2680 172.3602 135.5616 259.0885 149.1541 252.2394  78.2849  84.6026 104.5840 152.7797 111.3893 121.7330 126.5600 199.6873 171.3829
 22.9232  33.5241  16.2360  32.9715  47.0931  45.9124  49.6626  31.5768  34.3448  24.1529  34.1974  46.4334  47.9024  75.8345  53.2664  69.5537  38.8626  27.6159  18.4993  56.0728  20.9723  35.9460  25.6437  62.2808  59.2545
 74.7111 107.4161 107.1554 123.1352  79.2528  35.4884 112.0706 131.9351 113.1928  96.4579 101.0900  36.6721  90.3785  28.3680  95.9304   7.7778 122.7114  81.8221  77.3502 104.4298  72.6718  66.0872  84.4664  62.3262  92.7156
115.1808 197.7532 173.8166 221.0128 169.9277  64.9600 228.3870 229.2778 208.1937 120.9665 188.0470  74.0493 190.5434 148.1179 208.2125  93.2770 228.9929 141.2202  81.4843 226.0306  70.9837 121.9772  92.6563 169.5027 212.5901
 27.9969  51.2668  48.5939  60.2773  38.3914   5.8241  57.5027  65.0857  54.7883  42.9385  47.6640   8.4815  45.0045  31.1389  49.7369  22.2321  61.0551  34.1341  29.0269  55.1425  25.9675  25.8315  35.4577  35.8733  50.0041
123.3593  77.0997  47.0083  34.1852 163.3869 213.9350 123.8056  12.7700  66.3931 154.9739  92.4831 212.4405 150.7339 295.5693 160.2337 294.7464  61.2304 115.0868 148.4264 158.2617 155.6651 154.9395 167.7490 226.6515 184.3950
 80.2039 110.6626  81.7109 109.1172 122.4891  89.6861 136.4153 100.8403 112.4680  16.0528 110.5675  93.3411 127.9712 139.8766 137.6752 111.3895 119.8777  93.3605  35.8764 144.2411  38.9082  97.7877  17.2663 137.4786 145.3111
118.5794 147.1617 179.0758 189.4693  66.7706 100.0331 131.7517 222.5562 159.7915 225.8520 131.7697  91.7912  85.4711  85.6771  88.5865 142.8253 176.9027 111.9255 179.5668 104.2071 172.9691  82.3901 208.9625   9.2635  72.8822
 35.1505  55.5873  75.4731  85.9978  19.0948  67.3761  59.8150 109.1733  65.3716 122.8301  44.2259  62.8176  30.1376 104.5742  42.2988 121.7335  79.8927  24.7263  90.6945  54.2166  88.0461  16.4731 114.4715  53.7569  48.4273
 24.7497  33.1828  20.6495  31.2952  41.6237  35.4468  44.0827  27.6147  33.4447   6.3103  33.7943  36.3496  42.6604  56.1346  46.3282  48.4750  35.9444  28.8725  11.7473  48.3393  14.0787  33.0842  10.6337  50.3731  50.1133
126.0648 197.7554 158.6546 208.3996 194.7387 112.5421 236.8811 205.3642 204.7836  71.0675 192.6932 120.3985 210.1044 198.0030 227.8624 142.0621 222.2115 152.4991  56.3990 242.7841  51.8850 147.3728  44.6766 208.2150 236.9831
 54.8297  36.8051  67.5183  61.3590  24.4390  85.8495  19.1343  84.4728  42.7542 121.2945  29.6939  81.8975  10.4882 106.5204   8.0903 127.2818  50.2186  40.6478  99.1040  10.4463  98.2170  46.2550 117.5519  56.1138  21.2349
 31.7031  31.6898  45.5078  45.3232   8.9418  39.3954  24.0865  57.0499  35.4107  68.6417  27.0596  36.9014  10.4971  44.6716  10.0485  58.9713  40.1512  26.1326  55.0462  14.9760  53.7974  22.3914  65.0471  16.7567   5.6461
 32.7330  63.2602  82.7315 105.2081  61.9491 118.7371  91.5565 137.8721  77.5493 166.3553  48.9653 114.0134  66.0007 193.9423  85.1244 207.7987 101.3454   3.6125 120.4850  98.6165 118.8913  42.6823 157.4611 121.2316 102.7074
 61.4477  79.4732  28.5902  80.0163 129.1529 145.0005 130.2250  83.4569  81.9616 100.0733  82.4247 145.0200 128.6127 233.7356 144.4933 223.2085  96.6227  68.7005  77.6767 151.8710  83.4273 100.8474 103.5716 181.7416 164.4230
 30.7493  17.2765   9.9252   6.7901  41.6668  56.7989  31.1826   8.6733  14.5470  43.5615  21.5201  56.2620  38.1613  79.6723  41.0197  80.0921  14.3128  27.9859  40.0392  40.7073  41.8550  39.4133  46.4056  59.7354  47.8780
 29.0036  55.6553  49.3282  63.8779  46.3685  15.1510  65.0925  67.5551  59.1626  38.4922  52.3440  17.7279  52.8944  44.9716  58.5944  32.2458  65.9644  37.1988  23.3393  64.2923  19.8370  30.8662  29.9722  47.5399  60.1688
 53.2684  74.5480  53.1182  73.2013  84.4768  63.3639  93.6265  67.2910  75.7690   5.1559  74.6511  65.7922  88.0759 100.7942  95.1353  81.8509  81.1238  62.5992  21.5086  99.7426  24.4359  66.7845   9.2505  96.6806 101.0241
 82.4166 139.2142 140.1070 166.8241  93.8531  15.2882 149.2286 183.3484 149.2793 136.0826 128.2978  15.4546 112.7896  57.9604 123.7905  51.3488 165.9368  94.3657  98.4849 138.5421  90.7008  67.2643 116.9496  76.2844 121.1584
 33.2151  76.7122  73.0255  93.9026  56.1235  16.9347  89.3018 104.0001  83.3111  74.0195  70.0563  17.6580  67.4208  67.1600  76.7615  60.1881  95.0712  44.6368  46.0752  86.4825  41.1626  30.7182  62.0922  59.8222  79.0227
 54.7479  28.4428  68.0221  68.6828  49.4499 121.9960  44.5884 101.8234  40.8092 154.4649  13.7283 117.4309  39.4981 174.3314  51.1493 192.6865  58.7549  31.4730 121.7366  56.8278 121.6336  57.4448 150.4256 105.1608  70.0327
138.5400 200.3136 211.1767 238.8405 129.5398  64.0308 202.5332 263.7836 213.4891 214.5039 185.3018  60.6073 153.7163  25.7453 163.7705  64.8422 233.8169 147.7168 167.7957 182.0063 158.2358 110.7643 190.7119  85.4894 154.1169
 53.6680  65.7213  84.9371  89.4937  20.6679  55.2042  57.5168 108.4082  72.7596 116.5625  57.1222  50.6175  31.2454  60.7348  33.9494  86.6610  82.2771  47.8140  91.3252  43.2926  88.2789  34.0304 108.4531  12.6961  27.2112
 47.5114  64.0130  83.6985  90.7326  14.3403  56.2932  59.3762 111.4271  72.2189 119.9281  54.1434  51.3722  29.0765  74.0178  35.6628  97.0509  83.7387  40.9603  91.4394  46.9937  88.2575  25.4646 111.2000  25.3856  33.1972
132.4122 205.0396 195.4906 233.1128 159.3208  55.4848 222.6428 246.7647 216.1302 161.0856 193.5124  61.9138 181.2722  90.7359 195.0775  30.2014 235.7329 151.3890 123.7237 212.4625 114.0291 123.5175 135.8165 138.5370 192.9355
 75.6122 121.7174 131.3153 151.4444  69.4493  31.7874 124.8969 171.3300 131.8414 144.2111 110.2225  25.7783  88.0672  48.6037  97.0629  69.3155 147.4924  81.3978 107.0007 111.2275 100.3554  52.8685 127.7761  46.3249  92.1954
 84.0732  40.3287  97.1967  87.4497  55.2310 156.0593  32.2110 129.6476  52.6258 201.9621  26.3884 149.8667  34.8113 208.3721  42.9643 237.1150  69.4654  56.5690 163.6623  45.6632 163.2832  79.7268 197.2649 120.6826  66.9786
  3.9180  15.4967  12.8536  20.8784  19.1333  23.2952  23.9701  25.1068  17.5811  26.2620  14.0391  22.9216  20.2251  41.1616  24.0135  40.8470  22.0389   6.3254  17.5222  26.4970  17.5317  12.1534  24.7597  29.5551  27.5662
 32.4068  43.1170  48.5542  52.8909  24.5402  20.7923  41.1133  59.9625  46.2121  54.7780  39.4405  19.1573  29.7222  10.1501  31.1220  25.7631  50.6378  32.6232  43.5893  35.0813  41.6317  24.2686  49.8888  11.3198  27.8051
 30.7761  53.1648  29.4213  55.2800  69.6459  64.4517  77.2173  55.1611  55.3475  37.2411  53.0617  65.3571  72.0434 111.2341  80.6945 101.1425  63.3130  39.8016  23.6007  85.7683  26.7854  50.8098  36.9772  91.6863  89.3684
117.4545 157.6103 172.5399 189.4330  97.2825  69.5408 153.1128 211.6242 167.9272 185.4182 145.4928  65.2583 115.0396  16.8012 120.3756  73.4392 183.0079 120.5436 148.6155 133.7691 141.6278  92.0369 167.9930  54.8296 109.8386
158.3147 249.2433 205.2263 265.4212 238.1663 129.2341 294.5821 264.2328 258.7208 104.0861 241.7972 139.3683 258.6009 229.8184 280.1861 157.9353 280.8422 190.7280  80.8904 299.2620  73.2942 180.1223  71.5012 249.2983 289.6900
 31.2096 112.3871  94.2453 137.2414 104.3352  75.2471 146.9082 151.9389 122.6962 108.8264 103.6034  76.0781 118.0478 167.3060 136.4896 153.6652 143.6157  58.6491  58.3617 151.5793  53.4631  57.2934  93.1058 134.6331 147.7599
141.0912  62.7753 127.9496  91.5079 107.1785 221.8485  22.7150 138.5419  63.2210 254.8964  64.4693 215.1075  79.8023 272.7305  74.1734 308.3235  62.7179 112.2401 220.5939  58.7640 221.9294 140.0704 254.5938 172.7088  97.4460
 63.2459  26.0061  63.7844  50.9016  44.1437 107.8203   7.1663  77.7294  30.5669 131.8303  22.3115 104.0068  29.4292 137.9489  29.5673 156.8786  37.0030  46.6432 110.2126  25.4416 110.4267  61.4810 130.1627  82.7776  44.2849
 94.9258 156.1961 135.1281 171.6411 138.6345  60.8848 180.8133 175.6835 163.5560  86.3450 149.5790  67.7184 153.6295 121.4695 167.0176  75.9994 178.7860 114.9468  61.3200 180.1494  54.0973 102.3219  64.9172 139.3104 170.8467
 89.8000  32.0117  41.8007  44.1769 125.6499 197.2740  94.2120  82.0453  31.5595 182.8167  44.7451 193.7269 112.5276 285.6424 126.1006 294.9499  51.2362  71.9521 152.7016 128.0438 157.0855 119.2013 186.3504 200.2385 153.6482
123.6881 114.3361 157.2920 150.2832  61.0903 139.7173  82.6465 184.3176 123.0841 225.2853 103.1903 132.5366  58.9961 137.8419  49.0368 187.0352 132.9969 107.4627 188.0048  52.8774 184.5049  97.9148 215.5021  63.2047  30.7654
 24.4978  68.5268  77.5991 107.0035  75.6991 120.7346 104.0021 137.1483  82.0868 159.6015  56.3569 116.8104  80.5147 203.9746 100.1952 212.8364 106.4835   8.6855 112.8170 113.6766 111.6366  48.2844 150.8299 134.1441 118.4529
126.5651 114.5328 155.0289 146.2525  69.7453 140.9977  83.0154 177.6181 121.8550 218.8999 105.0891 134.4329  66.2873 135.4064  55.9114 182.4335 129.6302 111.3370 185.2502  56.5024 182.1509 103.4974 210.2617  69.7711  40.7185
 57.0335  46.4648  26.0460  58.2407 105.5715 148.4214  97.1568  78.9923  50.5196 132.8868  49.7621 146.3447 100.4088 228.8643 114.8922 230.4548  68.0867  49.8526 105.0388 120.4485 108.6458  88.7900 134.2331 164.4937 136.3689
 54.1681  61.6878  29.7847  73.5612 115.9181 150.8594 114.7213  90.8029  66.7336 130.7577  63.2260 149.2665 113.3158 240.0889 129.9031 237.9308  85.5132  52.8136  99.8856 137.4265 103.8000  92.0179 131.3767 176.0185 151.8190
 46.2048  20.8005  45.3758  35.0405  32.0682  74.5610   1.1000  52.5224  22.7317  90.2382  19.4025  72.0064  22.0453  92.7741  20.4106 106.0702  25.1871  35.4530  76.5176  15.7150  76.7012  44.6185  89.3604  56.2367  29.3791
 26.6995  22.3446  37.0624  35.9342   7.5493  40.8013  15.6330  47.8019  26.0030  63.1633  17.8402  38.6001   1.2924  51.1921   4.3267  62.5220  30.7376  19.7658  50.5378   9.6013  49.7639  20.3351  60.5052  24.5177   8.9889
 64.4490  57.7529  20.4463  63.6771 121.5863 161.4493 112.8100  80.4006  60.5287 134.7200  62.3805 159.7694 116.7035 250.0107 132.3391 248.5713  77.5881  60.4200 107.4708 138.2870 112.1125 101.0448 137.4805 183.6745 155.2464
138.4431  92.8617 164.6741 146.5321  65.3526 206.4707  42.9976 199.7259 104.9251 288.8225  78.4840 197.2402  35.0217 248.2233  19.0521 298.9932 119.3279 106.2901 238.7906   9.5261 236.7948 117.8526 280.5777 131.6885  44.8620
 51.9122  68.1067  98.1788 107.7760  16.5513  92.7360  68.6857 138.7368  80.4806 162.7343  53.3864  86.6852  29.3704 135.4863  44.6284 160.5017  98.2612  35.8686 122.7114  59.8544 119.5971  29.4184 152.7486  66.5047  52.7411
 66.5214 146.2256 127.0148 170.3612 124.4946  50.2316 176.3086 181.9620 156.5099 106.7754 136.7986  55.4599 142.3310 143.3446 159.7910 114.9227 176.7964  91.8004  57.6170 176.1700  47.7931  77.0915  83.8205 136.5744 166.5454
 66.7548 101.3828 115.3422 129.7998  49.5654  42.1323 100.2033 150.0015 110.6520 136.9761  90.5745  36.2046  66.2627  50.5569  73.2786  78.1202 124.3727  67.9430 103.3272  85.9526  97.9638  42.5181 123.5095  25.7878  67.5863
 98.3911 148.4307 116.2441 153.4188 151.4804  95.0404 179.2135 148.5128 152.8503  42.9031 145.7237 100.6390 161.7576 159.3291 174.9286 118.1623 164.9616 117.6588  41.8593 185.3771  40.8950 116.7275  25.5265 164.3202 182.7008
 47.0491  62.2398  39.0822  58.4332  77.9752  66.4350  82.2886  51.2601  62.6305  11.1100  63.4509  68.1294  79.8380 104.3756  86.5484  90.0137  67.0838  54.5797  22.8379  90.1950  27.0917  62.3273  19.8762  94.0124  93.5170
 46.8625  65.2540  34.7188  62.1436  87.9724  81.1605  92.4464  56.4297  66.1539  31.4489  66.7406  82.5552  89.6556 132.0153  98.6412 118.3813  72.9642  55.6324  28.5903 103.3439  33.7717  68.4008  36.3762 112.2148 108.5181
 92.4825 120.1620  50.4863 113.2037 179.9888 184.7502 182.5471 105.6919 121.6421  99.6757 124.7819 186.2148 180.6402 296.5338 200.1673 275.4281 137.0381 106.2292  83.3694 209.3177  92.9053 141.5581 108.4648 240.7939 223.9963
127.9893 197.2536 164.0025 209.6302 187.4970 102.0677 231.2743 208.5121 204.5006  84.9283 191.4786 109.9548 203.3830 175.6652 219.6930 118.2566 221.2990 152.5307  69.7106 234.3290  64.0752 143.5577  60.8615 194.1089 226.4578
 45.2316  90.1901  65.6450  98.1609  95.0818  63.9671 117.2794  99.4962  94.8238  42.8120  87.2397  66.8210 102.7617 126.0557 114.5639 105.3000 106.5942  62.1886   9.3392 123.4178   7.2471  65.1376  31.5514 113.7379 122.7696
170.6896 198.7448 242.8390 251.6749  99.5641 148.2228 173.0750 294.4971 214.0026 305.2321 179.9117 138.1042 118.7608 115.7114 118.4837 194.6951 233.9572 160.2712 247.9384 135.4384 239.8417 125.9714 284.4937  36.0361  95.0730
 14.9957  31.1392  31.6601  38.9910  19.8644   5.4732  34.6539  43.9468  33.9888  34.3502  28.0944   4.3121  24.9001  22.9222  28.3934  23.1032  38.7472  18.2891  23.1467  32.4780  21.2317  10.8878  29.6384  19.3829  28.5969
101.0289  79.0916  34.9256  50.0704 146.4197 175.5175 122.6804  25.7517  72.6697 109.9643  89.9654 175.2692 138.9623 249.9913 149.1360 242.5535  73.0523  99.5037 109.0765 149.8963 116.1897 132.0046 122.6670 197.8872 169.1140
139.5260 203.1139 159.4565 207.8261 209.0479 135.2705 243.9393 199.4449 208.4144  57.1775 200.1216 142.6739 222.1333 217.8206 239.2493 161.9758 223.6491 164.4140  64.6496 252.6368  64.4218 163.9514  38.9627 225.8897 249.6034
 46.8055  72.9338  63.2177  79.1174  65.5760  31.4152  83.6904  80.2362  75.9986  38.9899  70.2028  34.3943  72.0577  55.3066  77.7852  33.4173  82.4431  55.4296  30.5185  83.4298  27.7367  50.0556  29.9701  65.2013  79.3370
 97.4597 110.6779  48.6266  95.4582 167.8069 172.4073 163.2249  78.9590 109.3137  80.2756 117.0983 173.9762 166.6376 265.2333 182.0002 245.3262 118.4612 107.3072  80.6876 188.0883  90.0038 137.7782  94.0871 219.3551 202.5616
 37.5154  86.2807  98.8224 119.8267  43.0174  57.0150  96.8024 143.6291  97.7435 137.3256  73.6144  51.7955  60.4253 109.6666  74.5615 123.6453 115.8846  39.3327  95.8236  89.6640  91.0396   6.5135 124.0869  63.8394  78.5877
 15.0771  47.1602  36.1487  55.8026  48.5785  37.8898  63.7738  60.6304  51.0216  41.5132  44.2767  38.4856  53.4295  77.7565  61.2957  70.6497  59.6015  26.5186  20.8030  67.2468  19.6771  29.3372  35.8179  63.3038  66.8950
117.6769  37.8535  63.9964  17.4568 134.2114 214.4230  79.3317  65.1131  22.5719 196.2876  56.3649 210.5739 115.6168 289.7051 122.5767 303.5112  13.1488  97.8777 174.0093 117.7170 178.7267 139.5932 202.6715 204.4981 148.8692
 56.7127 100.9428  93.4235 116.5411  79.3331  19.0240 114.0676 124.1265 107.2684  76.6858  94.6253  24.0117  91.4230  63.7279 100.4709  40.8138 118.8822  69.1593  51.9669 110.4791  46.1225  55.0574  62.1243  75.3669 101.4064
 15.1633   1.9660   9.5866   6.7537  17.8354  31.0671  11.1496  14.0008   1.7564  30.9405   4.8386  30.3701  15.1648  43.4369  16.8126  45.9273   5.5700  11.5434  26.0437  16.6857  26.5831  18.4278  31.3198  29.4657  21.1192
 87.3436 178.0072 167.1300 212.2755 133.9117  26.0474 204.2827 231.0817 191.4387 154.0048 164.4958  32.9593 158.1489 132.9062 177.1544 107.2712 215.6408 111.9117  97.8275 197.5622  86.4989  82.6090 126.8006 133.9333 180.4746
 84.6194  86.6433 111.4287 110.2478  46.2545  84.8026  69.2458 131.2518  92.8200 148.4404  78.8231  80.1431  49.7000  74.3484  45.7809 109.5069 100.2010  76.5698 123.4379  50.5010 120.4818  65.7875 140.6359  32.3509  33.5244
166.6065 222.8506 246.0015 269.3757 134.5506 100.9321 215.2482 302.2163 237.8177 268.2293 205.2047  94.1607 160.0763  31.9474 167.4634 112.2753 259.5356 170.0266 214.5853 186.7764 204.6426 128.9105 243.4360  72.1255 151.8720
 47.5566  94.7201  82.2110 108.4930  81.1168  30.5403 112.6045 114.4621 100.7259  63.2585  89.2135  34.6259  92.0740  84.7005 102.3581  63.3117 112.6710  62.5608  35.7384 112.2076  29.5394  53.1648  48.4853  85.8872 105.9153
 17.6070  34.0864  34.1004  41.7687  22.6585   2.4782  37.6567  46.4468  36.9103  34.7620  31.0791   1.5852  27.7927  21.3338  31.2208  20.1286  41.6658  21.2075  23.6838  35.3405  21.6071  13.9037  29.7041  20.7996  31.1952
123.5420 185.1960 190.1444 218.7696 125.2354  48.5779 191.5839 239.3536 197.0790 184.6361 171.9447  47.7045 147.5737  39.1722 158.2494  44.3383 216.0533 134.9530 142.5998 175.2370 133.5250 101.9526 162.0016  91.0862 151.4463
 59.5562  54.0192   6.3281  48.7736 106.4739 132.1660  97.1420  53.2116  53.7246  96.3766  59.5807 131.4757 102.5552 202.3239 114.2788 197.8160  63.7868  59.0970  80.9054 118.2157  85.7181  89.3836 101.2470 153.6348 132.0833
 63.3633  66.4795  26.2640  54.8507 106.3696 114.0902 100.3935  43.7959  64.9381  58.5999  71.4017 114.7675 104.5620 172.9039 114.0383 162.0545  70.0598  67.8953  57.9164 117.3050  63.6531  88.9153  67.3895 140.9474 127.6946
132.1797 216.0549 217.1563 256.8570 147.7061  32.1116 230.2029 281.0324 230.9383 207.5125 199.8719  33.3909 175.8859  79.4598 191.7547  65.7996 255.5282 149.8891 152.8284 213.6010 141.1535 109.6620 178.6571 117.8102 186.9670
 27.9504  46.9812  27.6319  48.0745  58.9717  51.0340  65.8573  46.7360  48.6245  24.1712  46.8823  52.1044  61.3143  88.4129  68.1943  78.4985  54.7287  35.8529  14.4368  72.3597  17.5869  43.3077  23.9472  75.1824  74.7782
  9.7500  68.7773  60.2080  93.0712  76.6245  90.5539 101.7503 111.2570  78.0965 110.8659  61.4746  88.9002  82.9311 164.9138  99.0117 163.8599  97.0055  25.1508  72.3749 110.2474  71.5319  45.0000 103.0828 117.9038 112.8043
181.5977 162.6671 226.7735 214.1240  90.9667 209.6156 114.2490 264.0272 174.8137 329.2439 147.1558 199.2562  84.5975 209.8654  68.3123 280.2312 188.2296 156.8255 275.8617  71.1617 271.1731 145.7856 315.9050 100.4820  43.7008
195.6758 256.5070 287.3941 311.9883 150.8075 126.3616 244.2623 352.1095 274.0408 320.5616 235.6534 117.5992 179.8475  51.7202 187.1520 146.1454 299.0431 197.1795 257.2938 209.2945 246.0007 149.7718 292.3561  74.5430 167.4741
 10.9950  17.3423  24.6288  29.4472  13.5399  31.7174  22.8940  38.8220  21.3534  47.2221  12.9797  30.2364  14.7732  50.3388  19.9431  55.3240  27.6463   3.9102  34.7259  23.8086  34.1491  10.4166  44.6458  29.8310  24.4330
150.3191 150.3191 150.3191 150.3191 150.3191 150.3191 150.3191 150.3191 150.3191 150.3191 150.3191 150.3191 150.3191 150.3191 150.3191 150.3191 150.3191 150.3191 150.3191 150.3191 150.3191 150.3191 150.3191 150.3191 150.3191


3.8012 2.1103 1.6724 3.6325 4.5928
5.6354 4.2000 2.7156 3.5907 4.5928
4.3879 3.3579 1.3964 4.9399 4.5928
5.7832 4.6723 2.7854 4.8569 4.5928
5.8136 4.0045 3.7140 1.5094 4.5928
3.7414 2.1370 3.5860 4.0977 4.5928
6.8111 5.2063 4.0272 2.7103 4.5928
5.5615 4.8132 2.7708 5.9804 4.5928
5.7905 4.4352 2.8167 3.9234 4.5928
1.5181 2.2206 2.0996 7.0905 4.5928
5.5474 4.0128 2.7333 3.1725 4.5928
3.9496 2.2971 3.6252 3.8536 4.5928
6.1860 4.4241 3.8092 1.6131 4.5928
6.1572 4.7101 6.0717 4.1777 4.5928
6.6796 4.9173 4.2647 1.4176 4.5928
4.6068 3.7010 5.5778 5.7549 4.5928
6.2333 4.9602 3.2297 4.3294 4.5928
4.5181 2.8470 2.0987 3.1307 4.5928
1.6401 0.9132 1.4451 5.7953 4.5928
7.0639 5.3347 4.5185 1.7364 4.5928
1.6335 0.6215 1.6199 5.6651 4.5928
4.5157 2.6940 2.7559 2.7064 4.5928
0.9298 1.5662 2.1342 6.7300 4.5928
6.3247 4.5144 4.9501 1.5647 4.5928
6.9825 5.1775 4.7474 0.7731 4.5928