25 10 5


7 30 14 9 26 6 12 13 16 6 19 29 16 15 11 35 18 21 20 7 11 8 32 27 12
869 721 1309 963 1096 804 748 779 1099 538
942 2781 1220 1270 2453


 47.6732  12.8709  24.3988  54.6827  24.4598  37.2574  22.4512  21.8799  28.8442  29.0652
243.0707  66.4146  79.4292 214.2197 152.7563 109.6643 102.9157  43.8719 141.6384  75.9664
144.6953  60.5642  52.3327 108.2616 102.6369  25.1365  56.4450  17.3803  93.9062  24.2588
 78.1978  24.6247  24.8695  64.7218  51.2508  27.7857  31.5172   8.5972  46.8585  18.7753
 67.6080 104.5911 155.0878 223.7360  33.7099 241.0514 179.6306 184.5912  84.3559 204.2569
 49.8260  13.9143  14.4671  41.2807  32.4272  19.8480  22.3620   6.5902  28.6693  12.8570
 94.5961  25.1697   6.7755  60.0022  69.5983  42.4503  66.9459  23.4937  45.8967  24.3399
107.6605  43.8169  17.3212  42.9718  90.2995  54.4022  95.1277  44.2094  52.6489  37.6960
 70.7963  74.8981  79.1960  75.2037  90.7362 142.2404 153.3312 117.2827  36.3594 118.6576
 29.0167  21.4938  34.2776  56.0711   5.8803  49.2719  28.7124  36.0278  25.7965  41.8565
 94.2557  70.6192  72.3967  78.0181 101.9831 147.2245 165.0405 118.0342  30.5333 119.2330
243.9974 134.6799 178.3370 306.8682 132.5329 194.4222  39.2744 141.7207 195.0545 174.7555
 85.3280  35.3600  69.1431 130.6334  30.1144 109.5994  67.8860  74.1926  56.1201  89.1799
 68.1180  72.7166  75.9162  69.5413  87.8827 134.8626 146.4055 111.9081  36.8408 112.8544
 68.0121  18.8934  40.1849  85.8119  31.6060  64.6370  40.1468  40.3184  40.8137  51.0156
305.3543 131.1678 166.9001 324.2581 178.5786 172.5844  45.6049 110.5385 215.8283 150.1235
 36.6644  74.0380 100.5863 131.2488  54.0875 167.9709 145.8899 131.5713  39.8207 141.0590
 56.2396  90.5626 132.2748 189.2888  24.9900 199.9204 144.9414 153.9924  76.6986 170.6309
170.3599  97.2144 127.5555 216.1579  93.3235 137.9468  28.4260 102.0404 138.3481 124.8079
 53.3481  35.8392  27.4716   9.9173  54.5645  50.1439  69.1520  44.5160  28.2347  41.5298
 67.0202  25.1878  46.8907  92.0833  27.9292  70.0202  38.4398  45.8451  44.6184  56.9835
 30.4851  25.9390  42.6411  68.3090   4.1631  66.6106  45.5605  48.9884  26.3861  55.7614
134.2998  65.6375 129.8195 231.9338  59.0268 233.7998 180.6173 164.8311  69.3168 188.2607
294.9346 131.8123  98.6535 188.9400 222.8331  12.3257 146.4396  47.6495 189.0806  32.0038
 22.6698  22.6698  22.6698  22.6698  22.6698  22.6698  22.6698  22.6698  22.6698  22.6698


5.4571 0.9823 0.5512 4.1710 1.2451
0.9478 3.5735 3.9906 0.8159 1.2451
1.4773 4.8158 5.1712 1.5621 1.2451
4.8157 6.2101 6.3492 3.9509 1.2451
3.4265 2.0635 2.4996 2.9787 1.2451
3.1244 7.5369 7.9410 4.3671 1.2451
3.1450 6.2034 6.6679 4.5523 1.2451
1.4961 5.9695 6.3913 2.9379 1.2451
2.8053 2.3639 2.6463 1.1900 1.2451
2.1038 6.4307 6.8274 3.2383 1.2451