25 10 5


14 32 27 35 28 21 14 22 30 6 10 9 18 12 26 25 9 34 30 22 34 10 13 35 21
1319 1132 1218 352 952 527 1337 810 1223 742
3082 1132 3859 1769 2739


 23.2084  26.5336  59.6949  75.2420 110.1936 104.5793  79.6187  72.6125  99.5896  28.3081
 28.6521  52.0922 146.3104 209.3067 297.3463 286.3249 219.8996 174.7332 272.9833  40.4481
215.9494 180.0924 250.0528  40.6921 175.6970  74.4544 197.9923 270.1177  41.0276 225.5510
162.3789  77.9966 273.3410 137.0687 340.7924 267.5287 297.8983 305.6212 235.6646 176.7088
118.5469  50.5158 209.1637 117.4352 271.8142 218.3659 233.5314 235.0093 194.3148 129.9544
 70.0834  70.9492  93.6621  91.5451 128.3595 119.7792  91.9838 111.3697 115.4293  75.8545
 45.2495  20.3583  97.0409  90.1284 153.1188 136.1598 124.8923 109.4357 126.1885  49.6084
175.7449 169.4459 170.9021  96.9329  68.1279  33.3530 102.3286 182.2219  52.6108 180.9679
115.8490 166.6081  52.8417 221.0452 172.8638 222.9709  78.9462  70.7046 231.5541 113.8072
 11.7346  13.5336  24.7690  31.1538  44.6386  42.6095  31.7627  30.2692  40.7438  13.6932
 12.1235  36.0035  32.7483  81.8960  95.0196  99.9970  65.9098  40.3051  98.0008   8.0623
 42.0052  61.1818   9.2770  82.2272  60.9547  81.3975  30.9291   6.8990  84.8093  40.0436
116.8316  94.3767 142.1836  20.6718 113.3977  61.7369 115.7669 156.2766  45.8859 123.2422
 75.7921  55.8872  99.3757   8.7805  89.8117  54.7497  88.1192 109.4760  42.3670  80.4564
196.8633 203.2162 172.4508 146.5877  47.1124  81.6189  80.5434 182.5483 105.2101 201.1179
190.6417 179.0993 193.2526  92.4344  93.8393  36.8188 123.3288 207.7619  48.4420 197.2197
 14.1698  19.6202  46.4251  67.2879  93.6841  90.6204  70.9415  53.8444  86.4893  15.3565
158.9983 224.3407  50.3613 288.5847 203.3882 279.8993  90.1385  53.7211 293.8255 153.8593
112.6219  61.6345 190.8738 101.5135 241.3665 192.4532 202.0393 218.1250 171.5843 124.7798
117.5092 161.2582  40.8851 201.6890 134.2406 191.1773  61.4277  33.9471 201.9298 113.5515
143.6346  59.3716 258.2687 157.4027 343.9471 280.6584 294.4659 289.6209 251.3817 157.1558
 32.8818  12.0067  63.3771  41.8871  88.0028  73.2165  72.3658  72.5987  66.2233  37.0218
 18.9680  31.1002  64.4572  99.2993 134.8537 131.8608 101.2079  75.0028 126.2985  19.9392
264.3021 249.1019 267.0858 130.6771 129.3168  54.8194 169.1373 287.3246  71.2764 273.4098
124.9959 124.9959 124.9959 124.9959 124.9959 124.9959 124.9959 124.9959 124.9959 124.9959


4.6466 3.4422 7.0616 4.0093 2.6025
3.8255 5.1573 6.8134 5.3638 2.6025
5.6040 0.6983 6.7790 1.6575 2.6025
1.1908 7.2327 3.9678 6.4532 2.6025
4.4700 5.6693 2.3761 4.0627 2.6025
2.5371 7.3197 0.9753 5.9886 2.6025
4.4861 3.1671 4.2006 1.5679 2.6025
6.1841 0.0150 7.1163 1.6064 2.6025
1.9950 7.5673 1.9532 6.3746 2.6025
4.9049 3.2356 7.2373 3.9136 2.6025