50 25 5


22 29 7 14 17 12 23 13 27 22 16 15 12 31 14 17 25 28 16 8 16 30 16 33 14 8 23 17 30 26 28 11 17 11 35 23 6 23 27 6 9 8 19 28 22 21 29 31 31 32
1065 1060 579 853 1178 943 993 583 1251 997 1211 591 848 1199 420 848 429 1191 1131 1167 778 1118 1396 737 1163
992 1820 3507 1555 2287


212.9492 127.1161 131.8573 186.6968 155.0637 145.2991 209.7443 177.5155 134.5164 201.9508 251.1036 203.7105 222.8783 115.3207 146.3930 107.4373 258.6032 271.1058 211.3371 149.0402 182.1164 199.3663 207.3575 111.8247 255.2824
102.6023  79.5520 114.4564  61.8993 112.9746  58.8228  63.7043 126.9082  40.9366  27.2000 107.8172  26.1393  27.8253  66.0451 146.6398 130.6368  61.3207 112.1445  15.6579  24.5974   4.8951  41.7339  71.5780  70.4890  85.5246
216.1470 118.0593 105.0344 200.9665 135.6304 214.2699 230.1745 160.6317 189.4815 239.3956 265.8647 242.3784 269.3344 180.5905 120.1205  72.2821 300.3800 291.7711 263.8019 197.2542 226.5072 228.0271 223.0077 178.7202 281.9695
118.5394 100.6844 142.4610  70.5640 138.3377  87.2545  68.6113 153.6934  66.8292  22.6515 120.5033  20.4186  15.2297  96.6280 181.8078 164.7861  56.5093 123.7190  10.5343  47.4076  18.0860  42.4517  79.2466 101.9160  90.1842
 30.1344  30.4355  41.0057  19.1343  38.8305  32.3169  16.4806  42.1194  26.9449   8.9617  28.2866   8.5646   5.4829  34.7943  51.5969  48.1829   7.0216  27.9736  10.8190  21.7539  13.7972  11.7398  19.5205  36.1796  18.6017
 35.0070  18.3934  20.8304  42.8400  13.3184 108.3186  53.5159  25.6112  90.1072  74.7428  56.7442  76.5232  89.0124 100.0572  49.6842  45.9816  88.5585  68.0904  95.3152  83.4613  81.6579  63.0300  47.0617 101.5672  69.6984
194.9227 145.3456 187.7621 141.4025 192.6222  26.4082 148.2658 213.7890  34.4671 101.3744 207.8293 100.0591  99.6700  49.3512 225.5909 197.6871 147.5782 215.7375  74.6008  44.4748  69.1969 119.4975 157.3523  54.6469 180.9284
139.4811  54.3549  36.6359 139.4995  60.5485 233.8927 167.9972  89.8528 196.5307 198.6068 190.2249 202.3791 231.7197 207.9118  93.2097  63.5471 246.3069 216.6844 237.3728 190.2289 201.3600 178.1004 156.7625 209.4978 214.0673
133.5024  70.6338 117.1893  84.4923 121.9639  84.3906 100.5024 145.1573  52.3717  79.0489 156.1375  80.3857  97.0672  74.9615 161.1265 133.6154 131.8474 169.4641  89.2774  44.6122  62.3229  81.2523 104.4990  79.3283 142.1274
 39.0463  34.6731  14.8902  55.5621   8.8711 110.3257  63.6540   5.6858  95.4585  84.0538  57.3620  85.5924  96.2412 101.9715  27.9809  33.2155  93.8928  67.1148 101.9102  90.8046  90.1595  73.5861  57.2662 102.8457  74.1267
308.7943 221.9992 281.7080 230.3349 293.2630   5.3110 244.9817 326.5091  50.1543 179.4894 334.1702 178.1590 182.3152  43.6606 335.0850 289.6762 254.6064 348.8771 145.8858  81.2714 130.2271 203.4521 256.7759  50.3441 298.8946
119.6240  39.2290  53.4425 104.9859  68.8220 159.5362 128.0098  93.4185 130.6561 142.2637 157.3962 144.9898 167.5298 138.9967  95.7778  66.6133 185.6271 177.3379 168.7502 127.2442 139.7352 129.5784 121.8854 140.3261 168.3086
191.3273  98.4041 113.4527 161.2410 135.2563 145.1791 186.0725 161.4053 124.1017 181.0439 231.3439 183.1967 205.0669 115.9492 142.6095 101.2831 240.1027 252.5076 195.9954 133.3839 163.6805 176.2315 183.4066 114.7319 234.8839
243.0687 161.0310 194.3469 192.4600 210.1428  61.4065 210.2475 236.1759  71.3398 174.5132 272.0563 174.7140 185.7604  32.4191 226.1362 187.5771 236.7397 287.8211 162.9264  98.0394 140.8401 184.9943 214.9927  25.6713 256.7944
207.7164 111.3711 128.5716 173.9172 151.0386 143.1003 199.2479 178.1631 123.9004 190.2684 248.4835 192.3084 214.1052 111.9543 157.7010 114.6695 252.8644 270.0723 202.8719 135.9463 169.8607 187.0386 197.2942 110.1490 250.2385
 70.5660 100.3795 133.9164  48.9612 119.5759 164.9325  31.3037 127.3986 138.2462  60.7411  55.0364  62.1614  68.8212 167.5291 174.5170 168.6389  33.9559  52.1674  91.9256 117.6825  89.9077  46.0404  37.1946 172.4136  14.6697
 86.9382  52.4701  79.9019  55.8549  82.5466  39.2085  63.6161  96.0161  19.7802  44.6170  98.4746  44.9627  52.6878  36.4269 105.3043  88.8484  76.6997 105.4223  45.0670  14.9486  30.2403  49.4200  67.2373  39.5755  87.3046
 37.9039  40.4966  22.6741  59.2995  13.0058 123.5477  67.2120   0.9464 107.0090  91.1992  57.0918  92.8846 104.2639 115.0512  35.9689  42.9197  99.8038  67.5106 111.3217 101.1973  99.1061  79.2864  59.9244 116.1599  76.7803
116.8310  40.1726  73.2330  88.9325  83.3685 122.6353 109.6737 106.8388  95.0779 112.3267 148.1549 114.5582 134.5101 105.1816 114.1250  86.2165 157.2529 165.1446 132.8562  91.9059 105.7815 104.4003 107.1360 107.0787 149.7840
171.1146  97.7771 104.1923 148.2271 123.2718 119.7525 167.8723 142.9531 108.0819 161.9790 203.3701 163.5404 180.1846  94.7667 120.0708  86.7149 209.8393 220.3234 171.1453 118.9847 145.9913 159.3097 165.8305  92.4305 206.6504
 43.7123  31.0904  48.5752  23.6716  47.8001  31.7341  25.9656  54.8128  20.9990  11.8078  47.6043  11.9757  16.8808  32.9858  64.7740  57.0591  30.2189  50.5098  15.2903  12.8052   6.5115  15.9754  29.2509  35.0412  38.4167
239.1773 143.2908 167.8588 195.8200 189.0726 115.1598 219.3911 216.8402 106.7279 197.2029 277.0993 198.5288 216.8691  81.7042 197.0546 153.7593 263.9434 297.3242 199.3195 127.1526 168.7803 200.2212 220.3816  77.8071 271.5066
222.1009 171.5117 224.7683 156.9041 227.6521  55.7911 162.0184 252.0049  52.1460 102.8036 233.4939 100.7653  96.7885  80.5954 272.5110 241.4469 153.8893 241.0901  66.0651  50.1160  66.1034 126.6336 174.1466  87.3824 197.7582
154.9757  90.6997 101.7121 130.5410 117.1915  91.1285 147.0439 135.0428  83.2966 137.1086 181.7701 138.2382 151.6582  69.0345 118.1628  89.1760 180.3229 195.9398 141.8467  94.8820 120.6272 136.9211 146.4617  66.6588 181.4054
 46.4011  15.3160  32.1865  33.1308  35.2115  49.9381  41.6674  45.0139  37.7387  42.4238  58.8328  43.3663  51.7349  43.4968  50.3627  39.3886  61.1361  65.6906  51.3682  35.3910  40.1330  39.1032  40.9020  44.5533  58.5577
 94.1981  41.4449  39.4512 108.9350  29.8463 251.7439 135.0672  61.6314 209.7451 181.2337 145.4566 185.3675 214.9476 230.8684 108.7924  97.3589 217.1132 172.1892 227.9615 195.8869 194.7898 154.9528 120.6384 234.0407 174.9797
149.1066 104.8847 116.6781 125.5295 126.8944  54.8979 135.3945 139.7584  64.2830 118.1806 165.6441 118.3083 123.9971  42.7516 127.6002 107.3278 150.4362 174.4247 111.7717  78.4601 100.7200 123.1832 137.2161  38.8154 159.7014
148.8214  74.9959  89.0436 124.0636 105.7165 112.9040 143.6976 126.7402  95.3593 139.4485 180.2597 141.1587 158.5301  90.1506 113.9095  81.4229 186.3166 196.9276 151.4798 102.1607 125.8150 135.6698 141.7405  89.4534 182.5073
 77.5619  52.6561  60.8961  63.4199  66.2031  24.0985  68.9187  73.7564  28.2915  58.8607  86.6413  58.9374  62.2600  16.2968  68.7630  57.1825  77.2915  91.5129  55.4442  36.2658  48.9499  61.7642  70.1035  14.0984  82.7775
228.1466 209.3362 268.7059 162.3993 262.4590 149.0588 154.2778 283.6770 134.3464  93.7565 223.3101  90.2374  67.6295 172.2289 324.5290 299.5565 109.6253 222.9574  55.4158 114.0698  85.7564 120.3716 170.5633 179.6703 172.4379
103.9652  81.4956  40.0035 124.6593  50.9756 186.5162 139.1564  48.7412 166.6304 165.4554 133.0005 167.7701 184.8320 169.6849   3.5342  30.4380 186.7811 148.4075 190.1573 164.0449 169.8400 151.1354 129.9718 169.7424 158.6327
 12.0603  35.2943  46.9129  18.5440  38.4981  85.7187  17.1814  41.0534  71.6208  41.3092  12.1709  42.5000  49.4086  83.9030  65.9731  65.1998  38.7578  18.4288  58.7748  62.8955  53.3375  30.9104  11.6069  85.8742  18.5995
 46.1675  23.4536  37.6441  31.1178  40.0584  28.0445  36.8577  47.8832  18.2698  30.6517  54.4720  31.1089  36.6652  23.5678  51.4907  41.8174  48.1314  59.2088  33.8081  17.6038  24.8939  31.0834  37.7986  24.7272  50.7880
182.3539 109.9429 169.6091 115.2476 174.5588  87.9220 131.7031 203.2947  45.9930  91.3070 206.6460  92.1254 109.1757  82.6531 224.7817 190.0980 159.9484 221.4033  93.9005  32.4014  61.6053 101.2548 139.5777  89.4408 182.4247
 83.0393  87.8313 124.5342  44.3327 115.5721 118.7948  33.8477 126.7346  96.1035  23.8016  77.9973  24.4064  28.7645 123.6897 162.6113 152.0365  19.2533  78.6948  49.5101  77.0503  49.8418  20.9428  44.7849 128.3960  45.7278
 83.1651  62.4268  88.0660  52.9249  88.0663  35.7401  55.2830  98.9383  23.3569  28.7890  88.2251  28.0733  28.9924  41.9837 111.4382  98.4503  54.4885  91.8928  17.3768  12.4303  11.2826  39.1023  60.8168  45.3521  72.3417
161.2471 159.4995 210.9474 107.4249 201.4035 153.0404  95.5565 217.7673 130.0262  53.8371 152.4074  51.3230  31.4977 167.4005 261.7134 244.0955  48.5394 150.4792  49.0546 106.1316  69.3081  70.9913 110.1840 174.1365 105.4857
217.2385 150.3585 176.4342 175.3967 189.8673  54.7840 189.4608 210.9719  71.1584 158.0355 240.6065 157.9883 165.5858  36.6892 200.4828 168.7882 208.6868 253.2476 145.3306  94.0955 129.2307 167.9056 193.7250  30.5357 227.1843
 63.8472  40.9120  64.0602  37.7422  64.6127  36.2682  42.7334  74.8376  20.8586  26.0572  71.3229  26.3155  32.6064  36.3481  85.3220  73.4854  51.3117  76.1649  27.8639  11.4421  15.6192  30.4908  46.2933  39.0467  60.8527
260.9735 159.7180 200.9873 202.3492 219.6712  87.5048 225.6276 251.5693  78.5324 189.7847 297.8703 190.6486 207.8722  51.6795 242.6728 196.2571 265.1381 317.9901 184.8957 104.3552 153.5185 198.3127 229.9077  49.2928 282.9840
 30.7401  91.9565 124.8813  48.0116 101.6921 235.5264  47.4862 109.8128 196.0360 114.2733  39.6148 117.6883 137.8661 229.7860 178.7420 175.9534 111.0739  58.1592 163.1115 172.1135 146.7224  85.0596  30.8991 235.1948  57.4648
177.2241 167.6121 224.1752 115.7558 215.5402 149.9625 105.8107 234.5174 125.8384  52.4717 171.2690  49.2993  25.9649 166.1154 278.8816 258.0145  63.4341 171.0180  37.6740 100.5017  61.8805  75.2425 121.6322 173.4270 122.4514
 53.2496  21.1102  31.2463  42.5470  36.8517  51.0710  51.2024  46.4570  40.6631  51.7200  66.7083  52.6021  60.7329  42.8431  46.2915  33.6434  70.8723  73.9200  59.3496  40.7316  48.0337  48.8262  50.0784  43.2946  67.8770
 50.3085  43.2042  56.3037  35.1217  55.6481  25.3902  34.4649  60.7634  22.6871  20.0058  50.6943  19.2743  15.6074  30.7271  68.3369  62.1555  27.7249  51.3642   9.5859  18.9404  15.0249  26.2666  37.8779  32.3601  40.4185
 52.6937  51.1902  74.4029  26.7935  69.7820  66.0645  22.5717  77.3152  52.2161   8.0149  51.5905   8.4040  13.0530  69.1159  97.7024  90.3062  17.6168  52.8898  24.7366  40.5638  23.9580  10.0390  29.2066  72.0067  33.3124
 42.0591  93.2199 106.9954  63.8198  90.8508 177.4283  55.9631  89.7679 153.6113  95.0630  15.4485  96.7466 105.2334 175.6623 135.2474 138.4959  76.4906   3.9248 123.8269 137.7638 118.2997  78.7205  49.9606 179.1955  35.6615
218.6776 122.2617 140.3747 182.6478 162.9011 137.1289 207.6080 190.0232 121.1662 195.0738 258.9061 196.9230 217.8298 105.0107 168.1655 124.9038 258.9923 280.2226 204.7365 135.8526 172.2846 193.5435 206.3784 102.4938 258.9792
 94.6027 128.1232 167.6181  68.4805 151.3113 193.4813  48.1365 160.3184 163.6650  72.1749  74.4095  73.3008  77.3173 198.1957 214.4563 207.2887  30.9237  68.4303 104.6927 139.5698 105.8002  59.1690  56.2264 204.0069  26.9562
 49.7225  25.5614  17.7576  48.9812  26.3579  64.2901  56.8826  32.8324  55.7943  62.9180  63.6445  63.8610  71.6500  55.9160  23.6042  11.1094  77.5539  70.8840  71.7794  56.0709  61.6626  58.3578  54.1585  55.8210  69.9597
 57.7520  57.7520  57.7520  57.7520  57.7520  57.7520  57.7520  57.7520  57.7520  57.7520  57.7520  57.7520  57.7520  57.7520  57.7520  57.7520  57.7520  57.7520  57.7520  57.7520  57.7520  57.7520  57.7520  57.7520  57.7520


1.7179 5.7644 0.4966 4.8304 1.8374
2.4750 5.4667 3.6956 4.8554 1.8374
4.7487 3.0220 4.2524 2.3531 1.8374
3.0045 3.3577 2.6699 2.4306 1.8374
1.4083 5.1409 2.5906 4.3939 1.8374
3.5129 4.0100 4.5047 3.6008 1.8374
1.8424 5.8484 3.0908 5.1438 1.8374
2.3959 5.6664 3.6326 5.0374 1.8374
2.6793 2.9691 3.0626 2.1393 1.8374
1.8599 6.7373 0.9392 5.8077 1.8374
2.3922 4.5228 1.6670 3.5916 1.8374
5.9937 2.3945 6.6254 2.8038 1.8374
5.7091 0.1519 5.9122 1.0509 1.8374
2.1568 5.5125 3.3864 4.8571 1.8374
1.5444 4.8648 2.6633 4.1264 1.8374
5.1863 6.1900 4.0585 5.4208 1.8374
3.9950 6.0201 2.8218 5.1532 1.8374
2.4506 3.6380 2.2221 2.7035 1.8374
2.3567 5.8562 3.6024 5.2142 1.8374
1.9509 3.7126 2.4813 2.8800 1.8374
1.6571 4.3476 2.5852 3.5860 1.8374
5.6896 3.0039 5.2028 2.5981 1.8374
5.8096 1.8014 5.5923 1.6699 1.8374
4.7019 1.3890 4.6599 0.6357 1.8374
5.3545 0.6760 5.4012 0.6304 1.8374