100 50 10


22 12 17 20 5 5 16 29 12 18 29 14 33 13 10 24 22 7 10 15 30 12 16 13 9 29 31 34 10 31 35 33 16 27 20 33 8 23 19 34 26 33 31 7 7 30 13 14 33 22 28 25 11 17 10 31 24 28 12 32 14 22 6 29 29 26 15 27 17 9 7 17 9 34 20 34 25 11 28 30 28 12 21 29 12 25 16 33 34 14 34 20 14 28 33 18 31 13 15 22
1348 964 1009 972 1180 759 467 625 742 846 1134 959 1286 1199 1307 740 1057 653 574 1153 1179 1017 486 734 1305 1139 940 1259 1080 1298 639 823 1228 769 1067 1287 1278 737 923 496 1261 1365 1122 1114 1292 888 1395 1024 1338 698
2560 1192 3984 3409 1287 1854 2675 3126 2893 1117


164.8495 154.4289 160.8274  73.1674 192.3069 144.8685 190.1326  46.0689 197.2030 137.4607  93.9132 105.9845  80.5969  45.1451  74.4400 138.0675  87.4582 122.4505 145.8600 196.7474 161.7569 131.9650 118.1924 192.3868  90.5166 158.7595 139.9762 110.1506 132.8642 204.2123 135.6872 230.3946  75.5843  64.1563 108.5510   5.9846 210.6443 169.6989 155.1859 118.4446  64.1273 184.9760  71.7244  88.0687  92.3594  67.3290 206.1079 159.1867 140.4739 138.9122
 59.7620  99.0095  46.8580  53.6208  71.3027  58.0167 119.4083  26.4961 109.7202  62.0934  78.9808 104.3075   8.2207  34.6819  59.4315  52.8149  85.6808  74.5030  66.3341 104.0311  55.3131  25.2109  77.8170 109.1789  87.9603  70.3639 108.5405 104.5619  29.6344  81.1592  89.0489 132.8583  82.4841  24.2225   9.7148  51.8085  80.5458 110.1674  54.9659  24.0865  62.3411 103.0126  65.5743  13.5238  76.4951  47.1296  96.6611  92.1910  65.4254  70.0530
 94.3033  33.2458 122.8760  86.1491 105.4049  76.6293  38.2243 145.0653  11.0826  63.1064  78.5623 132.8244 149.4100 160.3179  84.0797  82.3239 100.3527  47.2790  59.4118  21.4025 101.5441 137.4947  50.9107   7.5969 101.6742  61.0170  82.7718 124.1290 127.3531  97.6352  41.4790  41.1193 109.9790 161.3378 143.6601 146.2247 111.7345  39.5015  94.0556 124.0497  93.4680   5.0459  88.3276 127.9747  77.0370  93.2309  56.7978  18.6257  58.0845  48.7530
 69.1725  58.4123  96.6671  55.8090  90.1956  43.0488  88.0568 118.0347  65.9263  23.9641  71.1528 142.1627 120.2526 137.0807  58.3250  46.8209  98.9749  24.5284  24.9624  59.2760  75.1798 107.6769  37.8502  64.8457 102.0425  35.4858 103.7536 134.6940  96.3963  89.4002  48.0708 104.3659 105.9513 135.9448 113.1799 127.1303 103.1058  77.2334  65.3682  91.0527  73.0090  54.6245  69.4602  94.6194  66.9214  60.8690  68.2176  37.9289  19.7342   7.2250
 28.4722   3.1325  35.6882  18.5109  33.1265  22.1644  10.9573  36.4393  11.7209  17.4501  14.6555  30.7230  38.9240  40.5707  17.3587  23.2261  21.0152   7.7936  17.2549  13.9316  30.1631  38.0070   7.3145  10.1623  21.4174  19.0877  17.0121  28.2443  35.3377  31.9799   3.7030  18.2689  23.8504  41.5226  38.5499  35.4559  35.8380   7.7862  27.7354  33.6797  19.6337   9.5080  18.0092  33.2711  14.2843  20.9452  22.4163   4.4637  16.2174  12.8579
 12.4964  24.0121  16.0162  12.4829  18.8661   7.1086  31.9703  21.7993  26.4058   6.6212  21.6329  38.0008  20.6486  26.8349  14.6820   5.7624  27.5341  13.8609   8.5330  23.9350  12.6895  16.8734  16.4512  26.3249  28.4717  10.8915  32.5652  36.8057  14.2486  20.8416  20.5349  36.2184  28.1123  25.4892  18.1164  26.9916  22.9066  28.8139  10.5359  12.5925  18.2231  23.6620  18.3102  13.8809  20.3988  11.7180  22.1613  19.6888   7.9147   9.8494
 95.5643  75.3505 101.1448  17.6182 115.9725  77.3025 101.9788  50.5418 105.8240  68.3520  35.1072  70.0356  67.7905  60.6434  16.5320  73.9930  41.5094  51.5950  73.9223 106.0801  95.4664  89.2027  48.3467 102.2620  44.5950  83.7927  73.5313  68.4884  85.8240 121.8071  61.4977 130.0855  38.7071  67.7290  78.8923  42.0072 128.9160  87.3975  89.0937  75.8893  11.2377  96.9844  16.6869  59.8742  32.7563  18.2435 116.0266  78.1586  69.4999  66.2531
277.5338 181.9049 288.9043 132.8912 314.3100 242.3944 216.0298 163.4000 253.7684 222.2365 102.6915  38.2811 207.1047 163.3359 121.7427 237.8941  64.0631 170.7310 230.7651 264.4832 278.2714 263.0294 154.9417 244.1554  62.3507 248.6909 121.3285  49.9819 259.1680 322.5380 164.5026 280.0669  48.5271 189.0324 238.3407 106.7767 337.2670 190.0388 266.2402 240.5389 100.0029 240.7903 101.9897 206.2636 107.0351 138.6021 298.9252 207.8169 222.1894 211.0423
 70.1377  80.8723  66.1314  32.3540  84.7042  61.1045 101.4034  10.8943  99.1226  59.3439  53.6121  73.7375  25.0337  21.2047  36.3396  56.7989  56.8957  59.0468  64.0765  96.6211  67.8395  50.1510  59.3864  97.3221  59.0578  70.4677  82.4592  74.3792  50.6071  92.0610  70.3455 119.8471  52.7150  23.6647  37.9999  23.6178  94.6940  90.9168  64.8129  42.7594  35.7626  92.2382  39.7135  26.1617  51.6687  26.4722  97.2948  79.0801  61.6694  62.7913
146.7022  71.2154 160.4547  61.3613 168.5912 123.1708  92.2082 106.8735 116.4188 108.2117  27.4970  36.9276 129.1900 113.7797  52.1208 122.2152   7.2292  70.2860 112.2603 124.3883 149.0161 152.0319  59.0334 110.2241   4.7111 122.8799  37.2526  29.8007 146.8440 170.8459  61.6394 131.7730  17.8354 125.6860 142.0311  82.2939 181.8255  75.9363 140.6841 136.3826  42.7666 108.8826  39.5353 120.5131  31.5909  68.9421 149.3906  89.1952 106.9158  97.8924
218.8885 114.2129 238.8926  78.5948 254.6961 181.5636 153.5199 151.6622 184.4794 158.6088  32.6659  73.0063 186.8701 164.0616  64.0690 179.1874  11.3100 101.6825 165.9373 194.4525 221.8976 223.8909  85.1317 175.2070  16.9718 183.4719  75.5204  64.9095 215.8913 259.7639  95.0253 214.7587  21.8445 182.2227 207.3843 115.4014 276.5563 126.4802 208.7446 198.8235  47.6607 171.0803  43.2577 172.7351  37.4920  90.1457 230.1002 137.8379 157.2859 144.1452
 40.7390  97.0557  30.4226  53.4301  55.3043  39.3726 119.7438  49.6503 103.4986  46.3459  83.4036 122.8631  36.1983  62.8929  60.7615  33.3191  96.3343  68.2110  50.6854  95.3437  35.9825  17.9287  74.3686 103.6494  99.0833  54.1829 116.6907 121.2222  13.5243  66.1014  86.6576 131.3042  95.3095  54.0424  21.9063  74.2952  66.5676 110.4852  35.0115   5.3218  68.0037  96.0235  70.2197  18.2693  80.0550  47.3895  84.1009  85.4832  50.4610  57.4671
211.8903 209.3607 207.7611  80.1547 253.1876 181.9306 264.7170  54.7542 267.7917 171.6590 125.7317 170.8103 100.7122  70.7656  85.9534 171.6330 128.1029 155.5599 184.3885 264.7809 207.5133 168.0646 152.1830 261.4519 133.7416 203.4610 202.0379 173.2550 167.4102 270.8424 180.5691 320.8233 114.7722  89.1232 136.4226  43.1026 280.6811 234.7843 197.4228 145.6979  76.9919 249.1281  88.6005 102.0602 121.6018  68.5392 275.2271 211.1985 176.5808 175.5805
 90.3594  14.7503 106.8601  48.8669 103.7606  73.2171  30.1802  94.6140  47.8119  60.8207  27.5189  61.9534 104.8807 103.6083  43.5554  74.9307  39.6935  30.7661  61.5009  55.6310  94.0375 109.0674  23.5734  43.0208  40.0529  67.4109  24.0869  55.0525 102.9958 101.8895  14.2432  57.7294  48.0332 108.4622 107.5360  86.1935 111.5376  17.9856  87.6363  97.4210  45.6076  43.4290  41.0084  92.6232  28.3018  55.9459  78.4116  31.7522  58.2368  49.7024
 14.3265  68.3081  27.7771  62.1233   6.6851  24.2260  78.7153  77.1456  57.0387  31.7838  76.6689 111.5837  68.9743  87.0877  65.8116  26.3865  90.0209  54.3615  29.7836  47.5946  17.4929  45.7902  61.0170  59.4084  91.7347  24.4861  93.8469 108.4064  39.9962   4.1110  65.3405  75.7476  92.3551  81.6104  56.8776  91.0460   9.5341  76.5065  18.7417  43.5239  73.3055  54.0725  72.7919  55.8202  74.3517  61.2635  28.2661  54.4923  32.6809  38.5415
 83.3799 159.8099  70.4938  77.6403 110.4214  74.4731 199.8531  68.1642 177.2195  81.4679 129.6642 193.8702  50.6985  91.5785  90.1998  64.2071 149.7385 110.1974  89.9987 165.3856  76.7028  44.8723 118.9357 176.4947 154.4515  98.5416 187.8090 191.6374  40.9923 127.5439 140.8465 223.9565 147.0166  78.6739  37.7808 108.9251 130.1130 182.6036  72.9742  25.3652 101.0810 163.9284 105.5948  17.3100 124.0949  66.2196 151.8053 143.3525  88.1349  97.7557
 96.4095  62.6533 118.7154  33.0337 122.5274  67.1897 100.1331 109.1796  92.3667  48.4365  50.3699 127.4520 118.8466 128.5105  33.5621  67.2398  79.8709  18.5441  53.7170  90.6552 100.4319 120.0986  24.7693  88.6357  83.5447  67.0567  94.8820 120.1438 109.9177 125.0734  44.7342 129.9353  86.3393 130.9584 118.8444 112.0500 138.4473  83.2452  89.8379 100.4080  49.3713  79.8452  45.3958  94.6524  45.2206  41.6318 106.0402  55.1253  47.1540  38.1083
 62.4240  29.5413  68.1920  29.8172  70.8029  53.1802  35.9183  47.2676  47.3633  47.1570  15.8491  11.8132  56.1734  49.5969  26.1909  52.9778   8.6825  31.7344  48.5545  51.1526  63.4688  65.1565  27.1600  44.8072   7.3713  52.5683  12.1357   7.9966  63.0887  71.3633  26.9006  51.7471  11.5824  54.4978  61.2897  36.9086  75.8217  30.0287  60.1807  59.0527  22.6897  44.7993  21.3758  52.9245  17.5512  32.8396  61.9231  37.6603  46.4986  42.7267
 13.5823  49.7322  28.9109  39.2623  24.6844   2.5080  63.0956  59.1638  46.2154   9.3038  53.9304  88.6052  54.6547  69.2807  42.8019   6.8425  67.0876  32.7771   9.0006  38.9125  16.9000  39.3137  39.2868  47.2382  68.8291   8.3630  72.5731  85.5398  32.9959  26.4464  45.0405  66.3305  69.3196  65.6664  46.2343  70.2135  31.9395  58.8490  12.1499  32.8907  50.3254  41.5496  49.7555  40.7372  51.5687  38.8573  29.7311  37.5047  11.1611  17.8539
 56.2738  69.5025  83.3557  90.7604  58.1822  50.6620  77.1562 132.5107  40.7343  47.8065  98.7831 151.3235 128.3798 147.4878  92.7704  57.1738 119.7983  63.1160  41.9102  25.9955  63.6094 104.5991  71.6173  45.6111 121.6958  35.2580 113.0703 144.6614  95.0329  47.5216  70.9887  66.0492 126.3799 143.8249 116.2303 143.5632  60.0122  78.1349  59.3973  96.0267 103.6383  39.3266 100.6281 107.5566  96.1856  93.7500   6.7915  48.6564  44.7083  45.0809
110.4685 104.5262 163.4755 147.3110 126.1727  86.3964 127.5635 237.3734  62.4937  71.0588 160.0496 265.0963 234.4108 266.7297 150.0360  98.5837 202.0517  88.9994  60.4907  37.1831 124.2931 197.5506 105.6975  68.7236 205.8289  54.8352 190.2920 251.8466 178.6945 111.7165 105.0964 121.5267 215.3802 262.2048 215.4470 254.3437 136.6002 124.7798 112.5644 176.9186 171.2758  52.6233 164.7972 193.5556 154.9305 154.8142  46.3692  61.8466  63.0350  57.5406
 48.6296  91.4888  36.8900  48.7811  60.4896  47.0905 111.5849  32.3540 100.1425  51.8290  74.7649 104.0895  17.7198  42.5853  54.9428  41.8807  83.4556  66.7106  55.9074  93.9244  44.2876  17.3308  70.8439  99.8688  85.7933  59.5820 104.1459 103.5973  19.7363  70.1500  81.8919 123.6087  81.2578  33.6336   7.3680  56.1217  69.8934 102.8478  43.8000  13.2267  59.3448  93.5378  62.0596   7.5676  72.0826  42.6286  85.6592  83.3855  55.2485  60.4034
 27.3343  75.1811  54.7588  68.1346  40.8831  14.8456  94.5622 104.3281  64.9860  17.2459  87.9076 144.3148  98.0559 120.4868  72.8550  21.7906 109.6998  51.5687  12.5710  52.4341  34.1985  73.4407  62.2235  67.1781 112.3325   4.1723 114.7713 138.8270  63.2802  39.6610  69.3930  97.0108 114.2083 115.2917  84.8472 120.2877  50.5866  89.1075  27.5219  63.4589  85.0227  58.0923  83.4355  75.7951  84.3042  68.7041  36.9389  54.1193  17.3399  26.2371
 54.9063  33.8824  76.8458  57.7908  63.8274  41.6852  45.0843  99.9064  21.0925  32.1142  59.6939 104.6016 100.9062 112.2203  57.9341  46.2882  77.7049  30.0018  28.7391  15.4175  60.4513  88.9375  36.2348  22.0472  79.2050  29.4561  71.1529  98.6480  81.0204  58.7082  34.5487  47.1812  83.9281 111.5346  94.7931 104.5337  69.2972  42.9309  54.7670  79.0666  66.5783  14.6537  63.3531  83.7992  57.7159  62.0028  31.3462  15.3977  28.2630  22.4750
 60.1390  17.6246  69.8466  25.5291  70.2997  48.0948  30.5493  56.3381  39.7641  39.8099   9.2770  36.7201  64.2466  62.2520  21.3924  48.5657  19.1343  18.9214  41.0792  43.6584  62.1173  69.4089  12.9303  36.7576  19.7824  45.9088  17.5325  32.4860  65.6655  70.1726  12.2681  48.9273  24.5079  65.9784  67.1965  49.8961  76.3230  22.0972  57.7284  61.3049  21.9823  35.8947  18.8126  56.6106   9.8693  30.4281  56.9793  26.0922  38.5411  33.1867
 61.6337 141.1969 114.0526 146.1796  73.7062  51.5417 169.9548 214.8133 108.5627  54.6563 176.3186 279.2822 202.7847 244.1001 153.4999  63.9823 216.6331 107.7009  44.0571  82.4381  75.6861 153.9460 126.7277 114.6824 221.1088  26.4600 218.7381 268.3840 135.4533  61.9976 135.1251 164.7302 226.2476 234.5175 177.1888 242.9143  85.2521 164.0900  66.6981 137.8379 175.4939  98.8904 171.7280 162.4251 170.1734 148.4675  42.1499 100.4443  52.1049  62.8765
271.5014 140.9195 293.4934 122.0707 309.4839 231.2467 174.0445 191.2851 219.3068 205.9047  67.2821  43.4199 232.2570 200.2062 106.6170 229.1705  26.1082 141.2298 213.1105 233.8076 275.0512 276.4560 121.8777 208.4275  20.2926 231.5086  72.5175  31.6747 268.4285 313.9037 125.6766 243.2424  32.1086 222.8210 257.1745 143.1854 332.5125 146.7885 260.8729 249.9340  88.2275 206.7442  84.3132 220.4213  74.1231 133.9214 277.4791 173.2922 203.8891 188.6138
245.3964 169.6692 258.1478  76.4766 288.6712 205.3155 221.5449 130.3708 244.8522 183.8520  71.1632 107.5174 175.4482 142.6096  66.0414 199.1765  58.7177 134.6868 194.8440 250.6031 245.7436 230.6519 121.3147 235.5481  64.1880 215.9803 138.6567 106.7459 224.6250 299.7778 142.7425 288.7947  44.5724 165.4249 205.4529  85.4970 315.9129 189.6216 231.8982 203.1519  40.4271 227.2391  47.4662 166.0290  70.9697  81.7769 280.4588 186.8408 185.0400 174.9428
  4.2544  64.9425  14.3590  48.7755  15.0632  14.4128  78.3784  59.5068  60.5957  23.9570  66.4088  99.8009  51.0882  69.3689  53.1784  13.4239  78.7284  47.1525  24.3033  52.5224   1.6763  29.2262  53.4211  61.9497  80.5761  22.4179  86.6811  97.2920  23.0358  22.0002  59.8820  80.5770  80.0493  63.7177  39.3712  74.4263  23.3985  74.1244   3.2558  25.8089  60.2665  56.2641  60.4239  37.9381  63.9648  46.8210  38.6207  52.8032  26.2688  32.9948
131.1359  67.4861 179.7040 114.8298 157.6657  94.6399 104.9697 217.9168  65.2276  67.5437 119.0804 227.1410 223.4421 246.6872 114.4841 103.5627 162.2971  47.5757  62.9552  59.4239 142.8639 202.2726  62.9384  63.2278 166.0700  71.1739 151.8595 213.4030 184.1645 149.6353  62.6982 124.5143 176.6668 246.6285 212.4751 226.2238 173.7289  93.4705 128.2909 177.2216 134.8589  47.5504 127.1083 183.9408 114.1213 125.6850  94.3811  25.7300  58.6777  39.9275
 26.9500 226.2251  81.8319 195.1745  27.5701  62.9105 266.5300 246.5811 195.1849  91.8422 248.6552 369.8535 219.1282 281.4670 208.6144  69.2089 294.6495 172.8805  86.7153 163.6747  40.2880 141.3688 196.0156 202.1686 300.7755  70.8186 311.9570 359.2848 120.2717  37.8906 213.4449 262.9858 302.0141 262.8584 178.2638 294.9869  51.9747 256.2633  42.1761 130.8986 234.6410 182.8093 233.3227 172.5557 240.4019 191.5098 103.5793 179.3548  96.3422 118.2694
 55.7934 178.4540 115.1889 174.1356  65.1305  56.4310 212.1615 243.8137 142.0890  69.2159 213.5475 330.3279 226.1993 277.2004 183.8858  69.3511 258.9213 136.8100  59.0340 111.9011  71.9249 164.5062 158.7091 149.2534 264.2278  38.8125 265.0974 318.5705 143.6050  52.7112 170.2448 205.4949 268.7623 264.1528 193.8586 280.1972  78.5553 205.0235  64.1805 148.6323 208.9841 131.3417 205.5776 180.4931 206.2862 174.8994  58.1147 132.4485  68.8333  84.7201
163.6261  92.7494 174.1788  85.6538 183.3086 142.9341 105.9941 114.5712 133.4858 129.9200  58.3140   7.0127 137.4744 116.4339  77.9487 141.7360  36.8577  96.2378 133.6287 142.1472 165.2949 163.8010  86.0617 127.6131  34.0165 143.0999  50.2464   7.4241 160.2833 185.6621  86.5872 142.4130  35.9516 129.7741 152.4128  85.4613 195.2439  93.1348 158.0497 150.4630  67.6225 127.6600  66.3306 133.8197  61.8911  91.1047 166.1310 111.2188 128.8715 120.8944
 48.1252 204.4499   7.2549 142.4938  63.0634  70.2130 243.5132 146.9182 199.1780  94.1623 196.3175 280.4723 116.4010 171.7253 155.9100  62.6260 226.0614 152.5565  97.8358 178.2654  34.9387  46.7568 168.0201 202.1651 231.2704  95.9515 256.0319 275.5864  33.0295  87.5254 188.2837 253.3925 226.7680 152.4317  79.3915 194.7095  82.3146 229.9427  43.5362  47.6441 172.9065 186.8020 175.3257  86.0085 189.6532 133.7133 141.2882 174.4346 101.5247 119.1340
149.9527  49.6427 183.5718 128.8224 162.1877 129.0271  23.2998 200.5122  37.2156 112.5389 107.5342 159.1058 209.3293 217.0412 123.8646 135.4874 127.9408  84.9944 108.6595  56.8243 158.5123 199.6497  83.8880  32.2751 128.3260 110.8298  93.0570 147.8166 187.9660 151.8109  66.6837  22.4321 140.8119 220.7309 205.2511 195.3177 168.5714  39.9284 149.6958 183.3415 131.6948  43.3894 124.8666 185.4811 107.4817 138.5375 100.2160  54.5927 106.7007  94.9124
121.5986 237.5012  94.7244 123.0918 156.0178 114.9656 292.5046  93.1430 260.2518 127.3928 194.7025 279.6308  59.6963 123.4575 140.2597 100.6538 220.7214 169.2755 138.6711 243.1381 110.5579  49.0769 181.2674 259.5624 227.1862 149.0797 275.0357 277.3699  49.4483 181.5363 211.4280 324.8536 215.9020 101.7011  34.2644 154.7851 182.4375 268.8498 107.9014  28.4834 153.9743 242.1123 160.7683  18.7897 187.1519 106.7941 221.2192 214.4467 136.7797 150.9749
 54.4099  68.6788  47.8462  36.3233  63.1050  50.7547  82.3918   7.5848  80.0037  51.2795  50.3296  60.2017  11.8078   6.5042  39.0696  47.4848  51.3369  53.7617  54.3935  77.7108  51.9941  33.9783  54.3077  79.0013  52.6729  58.0942  69.2284  61.4176  36.3902  69.0968  61.6701  94.2614  47.8383   1.5940  23.7235  21.3492  69.5348  75.4390  50.9603  31.9324  38.3922  75.4082  41.1055  21.1637  49.1246  32.2568  76.1368  66.9340  53.1479  54.7839
 97.0088  86.9525 113.3524  19.4360 125.8829  68.5018 126.3379  92.6246 117.2057  53.7590  59.5753 134.3052 102.4577 113.3676  27.3303  65.4309  85.9431  41.3143  61.6095 113.3473  98.9067 108.5719  46.0810 113.8323  90.2562  75.8324 112.7106 128.6021  99.3486 132.1620  67.6235 157.5258  89.0540 115.0920 104.2682  99.8788 143.8456 108.1245  88.6172  87.8648  44.4400 104.0152  43.8167  78.1648  53.9089  23.6811 122.5850  78.9875  55.2292  51.5221
137.8476  67.2603 171.4918 136.4016 145.4336 121.6411  48.8610 202.8355  30.9578 108.5660 122.6466 176.2390 207.5527 219.7206 133.3267 128.8194 144.3085  93.0473 103.3392  44.5265 146.6708 191.4500  95.3688  32.3140 145.0747 102.3160 114.4420 165.6997 179.7590 133.1043  81.5189  11.2486 156.1071 221.0922 200.0469 202.5899 148.9945  62.7685 139.2118 177.1943 142.7057  41.5197 136.5751 183.2587 121.8368 144.6564  81.4938  61.1298 102.9430  93.8750
 92.4825 123.8781 147.2777 126.9038 122.6453  54.5581 166.1738 221.1914 109.5212  31.5523 157.7179 278.4608 216.5696 254.8243 133.5451  66.5098 205.0541  77.4200  20.7511  87.9924 105.6941 178.4210  99.8773 112.1016 210.2564  27.1362 209.6256 265.6410 157.5316 117.3847 112.3673 177.8993 216.7422 248.5165 196.0173 245.1459 142.2017 153.5912  90.0493 153.4150 159.0448  92.8300 153.8007 170.3057 150.5601 132.4015  82.4526  79.5861  22.3600  24.9663
184.5495  83.8801 230.2420 178.9301 196.1338 161.3553  59.8480 270.1304  36.4167 142.7985 159.6699 233.2872 277.1568 293.0934 174.5528 170.9642 189.3503 119.6842 135.9591  57.1965 196.4694 256.4645 122.5417  37.0562 190.4223 135.3045 149.0245 218.9084 240.5764 180.0111 103.4215  16.5851 205.4745 295.2657 267.5491 269.2679 201.8238  78.1385 185.9932 236.6571 187.2435  50.3387 178.8273 244.1675 158.5746 190.3536 109.9828  76.1494 135.0862 122.1734
177.6056  37.6620 221.5600  99.0731 211.2438 134.4461  93.6322 217.4622  96.1450 102.9230  79.0107 190.7700 234.7124 244.6671  91.6818 139.7113 123.4765  30.6811 104.0610 105.3770 187.4403 232.5929  25.3843  87.1756 126.8960 119.0216 110.7626 175.5628 215.7334 206.9089  15.9939 143.3784 140.6780 251.1146 233.9765 211.5555 231.1190  69.1033 171.2188 203.5846 107.6271  79.5327  97.2448 198.3435  75.3275 115.2116 152.7241  40.9758  95.9642  74.1216
 85.0022 147.5317 141.0585 168.5274  92.7776  74.5349 172.9280 247.3268 102.9219  73.4759 194.6062 304.6221 236.0572 278.5369 174.8955  87.9483 238.1034 120.1985  61.3870  73.4222 100.1377 184.6843 139.7481 110.8331 242.5686  44.6443 233.9810 292.0998 164.9191  74.9181 144.7076 160.8482 249.7517 269.2803 209.4217 274.6292 100.8720 169.7493  91.1885 167.4304 198.1327  94.9456 193.1907 192.9211 188.4701 172.5297  25.4880 103.2491  68.8486  75.5853
  8.3091  41.7726  20.4920  38.2116   9.3103  11.9068  49.3427  50.7906  34.6952  16.4573  47.7897  72.3565  46.1469  57.8424  40.6069  14.0315  57.2314  31.9997  14.8600  28.3081  11.5957  31.7446  36.6616  36.1770  58.4091  11.0449  59.5963  70.0452  27.3936   7.9692  39.6342  48.1601  59.0191  54.5800  38.5883  59.5291  12.7755  47.5898  10.7582  28.9981  45.8981  32.3492  45.4032  36.5967  46.1888  37.9204  16.2960  32.1740  16.9170  20.9095
 15.1229  51.0388   7.4431  32.5623  20.9722  17.9595  61.7345  32.4645  51.5772  23.2807  47.0128  68.0482  24.8148  38.9372  36.1402  15.3426  54.2574  37.0556  24.7951  46.6803  12.0646   8.3898  40.7401  52.0620  55.6215  25.2842  63.0308  66.9648   3.9777  26.9227  46.4022  65.6594  54.1596  34.0786  15.6908  44.9025  26.3357  57.7358  12.8922   6.8105  40.2714  48.1159  41.0888  16.6773  45.2965  29.9902  38.7277  44.0100  25.3238  29.5737
 45.6956 145.9172  97.1078 128.6668  72.0506  24.1234 182.7199 193.5251 127.4379  33.7936 167.6493 273.0791 180.5723 223.8591 138.0473  37.0703 208.2192 100.3925  26.5801 103.7675  58.5177 132.7947 120.3370 131.5629 213.2308  13.2306 219.2563 263.0523 113.7099  71.3079 134.5372 187.4618 216.2320 213.4611 154.8982 224.8994  90.9797 172.2159  46.0566 114.5627 160.8319 114.5262 158.2027 138.8196 160.8050 129.0244  72.6006 106.7431  35.3389  53.1373
126.2832  70.9115 134.6772  62.7620 142.3305 109.5385  83.0716  86.8540 103.9638  99.0941  41.1337   5.5840 105.2292  88.8429  56.5373 108.4791  23.3602  72.1763 102.2039 110.5096 127.5679 126.2549  64.0420  99.2884  21.1497 109.9565  38.3694   3.2500 123.3700 144.4190  65.2037 112.5008  22.3543  99.4088 117.1190  63.8619 152.0903  72.1719 121.7090 115.3990  48.0868  98.9539  47.0925 101.9681  43.9525  67.1592 129.2654  85.2205  98.3320  92.0165
 52.3377  49.1159  77.1466  69.8714  59.3687  41.3534  59.3881 111.9700  28.5699  34.3286  75.5570 124.5018 110.5700 125.6681  71.0953  47.0685  95.1400  42.4819  29.3727  16.4683  58.8253  93.2289  50.1857  31.6412  96.8837  26.5768  89.2937 118.2789  84.4192  52.3911  49.6560  55.9653 101.4174 123.5566 101.6645 119.8447  64.0389  58.3552  53.4156  83.6513  80.9788  24.2422  77.9258  91.4950  73.1955  73.4062  21.0917  29.2640  30.5970  28.0339
224.8581 162.8078 236.3487  61.8475 266.9180 186.5598 215.0043 115.8305 232.6470 166.7078  69.8393 118.4718 157.8283 130.2932  53.7262 180.1812  66.9339 123.4482 177.7193 236.4606 224.8598 209.6383 112.4274 224.1750  72.7573 198.2034 141.4592 117.0905 203.6945 278.3364 135.6123 277.9856  56.0194 150.4807 185.6809  79.3676 293.5021 184.1725 211.6121 182.8694  30.3618 215.0985  39.8043 147.2059  67.9712  65.5904 262.3863 175.8532 168.3391 159.6743
126.2892  12.8149 158.1584  82.6419 146.6461  98.6015  46.9322 161.5525  50.9916  77.8850  65.1828 135.4530 172.5398 179.6969  77.5012 103.3265  92.9708  35.5734  76.9462  61.1402 133.7747 168.4759  33.3247  44.0137  94.6900  84.8943  74.5865 124.4829 156.7149 141.4627  16.9457  79.3005 105.5351 183.9353 170.8987 157.0575 158.4881  33.1054 123.1029 149.4459  87.3943  41.4658  80.2168 147.6756  63.6348  93.3798  98.9623  19.9121  72.4281  57.6551
 71.7724 167.9687  69.4992  86.7277 105.4753  58.2750 213.1799 104.3679 181.5465  67.9754 144.8967 229.0479  87.7544 132.4267 101.0490  46.3186 173.5153 110.4226  77.4057 166.2420  66.1902  61.0631 123.3253 181.5078 178.9691  86.5399 209.9996 224.4392  48.1893 123.2738 147.4970 236.8807 173.4084 119.5482  67.7415 145.3977 128.7963 194.8464  59.3607  36.3968 117.7066 166.4025 120.8368  48.7883 138.0658  76.7527 148.5017 144.7156  76.0374  89.0985
202.6327  57.8235 242.6623 158.7185 220.7266 174.0612  14.8513 248.6207  68.8522 151.8552 124.0426 179.3225 263.5339 267.6804 150.6552 181.0556 145.1486 108.3888 148.4935  93.2905 212.6089 258.4024 102.8837  60.6800 144.9207 153.5924  95.5265 164.9441 244.5231 209.6218  79.5617  51.5782 161.6835 274.6862 262.2004 236.5177 230.3645  37.2022 201.0376 237.1334 157.6010  72.8307 148.8004 235.8156 125.1591 171.7056 147.6927  77.3902 144.8898 128.9079
 70.5652 101.2880  58.2302  57.5573  81.0568  68.4084 120.1883  21.8078 113.7288  71.2776  79.0710  96.2751  11.3817  23.3721  62.1869  63.6711  82.4083  79.5240  75.3339 109.2668  66.4867  37.7262  81.4963 112.8731  84.3576  79.4783 105.7876  97.5449  42.5842  90.1711  91.8255 134.3788  78.2208  12.3377  23.7001  43.6324  89.4311 111.1314  66.1430  37.8515  62.8728 107.4783  66.3479  26.4668  77.1150  51.5975 103.8699  96.7650  74.1972  77.7525
104.1273  27.7491 132.1875  88.5140 115.8304  85.6763  27.5264 148.6870  16.7405  71.4399  76.2950 127.6382 154.7472 163.3814  85.3970  91.0192  96.7784  50.0577  68.3074  31.2139 111.1821 145.4455  51.3411  10.0918  97.7825  70.7545  75.4279 118.6218 135.5166 108.2997  39.1554  36.0857 106.9464 165.4603 150.4632 147.2735 122.3728  30.3215 103.5244 131.6183  93.6516  15.5993  88.1791 134.0011  75.3194  96.2341  67.3520  22.5511  66.4959  56.4177
 39.3802  42.3109  45.1885  10.5475  52.0865  27.6986  59.3576  37.1295  54.0712  22.6716  30.3191  61.7392  40.2465  46.5232  15.1605  25.7531  41.1118  22.0676  26.4047  51.6420  39.7549  42.4001  24.7251  52.8626  43.0265  32.4003  53.7536  59.5648  38.5130  55.5144  34.0348  72.1405  41.9005  46.4999  40.5123  42.5265  60.0874  51.6147  35.4968  33.4024  22.0411  48.3265  22.4190  29.2643  27.8756   9.7124  53.7269  37.8993  23.8925  23.6516
 95.9143 121.9156 125.3018  62.6660 134.1283  56.1228 172.0263 144.2646 143.0417  36.4075 110.7017 215.9741 145.5499 174.5385  73.1659  53.7589 149.7441  58.6162  47.8044 131.4301 100.2763 131.4356  74.7878 141.1838 155.3298  66.5403 175.7156 207.2331 115.5864 141.4918  99.9720 202.3148 155.6645 170.8201 135.9088 165.7839 157.8482 151.6863  85.6481 104.4037  96.5071 125.5136  94.8418 105.9751 103.1401  63.9592 132.6833  97.6992  40.0488  42.4247
151.5586 217.3441 125.3988 121.9167 174.8072 146.3256 258.5835  44.4026 244.6674 152.2956 168.9089 206.9891  21.5265  49.0928 132.0273 136.0114 176.3719 169.8944 161.1832 235.0512 142.8079  80.9572 174.1580 242.7585 180.6397 170.3616 227.2348 209.6356  91.1273 194.5146 196.6926 289.6523 167.3435  24.9196  50.1008  92.6105 193.2121 238.8106 141.8286  80.3842 133.5940 231.0202 141.1563  54.6826 164.6271 108.9129 223.6837 207.5700 158.6304 166.2542
122.4775 150.6715 124.7003  42.7777 157.8217  96.8108 198.7466  69.9373 185.8513  90.4534 103.1028 176.4642  79.9301  96.9564  56.8945  87.8870 124.5525  95.4443 101.4763 178.2934 119.6400 102.5370 100.4123 182.5164 130.0479 116.7684 171.8427 173.4638  96.3058 172.1199 126.7398 236.3971 121.4842  95.6994  88.1555  94.2041 181.0804 176.0093 110.3221  78.9282  67.8207 169.7698  73.5526  54.6682  96.9370  28.0685 179.0236 140.5466  95.7113  98.6570
 35.0525  42.7298  55.1432  48.3735  44.4579  22.8706  56.4046  82.4823  34.8837  15.6115  57.6112 100.2265  80.9449  94.3224  50.3504  27.3918  74.4299  28.8722  11.5400  26.7589  40.0552  67.0163  36.5876  36.1266  76.1830  11.4906  74.3313  95.4808  59.5785  41.4388  39.7423  59.0322  78.9049  92.1969  73.5532  90.4934  50.6468  52.7428  34.7638  58.3784  59.2416  29.2962  57.1669  64.6038  55.2047  50.6400  25.5375  26.3391  12.4025  11.8387
241.7534  80.3512 274.8539 110.1860 278.1566 198.9412 115.9972 212.5159 161.6887 169.6800  41.9017 107.9582 245.0818 230.4009  94.0109 200.1945  54.9553  95.5901 174.3527 178.6360 248.4507 270.2741  74.2855 150.1949  54.8060 191.5389  37.5069  91.4864 257.9136 277.8072  68.1803 186.2345  76.1842 246.8661 259.5948 180.8102 299.6711  86.9346 232.9119 241.5398  89.0911 149.6293  78.8032 221.4430  48.3232 126.9993 229.3293 117.1467 165.3016 146.3086
 65.0384  26.2891  83.2396  36.0920  79.8314  46.5594  49.2746  85.1849  43.5744  33.2080  36.2589  85.6458  90.8273  97.4127  34.7132  48.5770  55.9107   4.0817  34.1741  44.1180  68.9978  88.1259  11.0281  40.8850  57.7656  41.1538  55.9918  79.8276  80.8591  78.8230  17.2086  66.9781  62.0421  99.0187  89.3447  85.7872  88.7014  39.7344  62.1061  75.9007  43.3333  35.7373  39.6289  74.6472  33.8235  42.0897  59.3194  19.5379  30.5126  21.5382
 52.3850  88.7418  89.1893  88.3165  70.7025  30.5705 115.0676 145.6370  75.6352  21.4045 110.4761 188.5349 140.4979 167.6251  93.3511  39.3253 140.9793  58.8696  12.7543  59.7526  61.4824 111.9748  73.4500  78.1310 144.4102   9.2400 144.6197 180.4060  98.2080  66.9758  81.6627 119.8693 148.1992 162.3919 125.2109 163.4770  83.0811 107.6720  51.7968  96.7625 109.9835  65.6091 106.9483 110.1763 105.7587  90.9505  48.4320  59.4774  17.4023  24.3654
 39.4520  20.5675  43.8516  10.9463  46.8440  31.7102  29.8146  28.8991  34.1375  26.9729   3.3952  20.9586  35.1871  32.3789   7.8150  31.2480   8.0884  15.6912  28.5237  35.6012  40.1217  41.3497  12.6601  32.4010   9.1871  32.1721  17.6496  19.2247  39.4654  47.9003  15.8858  41.5928   9.7207  35.3408  38.5267  23.7495  51.3613  24.1946  37.3783  36.0662   5.7725  31.1405   3.9890  31.3270   3.1499  13.7226  42.1896  24.0708  26.7340  24.1308
 55.2874 224.6085  75.8726 199.6163  18.2723  90.9644 255.2193 232.6028 191.9940 115.4397 245.3175 345.4075 204.3222 260.6990 211.2701  94.6165 283.2307 182.3683 110.8972 164.3704  58.3217 130.7591 201.5867 199.0518 288.3472  96.6444 297.4203 336.8583 116.0294  27.0572 215.2732 245.6081 288.9327 242.3307 165.9228 277.3134   7.6782 248.6371  67.4448 129.5447 232.6077 183.6653 231.9262 168.4723 238.4578 195.5222 106.3474 184.7757 119.0149 136.8388
143.3363 238.9510 112.0496 129.5430 171.1629 139.2921 288.2146  64.9626 264.5337 149.2957 190.9365 252.5800  20.9965  84.9225 143.6364 126.7171 207.3502 179.6751 159.5140 250.6892 132.5541  59.7379 187.7940 263.2697 212.8671 169.1737 262.3731 253.1215  70.4294 195.0096 214.9221 320.5098 199.7250  59.7147  22.3074 126.0676 193.4856 265.9476 131.7666  57.0792 150.8371 248.3391 158.5992  32.1573 184.9047 113.8785 232.6635 222.2884 157.3664 168.6444
111.0568  71.2955 139.1372  44.8415 141.4099  76.3413 115.1765 133.9204 103.7345  53.4071  63.4597 155.1355 144.1535 157.0549  45.6254  77.1723  98.8739  17.8928  59.0292 101.2666 116.3572 142.8574  28.6012  99.5691 103.1024  74.5688 113.6414 146.1591 130.3389 143.6370  50.9660 148.7929 107.0711 159.3768 142.7419 138.2868 159.8755  95.9404 103.7201 119.7271  64.1968  88.8900  59.2806 114.7098  57.5470  54.5511 119.5876  60.0696  51.2965  39.6583
 28.2721  67.8166  48.7177  50.7013  45.5657   8.2623  88.9977  83.8221  66.3511   6.1573  72.3056 124.3123  79.1746  98.9384  55.7817  11.6238  92.0258  41.1254   8.9725  56.8072  32.3068  60.6152  50.7506  67.2167  94.6362  14.2689 100.7214 119.7021  51.4502  48.0979  60.0139  96.4734  95.4323  94.5806  68.7075  98.5450  56.5168  81.7770  24.9312  49.6155  67.1105  58.7824  66.1325  58.4340  68.7560  50.5823  48.1098  50.6274  10.1203  19.9861
265.9533 168.3458 278.3092 131.3971 300.0167 232.5868 197.6595 164.7020 236.1432 212.9259  97.8697  23.3640 205.0836 165.0868 120.1985 228.9296  60.3696 162.3176 220.4645 247.4398 267.1669 255.6708 146.8045 226.8881  57.6973 237.0368 107.0372  36.1377 251.5487 306.7697 153.6037 258.0435  48.9125 188.8605 233.4490 112.4371 321.1255 174.0328 255.6849 234.3446 100.4262 224.6329 101.1870 203.2124 102.5666 137.7736 281.8822 194.5846 212.4336 201.1942
 23.8352  91.6685  54.5830  85.3788  31.9898  23.5098 110.3724 119.9253  75.6918  31.6374 107.1061 167.0270 110.6693 137.1213  90.7338  29.9895 130.2520  68.2723  27.0599  60.6707  32.1318  79.1917  79.5950  78.9805 133.0554  17.2732 135.0828 161.2092  68.3969  28.5605  86.5180 108.8893 134.9536 130.2704  94.0653 139.1614  40.7876 105.8610  27.5589  70.7809 103.6455  69.5599 102.1327  87.1306 103.2790  85.3781  35.2618  68.4275  32.1228  41.3103
 44.2934  34.9452  49.7082   1.5718  55.6583  33.3196  50.3882  33.8680  49.6030  27.5773  18.9482  46.4642  40.0078  41.2531   4.5483  31.9534  27.9331  19.0085  30.5842  49.0331  44.8147  46.0864  18.7867  47.9071  29.6670  36.1670  40.7756  44.5074  43.0596  58.2700  27.0685  64.3676  28.6315  43.1844  42.8295  33.8907  62.7494  42.6887  40.9012  38.0820  10.8974  44.5154  11.0671  32.1604  16.8387   6.1655  54.0651  34.1889  28.0426  26.0674
 11.7683  55.1297  13.5865  46.3984   4.8598  21.0839  63.2842  52.3759  48.7784  27.5063  58.3448  82.0289  45.0427  59.0306  49.4281  21.2940  67.1861  43.9351  26.8954  42.3158  11.2674  26.8465  48.4953  50.2760  68.4613  24.0517  71.7951  80.1782  23.5005  10.6273  52.3516  62.1231  68.2424  54.3207  35.5124  63.7746   6.8504  61.1994  14.1908  27.0476  54.4356  46.4404  54.4852  36.7136  56.6525  45.0483  29.1303  45.8348  28.6919  33.2485
 73.3015  56.2826 103.4809  89.9999  81.1605  59.8487  65.1843 143.2882  25.6723  50.4717  93.1553 151.4999 142.7054 159.7077  90.6202  66.6948 116.6117  54.3865  44.7588  10.2014  81.2127 122.8196  62.5475  30.1557 118.5066  42.0106 105.9800 143.5380 112.1531  71.8374  59.3444  58.3316 124.8870 157.8403 132.6283 151.0543  86.0872  65.7285  74.6718 110.9808 102.1110  22.0673  97.9796 119.7439  90.6296  95.0183  29.8102  33.3395  45.7328  41.0095
 13.5864  63.5241  24.3561  57.3480   4.6809  23.2778  72.9311  70.0145  53.3946  30.3412  70.7449 102.0799  62.2853  78.9131  60.7513  24.9891  82.6979  50.8108  28.6562  44.8746  15.9364  40.8727  56.7958  55.5423  84.2529  23.9902  86.4023  99.2747  35.7951   3.8648  60.7883  70.1818  84.7104  73.7812  51.1156  82.8908   6.6087  70.9258  17.5795  39.2430  67.4674  50.7468  67.0726  50.6057  68.6468  56.4385  27.2943  51.1106  31.2405  36.5968
 47.8253 197.1241 107.7333 185.4422  52.8325  59.4572 232.7044 250.5913 160.6312  78.4170 229.5987 349.4143 229.5108 284.9202 196.4629  71.0462 275.8697 151.7863  69.5007 129.3681  64.0907 161.4599 174.4253 168.0594 281.4859  49.8074 285.0760 337.8042 140.1860  41.9635 187.7000 225.7357 285.1684 269.8859 193.8444 291.2854  67.4238 224.9048  58.7561 147.1984 222.2583 149.6004 219.4054 182.8385 221.9419 184.8815  70.7331 150.0575  79.6217  97.8692
 26.2427 130.5683  25.2990  86.7622  47.6609  32.7365 159.9525 101.1124 128.9789  49.3352 125.3453 189.3198  83.7742 120.6768  96.3546  26.0161 148.2383  91.9706  52.8136 114.5490  19.5735  42.8672 103.4713 130.6785 152.0517  53.3160 168.8846 185.1654  30.1144  62.4013 118.4432 169.2303 149.5492 109.0594  60.9734 132.4690  64.1324 149.5145  18.5699  33.6006 109.6182 119.3439 110.8570  57.5392 120.4060  81.2798  91.8139 108.9082  54.9742  67.7386
 43.8007 174.5525  90.3274 129.0662  84.8230   3.2076 221.7147 191.2844 166.8073  34.9192 182.6737 299.1739 174.8255 225.6824 142.0810  12.0592 226.4129 114.0141  37.8501 142.7619  52.2152 122.8078 135.6259 169.7908 232.4775  39.4312 248.8719 289.3935 101.4209  94.6795 157.0421 235.2350 232.9665 212.7096 145.8806 230.8122 110.9469 206.0445  35.4938 100.5711 167.3398 150.4956 166.1668 127.5159 174.5048 126.2609 112.2361 134.6331  43.2014  65.9635
153.0555  55.5433 195.7473 141.5453 167.7416 128.1359  49.5082 228.9525  12.6343 108.7842 126.3767 202.4576 235.9261 251.1181 137.7861 136.7740 156.9176  84.4578 103.0185  37.0017 163.9880 218.2391  88.1565   5.6181 158.4550 104.4300 125.2430 189.1800 203.2365 154.8735  71.5930  44.1454 171.7500 253.1057 227.5754 229.0800 175.7991  57.9828 153.2388 198.6083 150.7201  19.8447 142.8603 204.5018 124.7169 152.3493  91.4501  42.4529 101.3783  87.9446
 16.4191  78.5660   7.1016  53.9477  24.8950  24.0377  94.5307  58.2352  76.7635  33.6722  75.5735 110.2802  46.9083  68.6443  59.3372  20.8159  87.9137  57.4392  35.2661  68.4241  11.2722  20.5841  63.7716  77.8934  90.0254  34.7826  99.7089 108.1571  14.0374  34.2807  71.9845  98.8768  88.3944  61.3544  32.7181  76.8567  33.4025  88.9567  13.7610  18.5441  66.4281  71.6391  67.2823  33.5743  72.8570  50.6001  54.2007  66.4010  36.6953  43.8397
179.7306 208.8800 165.6779  95.9032 212.7936 161.0002 256.6319  10.0527 252.3160 158.3951 142.5285 179.8655  53.9790  28.4583 104.3634 150.4861 146.1517 158.6573 169.4428 246.4078 173.3297 123.5793 158.9631 248.0724 150.9106 183.9481 208.4675 183.1024 127.4766 231.2322 184.3008 300.4850 134.4636  38.1633  91.3238  49.8030 235.9591 231.8909 167.3250 109.7461 100.7634 236.2543 110.3534  69.6773 138.4645  82.5587 246.8154 205.4836 164.0810 167.2632
 41.6773 231.3000  36.1248 183.3795  32.6435  80.8560 269.4282 203.0537 211.3521 109.4322 237.6305 336.9673 170.9047 231.3156 197.0532  78.8047 274.1642 179.5640 108.9958 184.9835  33.5477  92.9792 198.5612 216.7124 279.7551  99.9221 298.4246 329.8250  78.4860  61.0004 217.2375 270.0908 277.5162 210.7538 129.9679 253.2203  50.4223 258.3047  48.0768  93.9110 217.8630 199.8741 218.8440 135.6916 230.2830 176.3615 133.5650 193.2931 115.7335 135.8308
 86.4833 118.9090 136.9541 145.5259  97.1773  70.7957 141.3212 222.0857  78.7642  63.9725 164.8354 263.8885 214.8624 250.0438 150.0988  82.8772 204.1878  97.5887  52.9733  52.7189  99.9302 173.2549 114.6555  85.5486 208.0383  41.2979 197.7651 252.1650 155.4252  82.2805 117.4095 132.1128 215.4518 243.3186 193.3268 243.3279 105.6372 138.5748  90.4404 156.0392 170.7506  70.9992 165.6722 176.0735 159.5560 150.4642  26.9645  78.9044  58.2487  60.3060
 50.8630  30.2545  64.9873  24.6222  64.4207  34.8093  50.1888  65.6324  43.9538  23.7321  31.0828  73.6629  69.9346  76.3782  24.7212  35.7693  47.7392   5.5069  25.7128  42.8361  53.7039  67.9705  12.4135  42.0906  49.5924  32.5875  52.3598  69.2512  61.9299  64.7939  21.5081  64.9377  51.9750  77.2934  68.6414  67.7313  72.6397  41.7421  47.8151  57.4022  33.0758  37.0955  30.5595  55.9946  28.5128  29.1086  52.0731  23.9098  22.2246  15.8926
167.5485  79.3728 184.0124  68.7121 193.0065 140.0289 104.4593 123.8076 131.9845 122.4624  28.2198  47.1196 149.2515 132.4732  57.8431 139.0297   8.7623  78.0005 127.1151 141.1483 170.3598 174.7866  64.8441 124.7976   7.6441 139.4693  42.1813  38.6811 168.5268 195.4891  67.9635 150.3694  22.4847 145.8992 163.5958  96.4110 208.3814  85.3430 160.5978 156.4415  47.6103 123.1198  43.4147 138.4480  33.0735  77.8406 170.2530 100.0784 120.8860 110.2732
222.2189  40.7241 261.5223 136.1141 250.2156 184.7211  49.6315 237.8398 106.0897 157.0475  85.8811 147.9409 261.0710 257.3988 124.1325 189.6132 106.7141  92.3225 157.2009 128.3010 231.3102 268.9390  78.1452  94.7550 106.3082 168.7464  52.7545 131.5392 254.9260 243.7122  53.6571 115.3230 125.9662 268.7950 266.5404 216.9202 266.1388  26.7131 217.0868 243.0693 127.6771 100.1907 117.4561 233.4680  88.5949 151.9096 184.8483  82.0516 150.5600 131.1188
 74.0012  80.3994  70.6736  32.2184  88.7229  64.3443 100.7926  12.8271  99.9351  61.8849  51.6353  69.5587  29.1973  20.7655  35.4831  60.2132  53.6785  59.4474  66.5978  97.9850  71.9100  54.9434  59.1396  97.9274  55.7774  73.2035  80.0015  70.4465  55.3101  95.8064  69.8690 120.0987  49.0753  25.6233  42.7424  19.0373  98.7250  90.1137  68.6857  47.4463  33.7337  93.0774  37.8419  30.9428  49.8901  26.8867  99.8264  79.6332  64.0248  64.5981
145.9769  28.7500 177.3168  72.7895 172.4094 112.8564  71.2412 162.6730  83.7683  89.0800  48.0007 130.6831 178.7991 182.0331  64.9788 115.9445  80.5116  30.9778  90.9041  92.8904 152.8122 182.5241  18.2637  76.1187  82.8387 103.0152  70.4437 118.9677 170.4797 170.0046   7.1981 115.0850  94.2301 188.7624 181.1679 153.7388 188.0002  49.8121 140.5013 160.2389  74.2416  72.0959  65.8203 153.1707  46.1418  85.8956 129.9505  43.9659  84.3894  68.2825
 30.2853 112.3452  50.8840 105.7518  15.8068  45.1940 127.6801 130.7896  91.7672  56.3972 127.9945 184.1717 117.6915 146.7067 111.4266  49.0785 149.6008  91.6165  52.6731  76.3215  35.2817  80.1536 102.2720  95.9393 152.2908  43.6170 154.3048 178.8778  71.0323   0.8000 108.3980 120.7966 153.6457 137.9438  98.1661 152.8021  13.4866 124.9742  37.3352  76.8973 123.4832  87.6831 122.4682  96.6829 124.3464 104.6709  43.6170  89.8921  57.4008  66.2408
251.4635 123.5192 276.1175  94.4429 291.8141 208.5279 166.7049 181.5900 204.6027 181.5720  34.8068  82.5745 220.9320 196.1380  77.4791 206.4656  11.7045 114.0951 189.3812 217.1415 255.4646 260.8873  94.3206 193.7651  16.3941 209.0799  76.3042  71.3724 251.2132 296.5826 102.9986 237.1883  31.1409 216.4770 243.1867 140.9567 316.3096 136.0897 240.2713 232.1174  60.9214 189.8303  54.5060 203.6664  41.5918 108.5359 259.9466 152.5643 179.5531 163.7013
215.2761 254.2157 197.5169 116.8399 255.2261 193.1442 312.3031   8.5068 305.9320 190.5851 174.7669 221.8992  61.4564  35.5962 127.5983 180.2462 180.1166 192.5853 203.9946 298.3155 207.3111 146.0517 193.4433 300.9469 185.9530 221.4024 255.2540 225.6209 150.9742 277.8574 224.3766 364.8587 166.2405  44.0192 106.7649  64.6107 283.3196 282.4125 200.2262 129.5190 124.0329 286.4150 135.5833  80.8443 169.6818 100.3000 297.8408 249.2944 197.6313 201.9342
123.2439  45.8202 138.0698  65.2582 138.8871 104.5095  54.0054 107.2941  80.7054  91.5502  34.8881  42.1130 122.9849 113.7656  58.0148 105.2467  31.4455  58.8083  93.2968  90.0497 126.3366 135.7888  49.5871  75.3347  29.7934 100.5128   5.1344  34.0004 130.5350 138.1647  44.3438  85.9213  39.9304 122.1891 130.4984  89.9783 148.0277  43.4226 119.5133 123.2461  54.2415  76.7130  50.2436 113.7317  38.0803  72.3876 114.6915  64.5368  89.4280  80.8211
198.5067 170.6143 206.8746  40.3269 241.8958 161.4982 227.7665  94.2978 232.3583 144.8356  87.7450 159.3037 130.6843 116.8512  43.5638 153.4259 100.9892 116.6577 157.1874 231.1882 197.2662 178.6861 111.8853 225.3341 107.4836 177.8837 169.6821 157.0079 172.4802 255.8048 140.9438 285.7311  93.6822 130.8170 155.3097  82.0922 269.7064 197.0807 184.3819 151.0033  37.1457 213.3234  48.4139 115.1556  82.4596  35.1041 248.4479 173.7413 148.1628 143.3014
199.9002 111.1498 213.4263 102.7457 224.4504 173.9767 128.1501 140.6172 162.0711 157.6256  68.0485   9.7098 168.8858 143.5584  93.0209 172.5600  41.4401 115.3867 162.2153 172.8019 202.0718 200.9311 102.6507 154.7521  37.8259 174.0313  58.6218   4.3863 196.3545 227.2800 103.3218 173.6291  41.0468 159.8972 187.0680 105.0448 239.3218 111.9046 192.9792 184.1532  80.3375 154.7288  78.5175 163.7132  72.5493 109.7592 202.7246 134.1155 156.2722 146.2450
 75.3510  20.4692  92.7077  36.4153  90.3791  56.7504  44.5378  86.7704  46.8161  43.4754  28.0493  76.4001  94.8212  98.0957  32.9432  58.3778  47.2943  10.7718  44.7161  50.1763  79.0812  95.8059   4.8759  43.0820  48.9035  51.7659  45.3965  70.2377  88.9785  89.4241   8.6585  66.8105  54.2415 101.1798  95.4394  83.6793  99.3101  33.2629  72.1884  83.3594  39.5457  39.6447  35.1445  79.9637  26.2383  43.4598  68.6571  23.1106  40.9770  32.1263
193.2771  81.5339 217.8825  68.3252 226.7392 156.2523 121.5938 156.0311 148.9668 132.2359   7.6425  94.2968 184.7291 172.1554  53.7717 155.6241  35.2422  72.3257 138.1025 158.9971 197.7000 209.9330  55.0177 140.0227  38.5710 154.4326  61.8065  83.2467 200.1060 229.3330  62.6005 179.1661  50.2325 186.0970 198.7142 130.5683 246.8928  95.2988 184.4505 184.9739  47.9912 136.1079  39.0487 165.1877  14.4655  82.4917 195.6481 104.2337 129.8285 115.3831
 80.0860 221.7838 128.7389 223.4373  57.7227 101.4024 248.8596 284.9771 171.8391 118.8660 263.2269 380.1601 261.2921 318.1523 233.6437 111.9639 308.7661 185.7434 109.0124 139.4561  92.9365 187.6342 207.4818 181.4055 314.0185  88.7755 311.9387 368.1867 168.1255  26.8357 216.7095 229.0735 318.7481 301.9383 223.1466 326.3101  50.7439 245.9490  93.7537 178.4943 258.7303 165.3629 255.5029 216.8821 256.0487 223.2432  68.9771 174.7555 118.8188 134.1230
 30.9417  91.9774  48.0290  58.8476  53.7911  12.6206 118.8382  89.6228  93.6057  20.0545  89.9716 150.2044  81.8248 107.8349  66.4015   6.5224 112.1348  57.3500  24.9934  82.4213  32.5367  58.7760  67.9919  94.3753 115.4479  30.0298 127.4077 145.5513  47.9773  60.8986  81.0800 129.6680 114.7728 101.3093  68.2644 110.6842  68.2606 109.0695  24.2653  45.2960  79.4239  84.3373  79.3839  56.7971  85.5627  56.4144  70.0737  73.1573  25.3857  36.0310
223.7910 162.2565 233.3122  71.1205 263.3294 188.1233 210.0899 111.2244 229.6832 169.6618  72.9864 103.0059 153.3059 121.5461  63.3834 181.9499  62.0101 128.0540 180.0163 234.0796 223.5106 206.2733 116.8137 221.4338  66.8372 199.2586 135.2112 103.5205 201.5224 274.3516 137.3303 270.7835  47.9629 142.8750 182.0569  69.1495 288.3837 181.0052 211.2447 181.7206  40.8754 213.4142  48.7499 146.5631  72.3742  73.9452 259.3967 176.5436 171.2031 162.9459
 73.0208  16.4541  93.7538  58.6140  83.1391  58.0811  25.8703 104.5049  17.5981  46.6961  50.9627  92.2923 109.1666 115.7980  56.4507  61.8342  67.4650  29.0982  44.7778  24.6263  78.1303 102.8373  30.5873  13.6420  68.4557  47.5844  54.5938  85.6772  95.3787  78.4229  22.5084  36.7902  74.8884 117.3096 106.1910 103.8915  88.9620  23.3772  72.0933  92.0904  63.1241  12.3301  59.0552  93.4157  49.9136  64.4341  49.6867   8.2721  43.0094  34.9091
 87.4645  15.4413 106.6695  45.3181 103.0964  67.6726  41.0641  99.2835  48.3233  53.3701  30.7559  80.0310 108.6944 110.9936  40.7851  69.7066  50.1278  18.9024  54.2488  53.9942  91.7006 110.2969  12.1426  43.7005  51.4782  61.3131  42.9338  72.9193 102.9613 101.3864   2.3479  67.0748  58.4363 114.8959 109.7964  94.1847 112.2987  28.4170  84.3149  96.9620  46.4973  41.3872  41.4600  93.1057  29.6776  53.1231  76.6997  24.6703  50.4252  40.6436
 27.7209  27.7209  27.7209  27.7209  27.7209  27.7209  27.7209  27.7209  27.7209  27.7209  27.7209  27.7209  27.7209  27.7209  27.7209  27.7209  27.7209  27.7209  27.7209  27.7209  27.7209  27.7209  27.7209  27.7209  27.7209  27.7209  27.7209  27.7209  27.7209  27.7209  27.7209  27.7209  27.7209  27.7209  27.7209  27.7209  27.7209  27.7209  27.7209  27.7209  27.7209  27.7209  27.7209  27.7209  27.7209  27.7209  27.7209  27.7209  27.7209  27.7209


1.8125 4.2360 3.5000 4.9926 6.5061 4.2872 3.9316 5.1454 2.1753 2.1016
3.1786 6.9230 2.0577 3.5967 4.7381 0.4575 5.1029 0.6252 3.0742 2.1016
3.1309 3.2538 4.2439 5.2721 6.6691 5.3580 3.6055 6.1381 2.8815 2.1016
3.3706 4.0722 1.0667 1.2792 2.8276 2.7280 2.0996 2.9395 1.6310 2.1016
2.3009 4.8668 4.3915 5.9479 7.4633 4.9944 4.8214 5.8940 3.1044 2.1016
1.2495 4.2462 2.5046 4.1167 5.6556 3.3353 3.4454 4.1665 1.2227 2.1016
3.9800 8.1973 3.3450 4.7931 5.7847 1.6689 6.3926 1.5194 4.2744 2.1016
5.3070 2.0730 3.7261 2.6398 3.2274 5.4200 0.8178 5.6048 3.4939 2.1016
2.4972 7.5638 3.2014 5.1675 6.4869 1.8260 6.0886 2.5228 3.5175 2.1016
1.0784 4.5566 1.8648 3.6605 5.2106 2.6257 3.4216 3.4501 0.8010 2.1016
4.0770 5.6412 1.5029 1.5085 2.5509 2.1311 3.5860 1.7982 2.8280 2.1016
6.7412 7.1026 4.1352 2.7659 1.9401 4.5422 5.0717 3.8185 5.3664 2.1016
5.0947 0.9330 4.1169 3.5636 4.3704 5.8036 1.1812 6.1593 3.4741 2.1016
6.0589 2.3793 4.3642 2.9996 3.2217 6.0360 1.5754 6.1418 4.2336 2.1016
3.5351 4.4289 1.0153 1.0901 2.6239 2.5493 2.4150 2.6530 1.9004 2.1016
1.5696 3.9209 2.5025 3.9752 5.4999 3.4889 3.1575 4.2829 1.1524 2.1016
5.1231 6.0117 2.5125 1.5285 1.8185 3.0844 3.9202 2.5341 3.7672 2.1016
2.2946 5.3901 0.6490 2.6790 4.1196 1.1397 3.6564 1.7554 1.5530 2.1016
0.7829 4.8119 2.0404 3.9098 5.4588 2.6040 3.7163 3.4693 1.0888 2.1016
1.8851 7.1866 3.1899 5.2480 6.6583 2.1548 5.8697 2.9940 3.2070 2.1016
2.1533 3.9264 3.6338 4.9971 6.4859 4.5368 3.7644 5.3709 2.2758 2.1016
4.0175 1.8326 4.2508 4.6901 5.9026 5.6889 2.5879 6.3216 3.0567 2.1016
2.7846 5.5983 0.7213 2.4358 3.7911 1.0442 3.7509 1.3897 1.9547 2.1016
2.6202 7.5376 3.0566 4.9773 6.2659 1.5914 6.0005 2.2436 3.4842 2.1016
5.2368 6.1518 2.6366 1.6657 1.8580 3.1449 4.0609 2.5569 3.9030 2.1016
0.4500 5.0339 2.4925 4.3755 5.9247 2.8877 4.0862 3.7895 1.5289 2.1016
5.1633 7.4874 3.0388 3.1801 3.5940 2.4980 5.4230 1.5813 4.4021 2.1016
6.4543 7.1458 3.8829 2.7163 2.1406 4.1713 5.0839 3.4180 5.1587 2.1016
3.5422 2.2285 3.9155 4.5448 5.8389 5.2917 2.6206 5.9585 2.6653 2.1016
2.0751 5.5206 4.4760 6.2021 7.7419 4.8310 5.3109 5.7594 3.2976 2.1016
3.0021 6.3005 1.4234 2.9735 4.1919 0.4877 4.4522 0.7593 2.5545 2.1016
3.9888 9.0196 4.4348 6.2101 7.3557 2.7974 7.4416 3.0866 4.9664 2.1016
5.3830 5.7830 2.7427 1.3209 1.3193 3.5097 3.7058 3.0127 3.9032 2.1016
5.8634 1.6317 4.4839 3.4340 3.8828 6.1847 1.4520 6.3997 4.1164 2.1016
4.5260 0.9779 4.1696 4.1665 5.2171 5.7592 1.8514 6.2708 3.1972 2.1016
5.9350 3.6545 3.7346 1.8876 1.7602 5.2599 2.0167 5.1699 4.0734 2.1016
2.6587 5.4098 4.9340 6.5507 8.0729 5.4068 5.4431 6.3263 3.6827 2.1016
3.7892 7.6205 2.7443 4.0940 5.0851 1.1689 5.7631 0.8153 3.7945 2.1016
1.8584 3.9589 3.2736 4.6933 6.1981 4.1717 3.5993 5.0023 1.9231 2.1016
3.5348 2.0071 3.5772 4.0749 5.3498 5.0375 2.1319 5.6531 2.4087 2.1016
4.1004 4.5818 1.5275 0.5637 2.0612 2.8846 2.5016 2.8107 2.4616 2.1016
2.1988 7.1475 2.7797 4.7670 6.1130 1.4936 5.6579 2.2830 3.0971 2.1016
3.9905 4.7936 1.3722 0.7881 2.2049 2.6398 2.7249 2.5457 2.4297 2.1016
4.0555 1.5711 3.3278 3.2858 4.4145 4.9625 1.0882 5.4220 2.4980 2.1016
3.9208 5.4899 1.3279 1.4543 2.6007 2.0764 3.4454 1.8284 2.6448 2.1016
3.4634 3.6645 1.4040 1.3792 2.8798 3.0962 1.6954 3.3446 1.6329 2.1016
1.2943 6.6442 3.7877 5.8323 7.3557 3.4153 5.7765 4.3461 3.1598 2.1016
2.1378 6.4859 1.9137 3.8753 5.2276 0.7262 4.8751 1.6512 2.4534 2.1016
0.9554 4.7695 1.8168 3.6963 5.2442 2.4441 3.5875 3.2898 0.9194 2.1016
1.1526 5.0807 1.4899 3.4980 5.0285 1.9397 3.7224 2.7904 1.0526 2.1016