25 10 5


31 9 6 8 9 7 13 30 12 34 30 32 5 28 32 27 16 14 11 18 9 24 8 11 29 
1348 1476 628 1205 1026 1055 730 841 938 1461 
2528 4212 1739 1045 1597 


357.0016 124.9158 111.0003  14.9894  35.2975 336.0993 366.8787 196.0276 315.8769  67.5966 
335.2195 305.1492  54.2975 242.4613 165.0013 444.9229 276.0012 350.3466 207.7803  30.9478 
439.9767  46.1444 327.9862 268.0138  85.7104 407.8165 379.0000 102.3806 205.0540 299.8040 
320.2096 282.1494 142.4367 388.8731 143.9978 318.9998 266.1054  11.8456 449.0236 386.5594 
 14.1954 170.4689 406.1546  10.4138 314.0900 375.0064 368.7466 307.9999 285.4934 346.3804 
322.4451 221.5815  56.3863 163.8976 406.9449 422.9462 151.7888 311.0467 344.4194  71.6958 
124.7134 172.6868 424.7258  85.5269 279.0419 396.5231 324.8217 277.9703 438.4873 179.2095 
229.8898 416.1738 161.4465  62.0514 405.1794 375.0336 421.0702 196.8959 152.1450 419.4218 
449.9026  85.0357 339.0380 168.9666 225.6060 331.7525 113.0013 132.1583 255.9729 266.9750 
 61.6383 324.3166 292.9976 244.9492 279.8946 112.2545 151.1534 376.0903 105.9197 402.2143 
370.1018 348.2804 414.2735 404.0190 165.3183 409.6348 295.6289 429.1532 144.0934 260.1212 
173.6675 226.3115 318.4724 175.9987 334.9928  22.8130 291.4585 231.3813  47.1530 430.2548 
179.3478 124.0164 202.6528  62.0122 284.9699 176.9974 347.1155 436.3965 301.5325 416.3860 
385.9822  42.8650  31.9476 209.0342 342.5862  34.1976 268.9308 138.7564  20.3620 360.1453 
128.1674 198.6215 160.8173 259.7381 369.8776 427.9849 311.1413 207.0249 432.0365 175.1055 
  5.0194 273.8380 423.7394 258.9992 270.7202 384.9597 222.7050 227.2676 202.1226 244.3033 
111.2549 131.8866 162.8406 238.1185  58.1173 167.5488 435.0793 324.4914 163.7349 361.1693 
446.9275  93.5095 141.6957 279.7333 154.4435 412.8317 319.0844 180.9641 348.3372 140.9911 
440.9949 130.3918  49.8182 155.2775 242.6952 152.3375  35.4414 403.7104 417.9687 143.2033 
224.9308  57.6028 126.8147 223.2643 173.1491 419.9490 418.0134 444.7618  32.6103  59.7197 
337.0361 212.4447 246.1752 268.8647 129.4100 423.2887 252.8906 153.0002 275.2916 143.6028 
  2.0730 157.0029  45.3224 412.8869  60.6110 181.5732 216.0221 378.0011 271.6361 405.6754 
337.6008 184.8354  70.6706 415.0438 259.2370 385.3379 396.3252 200.5443 199.4062 384.2515 
291.2951 174.2740 321.2898 145.3429 285.0531 274.9657  26.4773 447.0979 208.9621 359.3571 
158.2619 109.4037  79.5340  47.7503 390.8867 165.0003 102.2548 315.1478 130.9940  59.6711 


9.8325 8.1346 9.3452 5.9634 2.4205 
2.2917 9.2514 6.7031 6.9972 3.6925 
7.9581 1.3289 7.7102 6.9965 1.0165 
5.7317 4.5966 9.1162 4.3578 6.2028 
2.6680 3.5898 3.9707 4.7622 3.2855 
1.1128 7.8004 4.0093 1.7891 5.9064 
3.0690 7.0997 3.6655 9.1659 0.1683 
6.9510 2.5423 8.4911 8.2263 8.6956 
4.2095 3.9999 5.8699 5.2567 2.4967 
8.0002 5.9959 6.4045 4.5479 5.9785 
