100 25 5


16 17 35 13 21 18 26 24 8 17 14 24 11 32 10 26 20 31 27 11 25 27 20 7 22 13 6 33 29 16 33 15 8 31 26 22 12 26 7 35 18 26 15 30 24 27 24 29 7 14 11 9 8 22 14 34 33 24 6 35 32 9 10 24 24 32 15 28 28 13 15 10 19 28 33 16 34 25 25 27 14 6 25 32 19 8 13 27 34 11 25 23 21 14 30 20 6 14 25 24
851 1318 1113 924 996 654 1239 909 1204 725 1185 835 1051 930 730 869 1071 891 1154 1135 1257 1194 920 1036 1281
1337 2596 2593 1180 4432


  7.5217 130.7838  78.4100  82.3815  55.4021  39.4328 118.4303  64.0881  47.5849 112.5301  32.1297  66.7553 119.2837  94.1182  41.5168  87.1458  47.3368 106.6529  75.0154  56.0110  91.5649  55.1738  31.7014  51.6037  90.0605
 79.1496 188.3131  74.4190  36.9374 120.3189  48.3063 165.9998  95.7734  58.0619 158.6133 102.9904  27.0450  98.8963 110.5676  74.0111 165.1900  73.8219 172.2034 136.2748 136.6817 159.7986  22.1000 100.1029  26.0744 160.7610
 63.0826 313.5301 244.9145 252.2995 152.8266 160.2637 299.1550 203.5604 178.4688 288.4314  10.8669 191.8996 334.8525 271.4128 161.2680 180.9622 106.1585 251.1013 194.7586  99.2674 215.2230 176.7847  19.2595 180.5871 207.0761
102.2647   9.8286  86.4960 118.7891  52.6275  98.4546  15.3119  61.3581  89.7818  18.7894 110.5041 141.2479 103.6336  62.5958  78.3007  56.9520 135.4900  21.3568  36.4728  78.2860  32.2169 128.1980 112.6771 115.3208  37.3598
 97.7567 223.7722  80.6370  34.2358 142.4837  53.3912 195.4806 109.0499  63.2355 186.3353 128.8841  43.6158 110.6517 125.6012  83.8870 199.4186  97.4694 205.2715 161.0941 166.3465 190.6695  32.5358 125.6623  27.7589 192.2944
 27.7223 141.4554 110.9742 121.0714  58.1843  72.1371 133.4297  86.1373  78.6417 127.8848  23.0548 101.0781 157.4609 121.1341  66.9687  77.8687  66.0382 110.0741  79.8999  37.8163  91.7762  89.8995  26.2436  87.1061  88.1379
162.4166  68.0351 127.1591 190.1309  67.7997 148.7895  41.4649  74.5457 131.1741  33.1222 184.3987 234.7754 169.0314  85.4166 108.5456 107.7599 227.9475  58.3328  39.8547 132.1276  59.9067 208.5158 188.0009 182.3683  70.0255
 44.0143 221.8852 103.0604  89.4543 113.9191  36.4966 197.2299 102.7318  57.1205 187.4217  80.1075  60.4352 159.3546 140.6523  64.4493 170.2480  62.9006 191.0655 140.9096 126.0731 170.4047  40.7640  76.8817  38.4749 169.8022
 27.4942  53.0721  16.9557  28.9607  23.7828  13.8693  43.1588  10.4200   8.3361  39.7436  39.4452  40.5559  37.5084  23.6087   3.0880  47.0544  43.8547  45.9271  29.3081  39.8500  40.9057  32.3679  39.5227  23.9847  41.9752
 62.0398 201.0967 109.3093  82.8347 123.1257  65.8681 183.9307 116.2454  80.8015 176.9649  74.7184  22.3380 142.7184 140.6240  89.3827 157.9278  31.7482 178.0163 143.0485 121.9488 162.6000  32.3094  70.8298  51.3951 161.3981
 78.6030  94.7030   9.8250  46.2148  64.3004  45.6434  72.7246  27.0794  33.5889  66.7912 100.1227  86.9152  35.9952  20.6921  36.5252 104.3773 103.4669  91.1530  66.6913  98.1715  86.7798  73.1920 100.1012  56.6723  90.3884
120.9648 251.2218  82.0860  24.2341 163.5843  63.6222 217.4482 119.9820  70.3507 206.9859 157.8917  65.4743 111.7156 134.2227  95.1248 230.5662 125.7609 232.7683 182.8745 195.8450 217.3797  51.8722 154.5580  39.5097 219.9419
 55.3921  43.3266  42.2606  67.2629  19.7465  48.2975  31.3152  18.1717  41.1131  27.0202  66.3965  84.6267  63.9351  30.0362  31.2510  46.4665  82.6469  34.9019  15.3410  49.4957  30.7434  73.5255  67.6451  62.5748  33.7571
168.2022 132.1441 217.3523 276.1963  65.6000 199.6310 139.5468 146.2404 190.7106 135.9130 171.0567 289.6313 287.8296 190.6523 157.3076  31.9568 247.4047  70.0215  59.4563  78.4653  38.4053 261.7070 177.7455 240.2857  27.1774
 15.5081  70.8162  43.2751  51.3585  24.0420  24.3195  62.9136  30.5007  26.0019  59.2423  27.6740  49.3871  69.0959  49.7933  18.7878  47.0034  40.6559  56.3072  36.0762  31.0664  47.2298  40.7946  28.1945  35.4239  46.7097
131.3883 117.0488  79.1652 140.6002  61.9870 102.6319  82.7609  25.2414  83.1805  71.6209 162.0693 189.3566 129.6848  51.1328  63.6124 130.4159 192.9263 102.8207  57.6362 131.9125  94.2094 162.7546 164.2708 135.1292 101.3433
148.7322  23.9708 125.2078 174.4825  72.5865 142.6080  22.0635  85.8429 129.3751  24.7814 161.9991 208.4024 153.2294  89.5511 111.5971  83.4041 199.7959  30.6777  47.8017 113.8086  44.5048 188.3361 165.2616 168.5881  52.7492
257.1089  13.7662 215.1838 293.0786 138.8291 246.6293  38.5012 157.0847 225.4365  49.6407 276.8468 348.9936 252.6487 156.1243 198.6239 146.7099 336.2991  60.9850 100.3146 199.4139  88.7662 317.7651 282.0397 286.6526 100.6832
 66.6249 295.3846 171.6259 144.1835 168.7364  97.2240 271.9547 170.0976 120.7145 261.4215  81.5226  64.5119 232.1882 214.5365 127.1061 217.7432  18.0112 255.3078 201.5960 158.7435 229.6754  65.4827  75.2874  86.8985 226.7003
 44.0451  50.5221  55.6331  75.2606   2.8684  49.5144  45.4131  31.7336  45.9310  42.3523  50.4512  82.2321  81.0506  49.5851  34.4390  29.4344  72.2224  33.2906  12.4358  28.6950  23.4000  72.0722  52.2129  63.7618  23.4303
116.0711 222.7797  46.3499  26.0768 138.5081  46.6597 186.8693  86.6346  41.5933 175.9803 156.8449  95.0227  90.4589 100.1864  67.1509 210.6362 140.5080 206.1128 155.2798 181.5148 191.8536  72.7539 154.6918  45.1698 195.5201
128.2111 151.4430  52.1100 115.4363  82.2503  83.2100 113.3878  10.5438  60.6581 101.6223 165.5998 172.4607 110.8017  43.5504  47.8898 159.1127 186.3430 137.1728  87.1063 150.0797 126.3857 144.7588 166.7378 114.5440 132.8032
 35.0571 173.4942  77.5696  73.1248  84.3547  22.6318 152.7645  74.2633  38.3380 144.5882  67.2964  60.5072 126.1650 106.7277  42.3249 133.2038  61.8013 148.3678 106.3865  98.6292 131.5097  42.4627  65.3520  33.9093 131.3312
 44.1243  60.6724  10.2190  13.8856  43.8368  24.8322  49.4839  25.9180  20.8385  46.5740  55.5266  39.0041  12.2166  22.6869  26.1190  64.2642  52.4435  58.9365  46.2145  59.0087  56.4164  33.2529  55.1210  25.7847  58.0462
113.4383  98.9780  65.9597 118.6477  55.1533  87.8913  69.2301  21.8144  71.0940  59.7396 139.6652 161.2785 107.6949  40.7149  55.2042 112.6754 165.2259  88.1454  50.8290 114.3596  81.4588 138.7412 141.4872 115.1376  87.6663
 79.4652  48.5694  47.2930  80.1800  39.9800  64.6802  29.1066  25.3767  54.3997  23.4408  94.0191 108.0040  66.3205  24.5094  45.6091  68.8271 110.5000  47.3721  31.8977  75.0597  46.8608  94.6666  95.2914  80.4582  51.4580
 18.9650  41.1456  13.7590  21.3608  18.1487   8.8672  33.9193   9.5549   5.3776  31.3749  28.0713  28.8432  29.2490  19.5008   1.0479  35.4214  31.0694  35.3976  22.8117  29.3014  31.3952  22.7229  28.0800  16.6201  32.0663
180.4352 176.2781  67.0509 151.0539 115.0110 122.8668 126.0691  33.8117  94.3206 111.8004 225.6240 230.4870 124.8229  30.4245  82.0798 204.9927 251.2028 167.3308 112.9246 201.3500 158.8517 196.7700 227.1862 158.9490 168.2615
175.5034 117.2938  96.6831 170.5042  92.6295 138.6121  73.0121  51.1264 115.0741  60.4321 209.5922 235.0119 138.8264  45.5780  97.1097 160.3912 243.5019 114.7081  77.6404 171.2017 112.6354 205.2434 212.1455 173.0999 122.6018
 41.4385 131.8816  46.4510  47.0182  65.4719   3.3638 113.1436  47.9373  15.3633 106.3745  67.5846  54.2551  85.4372  71.3272  23.5369 108.6297  64.5235 114.7212  80.8304  85.3498 102.6723  38.0147  66.4563  23.2639 103.5300
 97.9211 376.1447 216.8524 176.7510 221.9016 127.3069 346.3908 219.7721 156.4482 333.3392 115.5905  69.9725 288.0119 272.1830 167.0742 282.9286  30.3761 327.9637 261.8163 210.8235 296.8595  78.1153 107.8550 109.0908 293.4279
 75.0037  90.8029  20.5407  57.4508  54.3458  45.2287  68.5782  14.4265  32.0189  62.0576  96.8970  93.4857  52.9417  21.1367  29.2746  97.2445 105.1312  84.4575  57.1927  91.2840  78.9291  78.2191  97.2447  60.8764  82.5901
 49.4927  25.2183  56.3321  72.7837  21.0803  54.9984  29.0936  38.3951  51.8697  28.8804  50.9947  78.7829  72.3841  47.1268  43.5689  12.7700  69.5973   9.5284  15.1614  27.9799   3.8308  71.4844  52.6303  65.4234   2.0861
 45.6079 300.9511 162.5689 143.4496 156.7426  76.5625 272.9671 156.0141 102.3249 260.7854  81.9820  81.7425 235.8776 208.2323 106.8187 219.7778  52.7082 256.7079 193.8455 156.3190 228.1103  66.3726  76.5204  76.3028 225.6410
118.9837 130.7430  70.0487 128.3518  60.4817  87.9880  97.3473  12.2393  68.8116  86.2417 151.4977 174.7053 126.0504  53.8708  49.0050 133.4033 179.3406 113.1598  63.7991 128.0914 101.7560 148.1126 153.3233 120.6316 107.7784
 81.9777 128.2796 145.3821 175.2695  44.8422 117.3704 126.9680 101.2538 116.6942 122.3582  78.6816 170.0532 199.3522 139.9831  95.3110  42.3521 133.6402  86.7129  61.7354  16.4280  64.1574 152.9941  83.4705 142.6498  57.8479
 32.3978  83.4293  78.4129  90.0165  31.6768  57.4007  80.6575  57.5776  59.4098  77.5609  28.1939  81.3679 109.0145  80.3395  49.3015  37.2773  58.8096  61.3464  44.4041  10.4834  49.0013  73.1024  30.8353  69.4655  45.9379
235.4366  12.7081 201.8024 267.4438 135.7688 228.5709  51.2998 153.5966 210.9124  61.7865 250.1428 314.2776 230.9393 151.2219 188.2838 133.0738 302.0023  62.0567 103.4960 181.9721  88.0095 288.1459 254.7216 262.2013  96.8883
 44.8669  23.9777  27.7127  45.5308  22.6757  37.2864  13.2613  16.1287  31.7674  10.2174  52.4317  60.6204  37.2003  14.7707  26.9677  37.0306  61.7275  24.2883  17.4441  41.3810  24.6802  53.4398  53.1661  45.7993  27.2926
105.2267 282.6618  85.8364  93.1717 143.9573  12.0280 239.4596  95.2232  19.0195 224.4644 162.3291 127.2730 171.2427 142.3575  46.2013 241.3785 156.5799 248.4687 174.6384 194.9575 223.8014  91.3527 160.1777  54.2782 226.6976
122.1845  86.5873  53.2082 100.0504  78.0854  91.0175  56.6714  41.6271  75.2325  49.7745 145.8149 148.8418  68.2392  14.0584  69.1549 121.4499 161.4411  90.9648  70.0868 126.7753  91.3131 130.5923 146.9376 109.6447  97.7068
230.4904 228.7885  92.4087 121.4601 205.1407 161.6600 185.1523 136.5978 143.0484 176.5957 271.9182 216.9802  27.6384  96.3425 155.3767 276.4558 266.9689 238.4591 203.0279 270.6130 237.1123 196.3682 271.2213 168.6793 245.5674
 89.4540  77.5150  34.1223  73.0845  57.1776  62.9623  53.7119  22.5350  49.8598  47.3853 109.7764 111.4679  55.0126   7.8746  44.8109  96.5451 121.6681  76.2480  54.0021  97.1047  73.9030  96.1996 110.5509  78.8504  78.6070
125.1158 150.4583  92.6072 154.5699  53.9708  99.4105 116.3292  26.0776  80.4006 104.0494 160.4201 198.5719 160.5591  78.8184  52.9166 139.7437 197.0498 123.8259  63.2310 131.1467 107.4059 168.2433 162.8831 138.4200 113.1398
102.7528 293.3150 153.9035 109.9716 185.3864  97.2628 267.1851 169.7141 117.5326 257.1360 123.3446  21.3721 196.5777 200.8196 132.7278 237.6568  63.4495 262.7101 212.6571 188.1712 241.6689  43.6411 117.9477  71.9584 240.5639
 61.1328 176.5990 100.5865 131.2114  54.8419  61.9290 152.4047  62.0142  59.3785 142.0954  95.0346 140.8650 169.9178 114.2620  34.8216 126.2599 127.0507 141.0488  84.5553  92.7154 118.4866 115.5919  96.5445  95.8709 118.8138
157.1853  87.9652  90.5083 152.3206  84.3821 127.5818  49.6382  55.2021 108.0067  39.4944 184.4100 207.3139 120.0960  43.7314  93.2155 135.3219 214.0102  91.4728  67.8500 148.9503  93.1404 182.6785 186.7206 155.9760 102.0847
177.5636 242.9972  33.7847  60.6017 173.2776  98.3887 196.8297  98.7577  80.3991 184.7193 224.6454 162.0563  52.4716  86.1158 100.9704 257.8315 214.5782 235.4759 182.8045 236.9066 225.0467 137.2301 223.1730 105.3239 231.8341
 37.4939  27.5430  25.1844  41.8699  15.9343  31.2471  18.6832  10.7577  26.2070  15.7539  45.0101  54.5574  37.9910  16.0286  20.5530  32.7331  54.5246  23.8848  12.7734  34.8890  22.0774  47.4214  45.7336  40.1283  24.2100
 64.4087  66.2056  42.8985  74.0214  28.4503  50.7845  49.1767  11.6881  41.0611  43.3236  80.8160  97.3492  72.6245  32.3215  29.3082  67.0091  97.8247  55.8740  29.1906  65.5817  49.6106  83.0998  82.0006  68.6976  52.8831
 56.1086  51.0543  77.9881  96.8902  25.0810  69.6051  53.9868  53.8862  67.3491  52.7065  55.3785  99.0296 102.9847  70.2046  55.9648   7.1711  82.6454  29.5464  25.5913  22.2891  19.0351  89.8281  57.7835  83.2264  14.8504
 27.5385  49.6439  42.7136  56.1088   7.0465  33.6273  44.3407  25.0104  31.9258  41.4806  33.7793  59.1941  64.8558  41.6295  22.7730  29.1800  50.6029  35.7691  18.2345  21.5136  27.4936  51.1010  35.0451  44.9479  27.1054
 50.5621  20.9719  38.7089  58.2477  21.7012  45.9025  12.1255  22.8038  40.3686   9.3911  57.5024  72.4205  51.2612  25.5322  33.5456  34.2423  70.6646  18.7632  13.2752  41.6588  19.4783  64.3185  58.5891  56.1854  22.6083
 96.9544 128.0976  42.0707  90.3024  64.5354  60.5252  98.1831   8.0081  42.5699  88.6305 127.8457 133.5335  93.2989  42.7599  31.2446 128.1700 144.0572 114.0784  71.5122 117.8839 103.8421 110.9507 128.6511  86.6468 108.4981
 65.3649 101.4401   9.1644  36.8251  60.3795  30.7140  80.9643  26.3546  18.9513  74.8733  87.5161  72.4569  45.2824  33.5197  25.3705 101.3308  88.6539  93.8652  66.6648  90.6130  87.2744  58.5317  87.2070  42.0310  90.0445
186.3898 330.9110  82.6207   7.4257 221.6928  93.9834 280.1495 147.8605  90.1641 265.4449 241.2850 132.4866 116.6691 156.1818 124.8856 320.0007 209.0757 311.4936 243.3032 279.9447 293.2279 108.2893 237.7171  78.3639 298.6201
205.6750 267.7553  35.2915  79.8423 193.7777 117.0044 214.7679 107.5744  94.5495 201.1152 258.9112 193.9100  53.8669  88.2656 115.1478 289.5445 250.9411 261.0653 202.5977 268.5884 250.3230 165.0119 257.5575 128.0438 258.4715
111.6877 304.6110 165.4504 120.1269 196.0700 109.0438 278.7855 181.4632 129.3386 268.7599 129.6555  32.2441 207.1368 212.5842 144.3797 246.9707  67.0992 273.4868 223.6133 196.5571 252.1942  55.3423 124.1044  83.6372 250.8629
 39.5265  43.1687   7.9933  20.9822  33.2056  24.6401  33.3117  17.2577  19.7498  30.9238  48.8679  40.7870   9.7536  10.3011  21.6819  50.0892  49.4779  43.0936  33.5083  48.0548  41.8532  35.2055  48.8143  28.2273  43.5819
247.4658  56.8510 204.5162 290.4041 115.2181 234.6914  38.0213 135.1680 211.3783  37.1231 272.4669 350.0157 255.4784 143.5068 180.4375 144.0049 336.5932  57.9786  72.4103 191.7377  75.4475 314.8298 277.9472 280.0875  90.1649
265.5055  10.5794 233.0499 312.2088 142.7021 260.3951  55.4773 170.3726 239.7212  65.6499 282.8606 365.1088 275.0476 174.2872 210.7753 140.5088 347.4914  52.1845 103.1299 199.0688  83.5102 333.2059 288.5387 302.1473  94.7978
 52.0294  74.3390   8.3744  17.5979  51.2843  27.4978  60.2342  28.5088  21.8774  56.4239  66.6392  48.0684  19.1926  26.2865  28.4071  77.5780  63.7285  71.3552  54.6471  70.6761  67.8202  40.1449  66.1845  30.0684  69.8231
 45.3988  75.4901   8.1584  23.3420  44.6839  19.5972  61.0178  21.4182  11.7631  56.6627  61.4331  48.5627  33.1991  27.2382  18.2321  73.9341  60.9952  69.6058  49.8528  65.2706  64.5786  38.6804  61.0903  26.8812  66.4091
 36.7568 240.8320 140.7278 125.5675 127.8964  74.2225 221.0526 133.2043  93.8274 211.8825  54.9097  69.7509 197.7601 174.8072  95.5731 171.3933  27.7073 204.6512 157.2718 119.6621 181.7611  62.3862  49.9275  73.4733 179.0551
106.9194 207.0749  40.3064  32.2887 125.7609  40.0520 172.9243  76.1753  33.0643 162.4637 146.1332  93.6015  87.5921  91.0929  57.3635 195.0871 133.4374 190.6785 141.8173 167.7547 176.9197  71.2416 144.2823  43.6807 180.4369
103.4966 219.1610 223.4365 256.9393  90.1452 170.1633 216.0787 165.0853 174.5526 208.7813  87.1200 234.2094 304.4208 224.6122 146.5841  87.2709 171.3973 158.5486 120.1105  12.4636 125.8093 212.4725  94.5642 202.7826 116.2728
 89.8410 137.5795  27.1040  18.5643  96.1491  48.0490 114.1819  59.7753  42.0121 107.8169 114.3488  73.2393  36.3198  57.5754  55.4953 140.0278 104.4087 131.8179 103.2017 125.9690 125.2652  61.6354 113.1716  46.6116 128.3005
176.5451  97.4142 209.0871 265.0364  82.0400 200.8568 114.5693 146.2560 191.1457 114.3504 178.2512 281.8700 266.4038 178.3448 161.9419  35.0045 245.8395  43.3132  65.2406  94.6669  27.1874 256.9584 184.2345 236.9879  17.8608
  7.6425 232.8392 142.7797 148.2523 100.6104  73.6485 211.9445 117.8251  88.6345 201.7252  50.8491 116.8670 214.1991 170.4577  78.4225 153.5465  78.7119 189.8609 135.1307  97.4034 163.1442  97.7264  49.8777  93.3312 160.1485
 53.3146 156.7898  82.0934  59.0526  98.1919  50.9112 142.7664  90.0971  61.9837 137.3379  64.5619  11.0988 105.7527 107.2532  69.9709 126.3970  32.4282 140.0925 113.0125  99.5839 128.6578  22.2941  61.6508  37.6168 128.0332
 33.8764 107.9804  47.2231  59.5319  43.4340  20.5981  92.2373  34.7955  20.5588  86.1321  56.6853  66.5544  85.9082  61.7111  11.9144  83.9717  65.7481  90.2802  58.5381  64.0844  78.5118  51.9228  56.6456  39.7508  79.1257
  8.9944  94.0109  60.7079  58.6101  46.6804  34.0688  87.1656  53.6076  40.9695  83.5847  12.8550  39.2001  85.6601  72.1449  38.9803  62.1328  17.9694  77.9006  59.1068  39.9845  68.0459  35.0383  11.0494  37.3402  66.5408
154.4008 170.5722  55.0843  70.3064 142.9812 102.8574 138.7433  92.3959  90.4506 131.8017 185.0910 140.3145   7.5284  68.6287 101.7040 196.8192 178.5184 173.6198 144.3232 188.6734 170.5404 125.6940 184.2810 105.9921 176.1501
 69.2167 215.0298 192.8523 213.2609  92.9182 136.8982 208.2095 148.4819 145.0176 200.7649  48.5830 182.8385 264.9401 202.4235 124.1752 104.0278 123.2270 163.3005 123.6199  38.6207 134.4945 166.0173  55.1607 161.4996 127.0574
155.8998 337.3680 108.1841  35.4808 214.8804  76.8907 291.6562 156.8264  87.2449 277.2685 206.9710  86.4934 154.8600 179.3601 121.0394 306.6156 165.1319 310.8481 241.9998 258.5503 289.2444  64.5131 202.5041  44.0089 292.5628
121.5278 130.3615  36.5322  58.8143 107.8388  79.4767 103.6128  65.2967  67.7618  97.6714 146.9996 116.3108   7.2284  44.2379  75.3887 152.7610 144.7852 132.6555 108.2789 147.1823 130.1961 102.7803 146.5800  85.1129 134.9937
109.0229 316.7948 281.7689 292.9222 171.5933 202.8185 311.1314 234.9292 218.8681 302.3525  55.9432 230.8159 369.5187 300.9622 199.0461 171.1014 139.0945 252.3496 208.4244  95.0651 217.6226 218.4764  61.8436 223.4059 207.2232
 81.0004 185.7300 184.9814 207.2361  84.9945 139.0506 183.8758 141.5141 144.5625 178.1832  60.6568 182.6171 248.8217 188.6680 124.1504  79.1837 128.3416 138.0111 108.9036  22.2556 112.5728 167.3576  66.6802 162.4027 104.7428
 41.7986 253.4010 168.3176 157.5996 135.1726 100.2247 237.0153 153.0051 118.9017 228.1372  36.6034  97.7705 229.6439 198.9354 115.8474 169.5324  31.5218 212.2560 166.2530 112.4656 187.3147  92.3539  30.6033 103.4580 183.0417
149.0109 153.8735  45.4114 114.9493 102.1732  97.1359 112.1787  32.4562  73.3432 100.5887 187.3718 183.6687  92.5064  22.6800  67.1562 176.9324 204.5839 147.1659 102.1335 171.6744 140.0048 156.2610 188.3079 124.8989 147.5557
 32.7747 151.1266  86.9543  73.2125  85.5240  48.3292 138.8925  86.0254  60.4841 133.4218  41.4726  33.1496 118.5186 109.0901  63.7338 111.3335  10.7326 130.4593 102.5284  80.9414 117.2160  32.7747  38.2940  43.3566 115.7289
  5.5596  45.8441  29.2084  32.4059  17.4939  16.0464  41.5228  22.3249  18.1746  39.3760  12.6554  28.2552  44.6826  33.8484  14.7441  29.3473  20.9201  36.6282  24.9003  18.1216  30.9324  23.6574  12.8860  21.6134  30.3451
195.2706  97.7091 107.6606 172.6155 121.1162 158.0949  56.1894  85.3174 136.5362  49.6293 224.9207 239.5466 120.4318  53.2101 125.1124 169.8566 252.7946 115.9402 101.7426 188.0386 123.2591 214.0590 227.1499 185.2149 133.2901
 88.2550 347.0195 180.5438 140.5816 200.4866  95.4147 315.0000 188.5463 123.7734 301.9561 119.3531  47.1357 248.3301 236.5164 137.6893 268.1337  53.4084 303.8025 237.8168 202.3296 275.0230  45.7611 112.6241  74.7630 273.0427
 71.4210 144.6328 151.0953 168.2616  72.6697 116.4322 145.4071 117.3299 120.6392 141.5440  53.0022 148.1593 199.4904 152.7983 104.9799  59.7510 104.7514 107.7776  89.1782  21.7506  88.8656 137.1164  57.5778 133.9251  82.3033
 54.3119  60.2360  11.8262  27.0490  46.9348  33.8968  47.0407  25.6431  27.6407  43.8914  66.9109  54.3457  10.2690  16.4631  30.8568  69.5410  66.9041  60.2913  47.4904  66.5324  58.6389  47.1103  66.7732  37.9343  60.9334
 50.6288  63.6562  48.1614  73.0610  14.7130  45.8745  51.4815  19.8998  39.3600  46.5930  63.9600  87.6524  78.2371  42.5340  26.1701  52.3028  83.0130  49.0169  21.6363  48.3224  40.3415  74.8318  65.3226  63.0330  42.1707
 96.4085 294.4517 132.8183  87.8600 177.1928  70.7585 263.1019 152.3386  92.7048 251.6361 130.1907  19.3291 183.1231 185.6770 111.9436 242.3445  79.8187 263.0706 206.0631 191.6962 240.8595   8.7240 125.1044  40.5585 240.7946
102.5719 188.8225 150.5801 201.7859  29.4292 118.0275 165.5636  84.4631 110.4137 154.1160 130.7321 217.2078 234.4248 148.0531  75.5871 120.0205 189.5103 139.2008  70.3176  91.5112 109.2966 185.9654 134.9697 161.3596 109.0346
 87.3068  19.2019  64.2660  92.5367  47.3073  79.0444   1.5750  46.0492  70.7088   5.3460  96.7441 115.7289  75.6059  42.0914  62.3735  58.7520 114.8428  30.4962  34.6516  73.1890  37.2008 104.4818  98.2877  92.7414  41.8210
 99.9781 190.0982 203.6751 227.0619  98.5450 158.8852 192.4325 158.4923 164.1071 187.6508  75.3463 200.9299 267.1770 204.8001 143.1909  76.6893 143.4124 141.3723 119.0916  30.8707 116.8185 186.4196  81.3499 182.1176 107.8761
106.0510 158.7143  19.3337  68.4709  92.1278  52.6620 125.3525  35.2613  32.4430 115.3344 141.7651 124.0815  78.0673  49.8427  37.9054 159.3196 147.1319 146.1463 101.6642 143.3409 135.5030 100.9008 141.5635  73.9764 140.1787
152.9368  27.7717 130.2726 181.6181  72.8582 147.3218  25.7128  88.2812 133.6699  27.5580 166.6317 216.2340 160.7905  93.6791 114.7550  84.3123 206.5924  29.7000  46.7980 115.9268  43.3705 195.2210 170.0773 174.6787  52.0698
 68.1870 142.0821  43.6802  11.7617  91.3154  33.4890 122.3859  65.5309  36.7734 116.2827  90.0788  39.9668  62.5092  74.0314  51.2886 130.6001  73.1151 131.4207 102.3691 110.8959 122.5454  30.5906  88.2592  20.9781 124.1054
133.2439 254.1453 268.1344 291.3039 145.8364 209.5650 258.4545 216.1760 218.2487 252.9007  95.1076 250.4245 344.9266 272.4114 194.8684 115.3281 174.3457 195.4219 170.7727  64.8472 166.5530 235.8618 101.7867 234.4229 155.4104
114.1376  71.1472  78.1404 126.7112  49.1451  97.2109  45.4493  38.3301  82.7161  37.1128 134.6928 163.8177 112.1831  48.3223  66.6588  92.8924 163.1830  63.1028  35.9388 102.7737  60.0933 143.4273 136.9230 122.5444  66.8147
 28.4104  27.4184  19.0215  32.5645  12.2235  22.7407  20.1022   5.7790  18.5539  17.5976  35.3017  42.6978  31.4446  13.7902  13.5366  28.4196  42.8089  23.1622  11.9677  28.2901  20.6485  36.5909  35.8363  30.4120  22.1264
 97.3105 105.3308  23.0256  49.3700  83.5781  61.6968  82.1318  46.3660  50.7034  76.7021 119.3092  97.4142  16.7462  28.9803  56.1114 122.9210 119.4732 106.0480  84.1212 118.1631 103.4669  84.7944 119.0935  68.7572 107.5726
 74.8231 272.7019 136.9628 102.6937 159.5384  72.2643 246.5687 146.4721  94.2550 236.2447 101.1277  28.6847 188.2374 182.2795 107.1086 214.4892  50.2245 240.1385 188.1471 164.1360 218.1199  27.8770  95.9899  52.7618 216.9611
 26.6703  26.6703  26.6703  26.6703  26.6703  26.6703  26.6703  26.6703  26.6703  26.6703  26.6703  26.6703  26.6703  26.6703  26.6703  26.6703  26.6703  26.6703  26.6703  26.6703  26.6703  26.6703  26.6703  26.6703  26.6703


3.6906 5.2560 3.4050 3.6039 3.3406
5.0882 1.2795 5.7490 3.9756 3.3406
6.3314 4.3186 0.6466 5.4943 3.3406
7.2608 6.1589 1.6644 6.6608 3.3406
2.8751 2.4290 3.4185 1.8988 3.3406
5.2425 4.9688 1.4408 4.7326 3.3406
5.3278 0.8161 4.6637 4.1572 3.3406
4.8303 2.8330 1.6906 3.8956 3.3406
5.2940 4.4675 0.8785 4.6479 3.3406
5.2291 0.7712 4.3371 4.0574 3.3406
3.1141 5.8013 4.6125 3.4207 3.3406
6.7538 7.4415 3.5736 6.6016 3.3406
8.1774 5.4158 2.4877 7.2607 3.3406
6.1255 3.0150 2.1197 5.0940 3.3406
4.5931 3.8064 1.4096 3.8894 3.3406
1.5618 3.0928 5.6113 0.6577 3.3406
5.1525 7.1643 4.5412 5.3445 3.3406
3.6182 1.2794 5.3032 2.5079 3.3406
3.2710 1.5165 3.8174 2.1301 3.3406
1.0885 4.0899 4.9409 1.1025 3.3406
2.9404 1.6252 4.9217 1.7919 3.3406
6.2596 6.6870 2.8362 6.0094 3.3406
3.2954 5.9175 4.5834 3.5912 3.3406
6.0307 5.9409 1.9512 5.6243 3.3406
2.6412 1.9406 5.0566 1.5075 3.3406