100 50 10


31 7 12 8 18 9 31 13 10 18 24 21 27 21 27 7 18 33 17 16 8 13 17 24 16 32 28 28 12 11 33 14 9 24 28 31 10 33 11 11 17 11 7 19 12 27 10 5 7 11 35 17 10 16 24 7 10 12 15 29 18 30 13 30 32 12 23 14 15 27 28 22 24 23 35 29 18 25 5 17 7 8 27 12 33 13 10 25 15 24 8 6 5 7 8 25 12 29 34 22 
1004 1273 1207 840 1200 995 1397 973 1029 1405 1096 892 1111 1029 1383 1273 1128 763 938 1207 1189 409 1042 1002 533 1109 838 895 1166 510 1191 991 1139 908 665 1024 441 509 366 1243 964 1297 1271 492 1350 916 1292 534 1232 988 
1870 4227 3048 1049 1333 2972 2587 3715 4083 1897


134.6935 172.9203  75.4549 194.7244 128.0214  67.1528 101.1403 174.5721 195.9575 124.2972 225.0252 177.3037  31.1870 184.5857 161.6911 108.4956 119.9512 174.1025 192.5978 176.1130 224.3209  27.2870  54.4233  41.2684 136.1041 219.4075 145.9952 106.8763 223.0796  38.4512 183.2354 133.6132 263.7189 221.4685 212.3136 141.3902 150.7330 154.4177 179.4332  58.2643 154.8021  60.7956 202.1357 116.0100 196.0931  80.2331 157.7994 156.8628 206.0761 114.1684
 38.2347  43.3323  13.5446  49.4250  36.9322  14.5627  16.6500  48.3990  52.7414  36.8632  59.7671  45.7747   7.0752  50.7257  38.4277  20.1805  31.5486  44.6934  43.9381  48.7868  59.6937   3.2631  21.2839  15.8276  30.2758  58.1485  40.8863  19.1716  57.5856  17.7124  50.4129  34.8854  67.7181  57.9851  56.9912  40.5220  42.7626  42.9142  47.2160  21.0710  37.7113  22.4553  53.6014  23.0607  52.9169  11.4134  42.4660  41.4940  54.4129  34.6938
 20.7603  17.1197  83.1396  21.4044  23.0856  44.3080  91.9132  66.0713  84.2185  36.2622  64.5985  14.7048  51.7556  63.5844  29.3080  56.9526  89.2408  13.5563  44.6118  64.1035  70.1539  58.7034  49.0131  63.0348  40.5261  89.2549  23.2911  59.5743 107.2143  48.8807  58.0416  92.6607  61.1215  44.2447  70.2380  67.9782  38.1413  78.5927  19.0104  60.0270  22.9429  37.9354  37.7438  98.8544  81.6397  83.1289  13.2783  93.9428  95.4271  38.7736
 36.9670  60.8347  47.5699  59.7519  34.7834  53.2885  56.2378  13.8122  11.4425  25.8311  33.7748  55.3064  46.7809  19.1066  66.3634  65.6217  27.1139  56.4658  76.6419  15.8238  29.6571  46.2456  26.2371  31.3626  66.5617  17.8470  37.2151  65.7540  22.0408  30.2061  22.7455  25.9872  54.0187  47.7718  24.8177   4.1492  28.3433   3.7112  50.4063  24.8871  62.6666  30.3532  44.5703  51.3882  12.2044  53.6349  46.3496  19.2865  14.8819  23.6461
 68.6860  60.9679  86.6548  79.5852  68.0605  16.2609  94.9993 121.8123 142.7296  79.0731 135.9172  71.8306  35.8218 123.0192  46.3191  35.1632 117.4618  67.7360  62.7860 120.7317 140.4840  47.1724  64.0368  71.5762  30.8641 154.1276  75.4112  38.4227 167.7195  57.3635 118.0133 124.8710 141.5561 115.7925 137.0163 112.1498  90.4003 124.4930  80.2511  75.9960  44.4895  52.3936 105.0882 111.3461 140.8665  81.5164  70.0336 135.1028 154.0640  77.4916
 61.1537  72.4916   0.9178  79.2779  58.9896  36.9355   9.3911  64.9389  66.5564  55.9786  83.3041  74.2576  26.3686  69.2290  67.3937  43.2619  30.1296  73.2634  74.7709  66.0834  81.6990  20.6602  33.4173  21.0440  57.2113  73.8576  64.2631  41.5744  67.5384  30.1920  70.2141  34.3617  97.6394  85.8363  77.3270  52.3268  63.7129  52.6175  74.7944  28.3227  66.1439  38.8076  80.3063  11.4389  67.6010   8.5670  68.4902  45.0095  65.8904  52.4922
158.2750 249.3327 177.9846 246.8523 149.5653 211.3648 211.1846  71.0732  51.5244 115.2842 148.3812 229.3434 183.5779  91.6678 268.3118 258.4300  91.6804 233.4076 307.7357  79.0378 131.6716 179.5673 106.0640 119.3576 266.1709  76.5625 159.9822 258.3513  74.3128 120.4800 106.1215  85.6790 227.3636 202.9991 112.7181  31.4448 126.7733   3.8843 211.2911  95.8963 254.4539 125.4275 190.3400 189.3014  57.5265 202.8348 194.8897  57.1183  52.3616 105.8331
 63.9542  66.6332  41.4243  79.2486  62.2753  11.2561  45.9754  91.7152 102.9141  65.5739 108.5469  73.0292   9.3066  94.6629  55.6971  23.3552  71.4929  70.5175  65.3688  91.8132 109.8888  14.4960  42.6600  39.3151  39.9566 112.3613  69.0115  22.5035 115.7559  36.0728  92.7734  77.4630 118.7412 100.2375 105.8665  79.9644  75.7432  86.4230  77.3749  46.6055  54.9382  40.0655  92.1725  59.0556 102.5459  36.2931  69.0595  87.9919 108.1745  62.5958
 50.4207  80.7094  65.2860  78.6024  47.8315  72.9127  76.0717  16.9956   8.3199  36.5821  41.2994  73.2115  64.8760  23.4787  88.3353  88.3616  38.0233  74.8575 101.2578  19.7018  35.2892  64.1938  39.1638  45.4485  89.1390  16.4451  50.3294  88.5539  23.0413  44.1470  28.8002  35.9518  67.8333  61.2510  29.1158  10.8453  38.5167   7.4324  66.5904  37.4363  83.6065  44.0409  57.7759  69.4081  10.1020  73.0551  61.9391  25.8403  12.9727  34.3210
115.5770 160.8570  71.8649 165.2377 110.1778 116.2137  89.0955  83.4845  73.0906  93.5046 127.9578 154.4753  95.2389  95.0695 164.0084 139.8929  11.7221 155.2791 184.8256  87.6365 119.5592  88.4430  63.7541  53.4576 154.7324  87.0058 118.9086 138.3836  64.0891  67.5521 101.8534   5.4863 170.3217 152.6269 108.7803  56.0225 105.1299  46.3862 147.7933  48.5647 157.6920  80.1358 143.5945  71.0200  77.3290  88.2046 136.2985  18.5479  64.7402  86.1704
139.9151 158.5962  37.8942 179.4072 135.2427  59.4551  47.0608 170.8040 183.7707 133.7661 211.7170 166.8304  34.2469 179.4579 141.4594  75.8161 105.3272 163.1868 159.7733 172.4583 210.7803  20.3151  78.3518  55.6991 112.7295 202.5879 148.9271  71.7516 197.6298  66.4900 179.0357 116.8948 240.7218 207.5523 201.0594 142.3299 154.1783 149.1441 171.4702  74.9185 139.1944  84.4827 192.5304  70.0224 184.8002  29.1034 155.1026 141.0392 188.0383 125.9524
159.2156 198.7619  47.1636 210.3220 153.2973 125.2488  59.6489 143.7506 137.3040 139.6007 193.1062 197.9164  99.0203 156.1729 192.8830 144.7272  40.8378 196.9922 213.0241 147.8033 185.7028  86.7971  90.4479  63.0059 173.2807 153.9657 165.1488 141.2702 126.7600  88.0524 161.7917  47.6774 236.0895 211.5955 173.8400 111.3792 156.3055 104.8424 195.0259  72.0303 188.1484 108.4353 199.5713  32.2403 141.5757  65.2086 180.4433  74.2967 128.9532 130.6951
 75.6627 156.5360 202.8872 142.7000  71.8677 177.6618 231.4146  34.9481  78.4734  49.8675  45.1675 130.3326 169.1935  21.9781 187.5103 218.7383 158.7072 136.6984 222.4028  27.9668  43.6065 175.2007 106.8344 141.7009 202.8175  82.9797  70.4260 221.7233 139.2114 119.5856   8.7156 158.5859 105.4885  85.4583  37.3265  67.8904  36.4420  89.5476 108.5941 120.0638 173.3799 101.9374  76.9467 226.0887  70.2509 217.2267 100.8312 141.3844 109.2416  54.6241
178.6956 196.7982  41.3252 215.4500 174.0828 107.9255  19.2525 191.5315 194.2813 169.1315 234.0713 204.4475  88.3980 201.5484 179.2824 111.3032 104.1735 201.2554 191.9507 194.2209 230.5997  76.0658 116.9097  88.8228 150.6649 211.3440 186.3042 106.0633 192.6071 108.4969 203.6913 113.1797 265.5314 237.2939 220.4518 161.8419 187.2353 161.4987 208.0659 106.0433 178.5203 127.6090 224.2395  36.6346 197.0391  33.4448 193.5961 139.4756 191.0508 161.2822
108.8418 186.6825 140.6855 185.9941 101.0262 155.5399 170.0642  54.8678  61.8229  72.0420 118.8690 170.4592 133.6304  70.6493 202.5720 197.1185  82.4221 173.5611 236.9217  59.8676 108.5930 132.2686  64.1834  83.5029 201.3130  82.6734 111.3690 197.5524  95.6932  77.6197  78.9693  82.1084 180.9494 155.4811  93.4910  15.0935  85.5457  29.9749 156.0789  61.0493 190.5282  78.7887 142.8093 157.0660  62.6493 159.9221 140.8629  68.9029  73.9278  62.7539
 22.8698  30.5207  69.5782  22.5511  24.3817  52.3469  76.0467  34.9319  45.8449  27.7675  21.7294  22.3547  54.5406  30.7707  41.9126  60.6536  64.3869  24.6595  49.1947  33.0558  27.0829  57.8121  44.7893  54.7128  50.7541  45.6836  20.3027  62.1072  61.8103  46.7900  26.7327  65.0633   8.4026   3.9262  30.0190  42.8999  22.4748  48.9362  16.7353  50.4189  38.5069  40.0273   7.8062  77.5096  43.5463  71.3787  20.0374  61.9131  53.9965  30.7420
128.2066 179.5336 108.5736 179.6513 123.0064 146.8114 125.7356  76.3618  54.3499 103.5213 120.1694 169.2889 127.4077  88.1532 187.7469 172.2841  48.3316 171.2780 209.9336  81.2069 108.8554 122.0815  88.3263  85.8728 182.7439  64.9488 129.6781 171.2999  29.1189  94.7450  97.4798  40.2126 167.9198 154.9281  97.7765  55.5410 110.9212  39.2664 159.5109  76.6732 180.3321 102.7420 147.8015 106.5752  60.2172 124.8625 149.5510  18.8614  37.5528  97.4904
121.2250  23.4509 263.3433  61.9320 128.1169 136.8048 281.0430 246.2191 296.3069 164.4079 235.2569  62.4572 170.4705 238.5736  34.8443 150.9774 299.3777  51.7216  65.4333 240.6064 252.9929 191.3730 189.1709 220.8243  87.2561 309.9615 126.5226 159.8406 358.8167 184.7417 222.5602 310.3174 206.3263 164.8881 255.1779 250.7931 168.4294 279.5258  92.2832 218.3079  26.5501 159.0867 151.5922 308.3892 289.1939 256.2945  91.1260 318.1066 326.8568 170.8741
 58.7288  78.0420  58.3504  89.7453  55.5578  29.8213  71.6723  90.2694 106.0124  56.8443 113.0481  80.2164  19.8980  94.0493  73.7661  55.9713  77.2266  78.4341  92.1174  90.3278 114.2300  26.2313  27.9390  34.3741  63.2423 117.9719  65.1535  56.4569 126.0112  20.4862  91.7699  84.0228 130.3263 106.6816 108.7539  76.1661  70.7175  86.0600  81.8083  37.7270  69.2251  22.6872  96.0362  80.6542 105.1602  59.6855  70.0262  93.6183 114.4423  52.4452
 52.0797  93.2582 142.5499  80.4437  52.0354 120.3140 159.1330  41.4103  64.3232  46.2909   9.6664  75.2954 118.4000  30.9115 115.5303 143.4811 118.1404  80.0117 135.2809  37.1372  20.4806 123.2180  84.7236 106.3682 129.1352  62.7024  46.7367 145.8086 100.8508  91.6667  23.0561 117.9686  40.1093  34.6447  26.6682  63.8534  33.2307  75.7978  60.8072  94.0117 107.0357  79.2040  34.2807 157.2338  58.8976 150.1231  60.5056 107.0229  83.0499  51.3819
 45.8774  28.1209  57.9921  37.9629  46.6411  26.8497  59.3991  73.9867  84.5146  53.8823  76.0687  37.2069  36.8572  73.5118  14.9017  21.5794  74.7918  34.5879  10.8641  73.1289  79.3857  41.3628  51.0911  54.3490   9.0961  89.0424  48.1991  23.6589  96.8277  48.2765  70.4473  78.1693  72.3303  61.6808  78.8576  71.4837  57.2421  77.4402  43.8473  56.5760  18.7407  45.3006  57.8278  68.6534  83.3671  53.7958  41.7441  82.8375  90.3184  54.1387
 64.9740  62.7006  49.0272  76.2995  63.7530   7.9172  52.4152  96.5591 108.8358  68.7377 111.3936  70.5978  16.8344  98.9234  49.7851  15.6562  79.5298  67.7199  58.2413  96.4082 113.4090  22.6551  48.7673  47.0880  32.6393 118.0243  70.0064  15.4503 122.8283  42.4232  96.4884  85.4605 119.1312 100.5210 109.8538  85.9603  78.3503  93.0114  76.1029  53.7963  49.8149  44.5521  92.5790  66.4661 108.2262  42.9197  68.2600  95.6600 114.7759  66.3020
126.6295 177.9747 130.4025 174.4953 122.1974 158.3796 147.3234  66.7944  39.6687 103.0712 102.7160 165.3730 141.9900  76.2982 189.9043 183.7653  74.4928 168.1733 211.6675  71.1770  90.3436 138.5187 100.8660 104.3685 189.1565  43.2135 126.4362 183.4142   2.9347 108.3555  86.1987  67.3460 149.9462 142.0591  80.6103  57.7665 106.0421  43.7558 153.9363  93.2233 182.1094 111.9819 137.2237 130.2950  45.3008 145.4235 146.2037  45.9113  19.9972  98.9670
 88.1555 155.0513 209.1397 137.9451  86.5133 185.3143 234.6239  46.3691  77.5126  71.6190  13.5276 129.1196 179.1244  30.5432 186.3890 221.2805 165.6696 135.7917 216.7211  40.4605  12.5582 184.7997 124.1348 154.7953 203.7798  73.8658  81.3830 224.2536 132.0177 135.4887  23.5640 164.2975  78.9600  72.2404  19.6184  82.5590  55.2610  98.3464 107.8786 135.3151 173.6492 119.3939  70.4734 228.9209  69.2865 222.1990 105.1786 145.5621 105.4805  77.1069
 32.6592  80.5040  93.5367  78.3747  28.2186  78.6644 110.0970  33.5149  55.0758  10.5175  54.1103  69.3494  72.3189  34.9859  93.4894 103.4299  75.3383  71.5765 114.3168  32.4449  53.8183  75.7131  35.7270  57.4248  97.8865  63.3964  33.8024 104.8531  85.1732  42.9563  32.6027  77.2449  81.2082  63.0524  48.5317  33.1575  20.5511  47.7186  60.3105  45.4952  85.6616  32.5111  54.5008 108.8438  52.2564 101.2163  51.5580  72.7105  69.3443   6.4973
116.2794  18.1950 266.9063  47.7068 123.7784 146.0172 285.1035 237.3839 286.9622 159.5854 221.7415  52.0194 177.3554 228.6986  48.8459 161.4145 297.4486  42.3949  74.5600 231.5184 239.9842 197.5212 190.0932 222.9002  99.8549 299.0254 119.9390 169.9694 349.4771 186.9756 212.4896 307.5332 188.7601 150.0503 243.2644 244.9296 160.8887 273.2967  81.3058 218.8494  40.4822 160.6059 138.4532 310.4041 279.6148 261.1090  83.8095 313.2414 317.7060 166.9566
145.9187 217.1768 107.9312 223.2576 137.5211 155.6926 137.6626 104.8730  99.5801 111.9989 171.8698 206.5339 125.5131 121.7833 224.1513 195.2741  37.3409 207.9292 257.4517 110.4791 160.9864 118.0129  67.6187  61.5013 212.8184 122.3058 151.2137 193.8765 106.0967  75.7161 130.3781  39.9577 234.1744 205.1582 144.9808  61.6267 130.9065  55.6968 196.0288  46.7860 213.7200  92.3525 190.6512 118.1321 103.9931 131.1719 178.1436  45.3150  96.7038 100.4607
226.7732 260.6287  39.2819 282.6537 219.9711 146.5773  26.5779 232.8612 233.1393 209.6789 292.6920 267.1859 115.8056 247.2533 242.2764 159.5560 109.9488 263.8731 262.9201 236.9965 286.4717  98.1299 139.3939 100.0556 207.7721 255.8557 236.3792 153.3214 227.6691 130.0660 251.4832 121.5203 339.6376 303.2591 272.1774 191.8738 233.6311 189.2369 269.2406 121.4154 239.3954 157.1366 286.1196  18.4715 237.3946  45.2050 249.6396 156.8640 226.9515 198.6005
 30.3458  56.7875 106.0966  46.2884  31.5326  83.1125 117.9240  40.8932  59.6988  32.5120  21.4374  42.9380  83.9578  33.8334  74.4419  99.4351  93.1856  46.6393  88.7809  37.6796  29.7457  88.5692  62.6297  79.5759  86.2901  59.8878  25.7575 101.4943  87.0251  66.9589  26.8663  93.9189  23.4667  12.5909  33.6071  54.9773  22.3406  65.1203  31.9592  71.2741  68.1309  56.1849  11.2934 118.5888  55.7990 110.4801  33.0837  87.6925  73.6363  37.3555
 26.8041  56.8965  89.4362  49.4091  26.5182  73.2785 100.6882  25.8865  43.3350  22.5800  15.1185  45.1237  72.0261  19.6728  71.3544  89.2680  74.8399  48.1218  85.1957  22.9629  19.9294  75.4604  49.5222  64.6790  79.9132  44.1529  23.3980  90.8391  68.2851  54.0970  13.2078  75.2114  31.8920  23.0751  21.3969  38.9518  13.4272  48.1003  35.5261  56.4704  65.5106  45.2166  20.0999 100.0278  39.8359  94.3141  34.0291  68.9659  56.0315  26.3314
 65.1113  42.8556 258.9096  31.0270  74.2097 152.4146 283.6321 187.6659 239.9136 111.0468 169.4276  11.2394 173.4410 177.3725  92.9417 184.6426 269.6199  16.3342 130.8636 181.1351 187.9135 192.4214 160.1860 201.1479 133.6614 250.7742  66.1385 192.2586 307.2924 161.7488 160.1728 278.0007 145.2274 100.9994 191.4284 200.7531 108.0834 230.7814  27.3900 190.5609  76.2307 130.2865  86.1003 301.6888 231.7329 259.5592  27.6334 277.9848 273.2655 120.8692
 54.1118  36.5325  81.7803  52.7267  54.7491  26.1710  87.7818 101.0618 119.0959  66.2190 107.4380  48.0838  42.2988 100.7397  21.7411  32.7109 104.7653  44.1957  34.7598  99.7320 112.3015  51.1002  61.2645  69.3146  13.8826 127.1836  58.7817  36.2319 140.7195  56.9291  95.8517 110.3193 106.5852  86.8779 110.6728  96.2297  73.1498 106.7370  56.9855  71.6714  21.4141  50.5873  79.1296 100.9788 117.1679  77.3368  50.6843 117.2409 129.1988  66.2418
 67.1794  81.9558  13.3677  87.7073  64.7631  48.4716  18.0173  64.4271  63.2142  59.9289  84.7340  82.4873  37.4202  69.4260  78.2809  55.7798  22.7844  81.8409  86.3344  65.9651  82.1165  31.9007  37.8434  25.2401  68.9957  70.4721  69.9682  54.1591  60.5154  35.9380  71.3310  26.3824 101.7185  90.6652  77.2554  50.8271  67.3927  49.1183  81.9657  30.6905  76.5989  44.8714  85.3353   6.9510  64.7841  20.6510  75.6536  37.7825  60.6119  56.1844
196.7827 218.1241  40.0628 239.1850 191.4956 116.9332  14.5453 211.8462 215.5469 185.8350 260.1730 226.5402  94.0227 223.1770 198.7041 122.2451 113.7332 222.9663 213.7877 214.8563 256.3222  79.7797 126.1900  94.2225 166.5242 235.0424 205.4675 116.3980 214.7641 116.5335 225.5093 124.2528 295.9901 263.7280 244.8000 178.1306 206.5257 178.1571 230.4931 113.9859 197.5808 138.3652 248.8116  38.4367 218.5737  30.9609 213.9336 154.0824 212.3841 176.8802
107.5641  79.9467 154.3229 111.3136 108.1311  43.2779 166.4948 198.2790 233.2805 129.3845 213.9772 101.0350  75.3621 198.4323  52.6586  60.1687 201.1455  93.6913  78.2889 195.9240 222.8858  92.9604 115.2947 130.0494  32.3688 249.9709 117.3320  66.7975 275.1592 106.0827 189.2653 212.3997 215.6262 175.9089 218.9423 186.9012 144.4936 207.3694 117.3598 135.4645  51.2186  94.8254 159.9908 192.7214 229.7251 145.5830 103.5777 226.9403 252.6824 128.6493
147.8596 241.3883 257.0369 224.8466 142.6798 253.3920 290.7588  38.1753  48.3600 112.8098  71.0719 211.1182 236.9057  37.2323 275.8277 301.6453 182.6816 218.5773 316.0863  38.8800  48.1938 239.7262 158.0459 189.6301 290.0901  39.1951 142.4533 304.0153 116.1239 174.1113  52.8502 177.5207 157.5441 148.3981  30.9953  78.8156 103.0488  88.1894 185.5722 163.3938 259.7617 162.0710 143.5153 275.4730  38.1250 278.1958 177.4340 146.8399  82.7514 113.4367
 12.1754  27.4184  58.1327  30.4792  11.8000  31.8592  66.3666  45.2831  59.3219  20.0085  49.6291  24.5231  34.3559  44.5138  33.5410  45.5412  60.9449  24.4000  46.5473  44.0868  52.6917  39.3581  27.5007  39.7854  37.4813  64.3675  16.0056  47.1666  77.2200  27.8289  40.8637  63.7558  53.9356  39.6850  51.4449  44.5112  24.6951  53.0589  24.0010  36.7049  28.7256  18.3393  33.4903  70.7393  57.5361  59.3249  17.0135  64.9865  67.8565  20.8471
278.9281 313.7719  58.3382 341.3248 271.2201 176.4226  31.2160 291.0288 292.4627 260.8397 360.3639 323.4965 142.6043 307.6097 289.2587 186.7115 147.7593 319.0793 311.4088 295.6995 353.6739 122.2555 178.1053 132.4139 246.3388 319.2535 290.5359 178.8618 286.4887 166.1582 312.0497 161.3713 413.5091 369.9953 337.1129 243.1847 289.1983 240.7494 327.3790 158.4309 286.9325 197.4079 349.6463  39.5036 297.3175  55.9494 304.4019 203.0468 285.5721 248.0435
 34.1087  28.7494  59.4059  39.5121  34.1937  18.7768  65.6052  69.6522  83.6933  42.4732  75.8078  34.6151  28.5208  69.6050  23.3192  30.1675  74.0290  32.2030  35.7921  68.6756  79.2089  35.4611  38.8759  46.6349  20.6671  90.0899  38.0417  32.4125 100.8110  35.9247  65.9770  78.1852  77.5902  61.8831  77.6358  65.7445  48.4142  74.0802  39.7671  47.5292  20.5747  30.0918  55.4532  74.4218  82.1971  57.3636  33.6975  82.9496  91.6604  42.2865
 82.8393 101.8201  19.3206 108.5274  79.8313  61.6560  25.2037  77.8176  75.6565  73.4751 103.0300 102.1026  48.0490  84.0761  97.7930  71.0005  25.6998 101.4153 107.8706  79.7860  99.5879  41.4023  46.8388  31.6993  86.7874  84.4846  86.1488  69.0702  71.5323  44.8741  86.6242  29.8481 124.4199 111.1366  93.5443  61.0477  82.4828  58.4819 101.1665  37.7324  95.5963  55.7486 104.6916  11.0789  77.6925  28.4083  93.4703  43.8281  72.0372  68.8590
 76.2800 127.6357 106.2194 124.3648  71.8191 115.2896 124.6832  23.3718  20.4707  52.6937  65.7726 115.1111 102.3451  34.6671 140.5419 141.6679  63.8198 117.8213 162.5221  27.7564  56.8230 101.7817  58.3578  70.9886 142.1812  33.5008  76.3194 142.1430  48.5200  67.0020  42.7566  61.4782 109.3271  96.7515  46.5120   9.5745  56.6587  13.4826 104.1236  56.9503 132.4911  65.7902  90.3193 114.9464  20.9790 118.7930  95.9741  46.9157  31.6971  48.7224
 47.3774  25.0995  74.2617  38.7381  48.5131  30.2628  78.4257  86.5896 101.5741  58.8063  88.8547  36.6582  43.3915  85.6483   8.5163  31.2109  92.5843  33.1686  16.9746  85.2917  93.4441  50.2415  57.9065  64.7991   9.4658 107.4844  50.5354  34.2312 119.5718  54.7810  81.2907  96.8896  84.5917  69.6456  92.8181  84.1756  63.0787  92.8010  45.2496  66.3883  11.5631  49.0636  64.1301  89.3217  99.8210  70.2853  41.8579 101.9743 110.1181  59.4613
  9.8479  30.1515  51.3489  26.5928   9.5293  39.3886  58.2754  18.7380  30.0841   8.4355  16.9575  23.3051  38.9998  16.1608  38.6433  49.4832  44.6767  24.9475  47.5900  17.1854  19.4809  41.4472  25.9941  35.8908  43.6158  31.8642   7.9843  50.5057  45.2692  28.5333  12.5126  45.4071  24.1285  15.8469  19.4245  24.1248   2.7692  30.4661  17.8082  31.1418  34.9409  22.3655  12.1937  58.6699  28.1487  53.9841  15.6565  42.7411  37.6838  11.3123
102.9016  53.9814 148.9728  76.4634 105.5410  73.1937 154.1164 172.5327 199.1383 124.4181 172.9200  76.3500  96.7565 170.1519  24.4540  66.2675 183.9401  70.0812   8.2426 170.0304 181.8816 108.1848 124.5757 135.6937  30.0801 208.8994 107.6019  71.4289 230.9364 119.0134 162.0517 191.5239 159.6072 135.2924 181.6838 169.5807 130.4361 184.6835  93.0410 139.0431  34.5492 109.3185 126.9770 174.7360 195.8959 140.4146  89.9696 200.6763 214.3666 126.1321
 21.2952  39.5965 101.6887  28.9919  24.1650  71.8135 112.5373  52.0225  71.5346  32.2927  38.5469  25.6053  75.3574  46.3691  57.8405  86.6014  95.6375  29.3713  71.7721  49.0911  46.2301  81.0207  59.9084  76.7734  71.1070  73.4656  17.1403  88.9747  98.0788  62.8732  39.4192  97.3930  30.9742  13.8130  48.9050  62.1346  25.2345  73.0307  14.6208  70.0468  51.6307  51.1004   7.2040 115.6798  67.9759 104.4298  17.3440  93.7572  84.9283  37.3121
 66.1324 127.1766 117.9977 135.0132  58.7044  90.8397 144.4704  97.3548 125.0453  48.4505 135.8881 118.8150  76.8671 103.2675 136.2387 133.0158 111.0541 119.2768 169.8319  97.2960 136.1520  82.5675  22.3758  60.0573 132.9102 142.9410  74.2696 134.6074 163.8368  29.7931 100.3445 118.4894 172.6058 137.4682 126.8106  78.9075  71.6889  98.2993 112.3992  46.7061 125.1743  10.9342 121.0723 147.8466 122.7705 128.0930  93.8936 123.3105 142.0326  39.2616
 64.2012  84.3038  21.5390  89.1687  61.3482  52.2028  30.9595  57.3205  55.7129  54.6101  80.3996  83.2169  39.7589  63.0454  82.7647  63.4050  12.0830  82.9489  93.0929  59.1274  77.1431  34.6990  31.5793  19.4371  74.8180  63.7907  66.9389  62.1422  54.0201  30.9782  65.4795  16.7631 100.5462  88.8884  71.6230  42.0743  62.5464  40.0406  81.4443  22.6108  80.1039  40.4100  83.1829  21.9829  57.4334  30.7148  74.5489  28.7898  53.2310  50.3659
 18.1396  33.3537  37.4289  31.0413  17.2408  35.2693  42.8276   2.3119   9.9203  12.3568  10.1766  28.6803  32.9365   1.0124  38.7051  43.0212  27.2856  29.8028  45.2085   1.0966   7.9310  33.6300  20.5239  26.2489  40.9556  10.7123  17.3954  43.4503  21.2770  23.0652   3.7901  26.9125  23.1735  20.2237   5.2355   9.9102  10.9969  13.1504  24.7449  22.0539  36.1268  20.6619  18.8548  41.0630   8.3490  40.5185  23.1467  22.9785  15.7003  12.5270
 31.3853  49.9626  29.7553  50.9824  29.2871  37.3100  37.3525  21.3687  21.8581  22.6352  37.7222  46.8284  30.5563  25.3922  52.5345  47.7080  14.8387  47.3078  61.1169  22.6312  35.2524  29.4441  13.9110  15.8200  50.6655  27.4975  32.5717  47.5760  26.8319  16.7306  27.3029  15.4159  53.0310  45.7773  31.3745  10.8319  27.2304  11.4349  43.9081  10.5617  49.7250  19.4405  42.1781  33.6091  22.5417  35.0495  39.5471  14.7308  22.9132  19.8000
 33.2906  45.7982 106.7531  33.5242  35.7004  79.5869 116.8809  53.5464  70.8780  41.2947  33.9073  32.8902  83.0267  47.1668  63.6044  92.6955  99.0002  36.5200  75.2401  50.6197  42.2025  88.1809  67.8903  83.4714  77.2971  70.9360  29.2794  94.9675  95.9087  70.9722  40.7624 100.1471  15.5131   4.6174  46.5135  65.6401  33.1582  75.2230  23.8528  76.8084  58.2003  60.3162   9.8387 119.2780  67.3071 109.5277  28.8632  95.4382  83.6407  45.9737
251.7220 315.7466  64.8492 335.5996 241.9857 192.7385  89.6287 232.1904 225.1047 220.4736 312.8632 314.9932 149.0038 252.2519 305.4618 225.7912  66.6885 313.2461 338.9797 238.5398 301.5954 128.7244 137.0070  90.1649 272.7854 253.2143 261.9153 220.1920 213.2767 132.0850 260.6466  80.5373 382.1135 340.4428 282.2626 178.7270 248.8069 170.4381 310.8504 107.0703 297.6649 166.3483 320.1406  49.0799 231.5543  95.9900 286.4619 124.8828 213.9966 205.7050
 90.8928  50.9234 125.6423  71.7144  92.8463  58.1360 129.8804 151.9261 175.0363 108.9721 154.5271  70.4705  79.3512 150.3824  22.9727  51.0071 158.3675  64.8779  15.5993 149.9005 161.9886  89.4118 106.2534 115.0423  19.2708 184.2206  95.5305  55.6214 202.4311 100.8537 143.5244 165.3062 145.1615 122.7825 161.2795 147.9606 115.3162 161.0935  84.8588 118.7016  31.5161  93.1417 114.8341 148.6101 172.3613 117.6843  80.9652 174.1857 188.0530 110.0000
 21.0155  20.9117  59.2611  27.9959  21.5372  26.3644  66.1891  55.7574  69.6282  30.4889  59.1041  22.7721  32.5509  54.9455  23.4523  37.9164  67.3267  21.2474  36.3456  54.5668  62.6537  38.4610  33.8895  44.0010  27.3441  74.8076  24.4051  39.9061  86.9377  32.7099  51.1505  70.6032  60.0541  45.7630  61.6974  54.3654  34.7523  62.6420  26.1400  42.7535  18.9708  24.7923  39.9040  72.5690  67.9200  58.8154  20.2606  73.1772  77.8617  31.2002
 36.7725  15.5719 113.1536  27.3619  39.7821  57.4634 123.8398  97.1042 121.1412  57.1747  94.8221  20.4180  69.7736  93.8731  30.2112  71.7594 124.9260  16.6776  50.4470  94.5220 102.4631  79.4775  71.1876  88.5378  47.1976 128.0132  40.0847  75.5288 151.3713  70.1158  86.4789 129.8184  87.7547  65.7218 102.7077  99.0029  59.9524 112.9981  30.5814  85.6961  21.7088  56.3963  57.6002 134.5207 117.7758 111.9613  25.3230 132.4897 135.8536  60.2240
 59.8486  31.8179 159.0970  53.6833  63.1090  73.5051 174.3031 148.2720 183.0447  87.5947 149.7146  43.5935  93.1033 144.7590  40.0915  94.7927 181.0728  37.8478  71.3773 144.8678 160.0865 107.8957 100.8286 124.6719  59.7132 194.4593  66.2613 100.3935 226.3303  97.8871 134.4876 188.9465 143.1221 109.6107 159.3595 147.8653  94.5594 168.2337  57.8335 122.0985  28.0266  78.9450  96.8045 191.4382 178.4756 156.4065  47.8780 194.8167 203.8962  90.7927
 49.2666  70.1367  48.9332  69.1600  47.3681  60.8616  55.9170  25.9096  15.5136  39.5229  41.8453  65.3031  53.9527  30.1720  74.5705  71.2244  25.9701  66.3406  83.4596  27.7844  37.0114  52.4210  37.2898  38.3305  73.8439  18.4424  49.3952  71.0361   3.5562  40.2719  34.1280  23.0862  61.0399  57.0630  32.8213  20.5429  41.3015  14.3671  60.8698  33.8705  71.4426  42.1224  54.7689  49.0022  17.9192  55.1157  57.4466  14.2162   7.6194  37.6151
 47.5533  56.0904  23.6315  64.2715  45.6806  17.4256  29.9207  63.1028  70.2314  45.7473  78.5904  58.9238   4.9244  66.1302  50.4000  28.9917  43.9509  57.5253  59.3013  63.5132  78.7051   2.4207  24.4002  19.3670  40.2881  77.7823  51.3352  28.1810  78.7175  19.2023  65.4379  48.5424  89.6601  75.7634  75.0175  52.6229  54.1244  56.7895  60.6400  25.6673  48.8565  25.1803  69.5014  37.3150  70.2570  22.6035  53.8020  56.8205  73.4282  42.7570
  3.3103  40.1313  79.9110  37.3092   2.5765  54.2655  91.0027  42.1726  60.7276  13.6257  43.2017  30.6188  55.2365  39.5791  52.8835  71.0912  75.0311  32.5386  68.4105  40.1112  47.4152  60.2640  38.0508  54.8636  60.6239  65.3402   4.8374  72.9760  84.9088  40.9708  34.2438  77.3021  50.2320  33.6995  46.6899  46.2653  14.2755  57.2391  23.9886  48.3852  46.6133  29.2588  26.2197  93.7674  57.9466  83.0865  17.1935  75.5099  72.5861  17.7003
 59.4504  70.4254  48.9251  82.6461  57.0635  17.9405  58.6316  89.5521 103.1150  59.5921 109.2145  74.6831   8.8551  92.8705  63.0689  40.1826  73.1622  72.5209  77.6596  89.6108 110.5226  17.0473  33.7873  34.8368  50.3815 113.7994  65.2353  40.3098 119.6813  26.5686  90.7422  79.5857 122.8529 101.7283 105.8060  76.7022  71.5808  84.9303  77.6880  40.5280  60.1921  29.8741  92.3486  69.3190 102.4835  47.5862  67.5660  89.6263 110.0329  55.9615
152.2724 113.6611 163.4800 148.8059 152.6695  53.3671 168.6337 243.2410 277.1522 173.3269 262.3731 140.6473  88.8125 244.5844  72.0006  33.9808 228.3849 132.1567  79.8027 241.3025 271.1734 104.1839 148.6150 154.5703  25.2567 295.5424 162.4166  42.0060 316.1597 136.6245 235.7987 241.1227 262.9142 222.0726 266.5155 227.6906 190.0306 247.0128 160.0330 165.4874  78.7616 131.4020 205.9257 202.0110 274.1851 148.1857 147.0880 260.7429 294.9287 171.5295
 50.7823  26.2436 158.5412   3.9763  56.0589  98.1852 171.6386 114.5889 143.6270  75.5151  98.2881  11.8418 111.1685 107.6842  55.9247 113.2213 164.3567  14.7841  72.7220 110.6502 109.8018 121.7652 104.9029 127.3680  82.1331 148.3026  49.6774 117.6612 181.6478 105.8738  97.6911 168.7408  75.4767  54.6560 113.2925 124.3727  71.3547 140.8821  20.6687 121.4573  48.3078  88.6640  49.6389 182.0213 138.7904 158.4117  29.4431 167.9338 162.6148  81.5164
111.2951  79.2818 170.2927 112.9455 112.3094  52.0463 183.9472 210.5788 248.9114 136.1765 225.4955 102.0975  85.5132 210.1767  51.3316  70.5689 218.1272  94.1412  80.7273 207.8340 235.5229 104.4728 124.6802 142.2775  35.6887 266.3872 121.5370  77.7712 294.9856 115.4528 199.9461 229.9685 225.6574 183.2126 231.7276 199.7599 151.5597 222.1856 120.0015 147.0588  48.8779 101.8234 166.3269 211.4462 244.8605 161.5073 105.6515 244.6477 270.3839 135.9463
 72.4520  83.1368  21.9650  94.1872  69.9092  30.1611  28.3018  89.5175  96.9211  69.1337 111.4119  87.3156  15.7058  94.0971  74.3960  40.5702  56.0173  85.4056  84.7700  90.3598 110.9851   7.8270  39.3267  27.8203  59.4215 107.0564  77.3277  38.6155 105.1133  32.8388  93.7776  62.2456 127.0393 109.0815 105.7824  74.3673  80.1800  78.3711  89.6742  37.9693  72.9513  42.4258 100.9454  39.6758  97.3870  18.6626  80.7848  74.8577  99.5777  64.9299
114.8859 206.6183 220.8465 193.8160 109.0255 212.9628 253.3627   6.2426  50.5213  78.3666  69.4200 179.3149 197.4000  15.1463 237.4638 259.6630 156.8289 185.8027 276.5531   6.3640  54.2436 200.6919 121.7194 154.3531 249.3796  56.9795 111.0928 261.9565 118.4692 137.1660  31.9708 154.0566 148.2383 130.5469  36.7730  52.6156  72.7585  70.4393 156.1897 129.0244 222.1323 124.6333 122.0617 241.4077  41.3358 240.1374 145.8855 129.4701  85.0335  77.9498
142.3407 179.5109 352.9356 141.7893 148.2398 279.6736 383.5700 173.3975 219.0766 157.9005  99.7256 142.6963 287.9596 152.5994 232.0033 318.3915 320.3134 153.1580 264.0380 164.7764 123.9660 302.1088 237.8022 283.1991 273.2292 213.4007 130.1177 324.9481 291.8696 248.3639 135.9349 321.7775  10.6373  52.0981 141.2248 215.8843 131.3689 241.3770 117.7448 261.7837 216.7135 218.3688  72.0931 387.4677 208.1417 362.8777 132.7017 303.0785 256.4448 171.1399
 60.1489  55.8000  48.9295  68.7477  59.2370   7.6809  51.7757  90.9668 102.8044  64.5819 103.6953  63.7393  18.9452  92.8687  43.0347  11.5412  76.9343  60.9281  50.3081  90.7096 105.8672  24.5939  47.5807  46.8391  26.6468 111.1488  64.7578  12.0342 116.3025  41.8669  90.3696  82.3772 109.6940  92.5022 102.8108  81.7556  73.1631  88.5487  69.3265  52.7161  43.4211  42.9970  85.2465  64.9803 102.1235  43.0802  62.3354  91.5738 108.6257  62.5919
 94.8172  51.4388 151.3407  79.7158  97.0178  59.5553 160.5617 176.2864 207.4620 118.2498 181.7952  74.5729  86.6023 174.4821  19.7331  64.0099 188.7258  67.4277  40.3544 173.6294 191.1544 101.0077 116.0427 130.7195  20.4816 219.9081 101.5915  70.2438 244.9641 109.5751 165.5024 197.6824 174.2195 142.7018 189.6524 170.9920 127.4922 188.9914  91.9269 133.8485  23.4611  97.5227 130.9217 182.8617 203.8398 143.4782  84.1828 208.1898 225.2367 119.4852
 61.7260  90.2402  38.0800  96.4283  57.8207  52.6787  53.1145  62.4678  68.0492  49.8960  90.6709  88.0787  37.3672  68.7890  90.1831  72.2412  33.6108  87.8099 105.9015  64.0316  88.1049  34.1086  15.8503   6.9112  82.2087  79.1150  65.8007  71.5642  77.6590  15.4038  70.2294  39.0068 114.9851  97.6619  81.4228  44.1877  61.6267  47.8501  85.6097   5.0749  85.7451  28.1153  89.3894  50.7167  68.8363  46.8682  75.9251  47.7418  70.7970  44.1222
 91.8688 136.6826  98.4257 134.4924  87.8116 118.9833 114.0285  42.7629  22.8104  70.9911  78.2628 126.2284 105.0177  52.2573 146.5967 141.5855  51.7693 128.4660 165.7459  46.8195  68.4960 102.4973  68.1041  72.7143 145.7951  32.1424  92.1445 141.4160  19.0003  74.8897  60.4814  46.7889 118.7580 109.3334  59.3098  30.3834  74.8975  17.5166 116.7533  62.1465 139.7944  77.6944 104.1335 101.1197  27.7342 111.1566 109.3915  28.4562  11.4237  66.9615
157.8743 236.3168 156.1198 235.0702 150.1931 196.6853 184.1907  80.5582  54.2693 120.5716 147.3641 219.7005 170.3227  98.4612 251.1930 236.7604  72.8365 223.0241 285.1614  87.7139 131.6163 164.9700 105.8186 110.9345 247.0785  74.2151 159.6531 236.1353  50.7715 117.2615 111.8129  64.7218 217.5634 197.1564 114.9569  47.9598 131.0154  23.4916 204.3788  92.8682 239.4827 125.0103 186.3096 161.2933  61.7521 179.1093 189.8353  33.9836  41.3594 111.9706
 58.9797  53.7782 170.6257  73.8903  61.0952  77.2622 189.8551 158.1963 197.5890  87.3187 165.5605  59.5025  95.5424 155.3982  62.5661 108.3140 193.0762  54.9728  98.8844 154.6728 176.0361 112.2014  99.3527 127.9603  76.2325 211.7335  68.0394 114.0893 246.7613  96.2602 144.3894 202.1689 166.0249 126.1107 173.8211 155.4081  98.1970 178.8131  69.9714 124.2724  49.5608  73.7804 109.9463 207.9299 192.6323 169.1742  54.1928 209.0190 221.0717  89.8769
 78.9368 138.7914 100.9042 140.8759  72.3529 108.2268 124.7268  56.6507  68.4723  51.3360 103.6658 127.8883  90.4949  67.1833 149.1594 142.0710  65.4107 129.6597 176.7652  59.3433  97.9675  89.9092  33.7576  52.2934 146.3820  85.0080  82.5355 142.4243  95.1716  44.7855  70.9274  68.0864 148.5319 124.7542  86.8825  29.6576  66.3135  42.1212 118.2579  33.6715 139.7802  46.5346 113.1587 117.4365  68.4776 115.1968 104.7112  64.8881  78.5625  42.3864
 47.0424 110.2029 192.8102  93.6929  47.6628 151.0157 216.7035  67.4071 106.1910  45.5128  45.2354  84.3360 150.5780  55.2188 142.3942 184.9869 166.8965  90.9280 172.3569  61.2865  57.3766 159.1202 105.7376 139.5315 162.3906 109.2865  38.8073 188.7177 160.0462 114.7112  41.2158 168.6495  66.7722  41.5484  60.7546  92.1566  24.9612 113.1052  63.3823 122.7527 129.6409  93.7233  32.1170 217.4672  98.8346 202.0823  60.4276 157.2733 133.4732  55.0223
 72.7215 119.0496  83.4317 128.5270  66.6167  71.4945 106.1796  93.6577 112.5988  57.9764 131.1317 114.8048  54.1263 100.6197 121.9412 106.8493  83.0074 114.4323 149.2338  94.5188 130.1093  56.3420   6.9952  34.4616 113.7794 129.1538  79.9977 107.3105 139.7940   8.4851  99.6540  90.5774 164.1274 134.1971 121.1583  72.0796  77.8056  85.3288 111.0986  26.5099 113.6810  16.2976 120.1987 108.9542 111.7890  92.5761  95.0955  99.0157 123.6861  49.5702
 47.2604  99.3359 197.7949 111.6193  45.0305 106.6955 226.5476 159.1500 207.3519  71.1120 177.1055  90.8552 114.6131 157.2856 118.0580 155.2868 209.0438  90.0181 163.4024 155.2738 187.1518 132.0335  91.7427 134.0591 129.3012 225.5967  60.7923 160.7822 268.7840  92.2939 145.1049 219.1338 194.0528 144.2480 182.1900 154.4742  89.2122 183.9882  89.6902 123.9079 101.6357  59.5041 122.5165 242.0148 201.3924 201.8966  65.2588 224.3290 236.4915  72.8748
 69.7026 131.9882 254.8928 106.5449  73.0259 197.2633 283.2196 101.8400 147.7023  77.4555  57.0328  98.4720 200.0733  85.2117 174.8298 236.3217 225.7344 107.4371 209.3706  94.1339  76.8779 211.5410 150.0915 191.1577 203.8708 148.7677  58.5110 241.3917 213.5891 160.1906  68.2493 227.8304  57.4412  27.2847  85.7537 134.6490  53.3261 159.5034  71.9346 171.5116 159.6007 133.7504  22.1504 285.5723 138.3741 265.0115  74.9705 213.5788 181.2655  89.3812
115.3435 164.2740  88.6057 166.3131 109.9947 127.0287 106.2668  73.2547  58.4027  91.5889 118.1722 155.7125 107.1945  85.1811 170.4201 152.0911  29.1650 157.1697 192.1350  77.7942 108.5119 101.5935  70.0235  65.4846 163.8396  71.6481 117.7185 150.9916  46.6787  75.6831  93.1637  22.1400 163.1737 147.5158  97.4804  47.6460 101.2237  34.3380 147.3355  57.1324 163.4163  85.3322 139.3234  88.5234  63.2579 104.7379 136.5778   2.0991  47.8316  84.8251
190.1371 224.6910  26.2928 242.8796 183.8195 126.2985  30.5502 191.7332 191.4499 173.1914 245.9122 228.7586  97.0029 204.8197 210.9754 142.3574  81.7687 226.2612 231.3040 195.5513 239.9208  81.1542 110.5919  75.1407 182.4152 211.7276 198.4452 137.3247 187.0015 103.1761 208.9668  92.3478 289.4418 257.5121 226.9785 154.8840 194.4262 152.2467 229.3176  93.3224 207.4467 127.7578 242.3543   8.0039 195.2962  41.0442 211.7599 123.7500 185.9704 163.1123
 25.9851  20.4361  26.3654  26.3797  25.9504   7.6113  27.2649  41.0875  46.7320  29.2308  44.8611  24.7970  13.6104  41.4500  13.6611   4.3960  37.7349  23.3924  15.4701  40.8052  46.2395  16.1966  24.3149  25.0425   5.8123  49.9801  27.7872   5.7717  53.2010  22.1690  40.0408  39.9515  45.5163  38.4241  45.3248  38.1309  32.2856  41.3511  27.9194  27.0613  14.5666  21.5590  35.5728  33.0047  46.2734  23.7303  25.5080  43.4524  49.6489  28.8011
 84.7620 136.8369 120.7236 131.5760  80.7387 129.4388 139.1436  22.6362   6.2253  61.8921  61.3285 122.8243 117.0604  32.5060 151.6699 155.9086  75.5967 126.0362 173.7900  27.0386  50.3407 116.6958  73.0005  85.9107 154.9730  18.5331  83.7588 156.5216  43.0463  81.7163  42.2401  72.1365 107.5074  98.0946  39.8903  24.3551  62.6701  23.4705 110.6287  71.9108 143.3464  79.4897  93.0684 128.5152   6.3472 133.5384 103.6554  54.6557  24.1615  59.2249
 32.8661  54.3414  50.2881  51.9455  31.2756  52.4739  57.8972   6.8418   4.5710  23.6128  22.7329  48.4004  47.7384  10.7984  60.7497  63.4006  32.5933  49.7771  69.8723   8.6080  18.3187  47.8262  29.6002  35.5667  62.4875   8.1037  32.3319  63.7273  20.2773  33.2277  14.8210  31.3744  41.6882  37.8260  14.0002  10.0195  23.5537  11.2022  43.2689  29.7112  57.2775  31.7897  35.8056  53.9243   2.9707  55.3790  40.5223  24.5438  12.4791  22.7362
 29.9509  43.5615  81.2552  35.0061  31.0587  65.0231  89.1277  34.9578  46.4856  32.1899  16.9449  34.0947  66.1600  29.7687  56.2380  75.4276  71.9910  36.7256  65.0766  32.8016  23.1161  69.3820  52.2713  63.5573  65.4337  45.3074  26.8382  76.9216  64.7224  55.1592  25.5906  72.2535   5.7444   9.2500  27.2015  45.6380  25.3732  51.9608  27.0783  57.9549  52.1821  47.9266  13.2966  89.5431  43.7612  84.1349  29.5897  67.4164  55.8414  35.3934
148.6467 187.9109  33.0560 206.0127 141.9948  90.5966  60.8914 162.7404 172.0103 132.6566 215.5481 190.5718  56.7803 174.6485 177.5184 119.4029  79.2357 188.2196 203.0976 165.6535 211.5946  42.0646  65.0655  29.2324 152.2582 193.6412 157.8149 116.0538 183.4381  55.2947 176.6935  92.1780 257.6011 222.2872 199.0550 126.9933 155.8798 131.5299 190.6791  51.9980 172.0004  81.3883 205.7396  64.9175 174.1284  48.1312 171.7141 119.0896 174.1448 122.2745
 51.0344  28.6968  78.3755  43.4700  52.1067  30.3716  82.9222  93.2351 109.3390  63.0073  96.4896  40.8044  44.7177  92.4110  11.5979  31.8244  98.6307  37.0769  20.9482  91.8937 101.2900  52.1807  61.0497  68.2606   8.8018 115.9302  54.6285  35.0975 128.6379  57.5124  87.8011 103.3674  92.7671  76.3005 100.4225  90.1629  68.0088  99.4498  49.8334  70.1662  14.0482  51.5687  70.1253  94.8027 107.5013  74.0381  45.7206 109.0989 118.4631  63.5367
112.0300  14.2513 260.6225  54.2687 119.0975 136.1461 279.3884 237.0829 287.4035 155.5725 225.6710  53.2968 168.2511 229.2191  41.1244 153.5667 293.4385  42.4791  74.6216 231.3893 243.4076 189.0471 182.9120 215.8740  91.6171 300.8082 117.1030 162.2798 350.4515 179.1669 213.1141 304.0892 197.6744 155.7894 245.6548 242.4611 159.0795 271.3718  82.9351 212.3480  29.1186 152.6331 142.2304 305.4996 280.1857 254.6458  81.5414 310.9660 318.2521 162.3473
 30.7089  16.5351 107.7809   6.5013  34.4294  64.9298 117.3672  78.0343  98.8301  48.7500  68.6235   1.9326  73.8057  73.5218  37.7217  76.6917 112.0601   5.7392  51.4412  75.3258  76.4242  81.3813  69.0184  85.1798  55.3455 102.6847  30.4736  79.8020 125.8239  69.6608  66.5144 115.3033  55.7774  39.3032  78.3568  84.1131  46.6561  95.9955  11.3704  80.9809  31.5921  57.2582  34.4196 124.6945  95.4753 107.8452  15.3802 115.0371 112.2514  52.8582
 26.4169  56.9956  69.6658  53.0212  24.5204  61.5054  80.2509  11.6606  27.7417  14.8327  22.2266  48.0463  57.7848   9.8351  67.4238  76.8766  53.6631  50.1323  80.4371   9.7622  21.1284  59.7850  34.2243  47.0078  72.0401  30.8457  25.1978  77.8672  49.4659  39.0244   7.8746  53.8105  43.6232  34.9967  17.8003  20.7885  12.4852  29.3493  40.5998  38.9720  62.2782  32.9087  31.0852  78.2433  25.0737  75.0536  36.8452  48.0610  38.5768  15.7318
 53.9363  22.8104 187.6814  30.1869  59.8676 103.1713 205.2762 148.5871 187.2914  87.9204 139.6945  18.0624 121.0953 142.1201  56.8518 126.0620 201.3669  13.3276  86.7298 144.0731 152.7653 135.9531 117.5960 146.7093  86.8278 196.7811  57.1074 131.9519 236.5408 117.2905 129.7618 208.4098 124.3496  90.5221 154.3454 155.0486  89.0284 177.4326  34.9258 140.5500  43.9104  94.5268  78.6328 220.6792 181.5437 186.8331  30.2076 210.5738 211.4811  94.0751
 31.5963  25.2004  95.1082  35.9862  33.2209  44.4630 105.3450  86.0349 107.5605  48.0618  88.4035  28.4431  54.7689  84.1234  31.7469  60.2354 106.8086  25.8462  51.3037  83.9996  94.4238  63.7421  56.5213  72.1539  41.3383 114.8433  36.0662  63.4599 134.4687  55.0721  77.9356 111.5978  86.9805  65.7055  93.6000  85.4359  53.0426  98.1538  34.8107  69.9600  24.3989  42.7479  57.2493 115.1008 104.7668  94.2509  26.9533 114.9349 120.4824  49.8673
107.6274 116.6632  77.7659 138.6994 104.3503  19.1279  89.2852 158.6901 180.0640 110.0920 189.4331 126.7475  10.9667 163.9312  99.6035  50.3891 126.6720 122.5000 119.8828 158.7723 191.9191  25.3140  68.9139  66.0646  74.0111 197.3007 116.9549  49.9119 205.2341  57.0019 160.3374 137.4085 208.9266 174.8507 184.5575 137.7433 128.9066 150.3285 133.7285  77.8141  96.9128  63.1241 159.9180 110.6715 179.1868  71.2865 118.0783 155.4018 190.5118 104.6105
 30.5328  54.5648  63.2108  50.3038  29.2940  59.2104  71.8459   6.5775  16.9753  22.0153  13.6903  46.7344  55.7437   2.4000  63.6336  71.5635  46.7652  48.6574  73.9974   5.0145   9.5096  56.9619  36.0452  45.3097  67.7472  16.9692  29.0489  72.3055  35.2568  40.0870   5.9005  46.0561  35.2252  31.4523   5.0508  18.9573  18.9282  23.6942  40.1731  38.6042  59.4643  36.0022  29.7488  69.0107  14.2840  68.1299  38.0425  39.4322  26.3405  22.6506
 42.0477  48.2881   3.5053  53.2121  40.6955  23.6900   3.6185  46.0482  47.5261  39.2062  57.8645  49.9630  17.1840  48.7682  44.1985  26.8501  23.5966  49.1699  48.6653  46.7395  56.9994  13.4336  24.3136  16.4564  36.8615  52.3822  44.1968  25.6031  48.4934  21.8806  49.2472  26.4192  66.7640  58.7302  54.1875  37.8501  44.3790  38.2930  50.6980  21.4710  43.6085  27.3659  55.0083   9.1659  48.1546   2.4840  46.5292  33.5009  47.2806  36.9726
 42.3817  46.5182   9.8946  51.0024  41.2972  25.3141   4.5368  45.6847  46.4394  40.1956  55.7285  48.3978  20.7517  48.0408  42.2765  26.0048  25.1161  47.6224  45.2417  46.3100  54.9418  17.8484  27.7934  21.1653  35.4191  50.5014  44.2023  24.7502  46.1712  25.7549  48.5161  27.2809  63.1036  56.3571  52.5466  38.6596  44.5063  38.6447  49.3073  25.2906  42.1217  30.2636  53.2452   9.1549  47.0771   7.7466  45.8701  33.5233  45.7387  38.3419
 54.8474  59.3547  12.6934  65.8987  53.4520  29.4701   6.1735  61.7992  63.9468  52.6086  74.9445  62.3595  23.7020  64.7818  53.0490  30.0382  35.9588  61.1709  57.0219  62.5125  74.2431  19.9579  35.6890  27.1745  43.2928  69.5992  57.4633  28.2803  65.1448  32.5264  65.0898  39.2016  84.1813  74.5559  71.1151  52.4965  58.6178  53.2260  63.9782  33.0960  52.9589  38.3763  70.1773  15.9901  64.6200   7.1541  59.2374  47.5977  63.7725  50.1707
 17.0206   9.4607  55.2260  14.7078  18.4288  27.9049  60.6974  47.0744  59.0208  27.0419  46.4064  10.8635  33.7089  45.5572  16.2213  35.5569  60.8009   9.3027  26.4742  45.8151  50.0941  38.5092  33.9299  42.6947  23.9152  62.5242  18.8298  37.3867  74.0484  33.4447  41.9287  63.2331  43.6381  32.4930  50.0994  47.8612  28.6370  54.8416  15.2078  41.1957  11.9867  26.5312  28.2809  65.8672  57.3645  54.7767  12.0000  64.5497  66.3203  28.5009
158.4949 185.6517  15.2828 205.5633 152.8827  85.2559  31.6475 177.7572 186.1258 147.1003 225.5600 191.9017  56.5536 188.5368 170.1914 102.8306  92.9442 188.7541 190.2296 180.3478 222.5135  40.6971  85.4492  54.0937 141.3800 206.2221 167.4642  98.3060 194.0446  74.9020 189.9780 105.0006 261.6335 228.0641 211.1516 144.7198 168.6515 148.2804 194.6421  75.2400 167.0932  97.4400 212.5432  49.0516 188.2542  17.4105 177.2484 132.7406 187.0247 137.9388
 24.8727  36.8517 105.1521  24.9011  28.0713  73.1277 115.6873  57.6282  77.1354  37.3352  43.0519  22.6479  77.7038  51.8980  55.8373  87.0742 100.5490  26.5767  69.1468  54.6843  51.0817  83.6788  64.0666  80.7708  70.2722  78.9608  21.2139  89.5908 103.6995  66.6821  44.9207 102.4489  30.9472  14.6714  54.0986  67.6546  30.7352  78.5740  12.1224  74.4299  49.8001  54.8069  10.4186 119.4702  73.5609 107.4199  17.4953  99.1259  90.5462  42.2785
231.4020 268.5907  38.1854 290.7208 224.2255 151.8720  31.1396 235.3380 234.9856 212.7693 297.8880 274.5455 119.1424 250.4400 250.7655 167.1832 106.9660 271.3329 272.9715 239.7274 291.1272 100.7453 140.0253  99.0548 215.9595 258.4985 241.2132 160.9278 228.8513 130.8488 255.0973 118.9004 347.5212 310.1489 276.1794 192.6460 237.4960 189.5039 276.0489 120.6749 247.3598 159.1294 292.4737  12.2900 239.4938  48.4092 255.7118 155.5276 228.2735 201.1825
172.2757 268.9950 175.4891 269.3435 162.3684 217.6438 211.8298  91.1872  76.2336 126.1010 175.6971 249.6721 185.3823 113.3552 286.2554 268.5083  82.0760 253.3112 328.8517  99.3015 159.1258 179.7774 102.8538 112.7417 280.6030 103.7669 175.6270 267.9823  93.7371 117.5933 127.3553  77.0548 259.0133 229.2901 138.7017  40.7561 142.4860  22.9216 231.9171  88.2017 271.7215 126.9475 214.0591 187.8625  82.2617 202.9940 212.5965  52.3743  74.9482 114.2208
 82.0302  82.0302  82.0302  82.0302  82.0302  82.0302  82.0302  82.0302  82.0302  82.0302  82.0302  82.0302  82.0302  82.0302  82.0302  82.0302  82.0302  82.0302  82.0302  82.0302  82.0302  82.0302  82.0302  82.0302  82.0302  82.0302  82.0302  82.0302  82.0302  82.0302  82.0302  82.0302  82.0302  82.0302  82.0302  82.0302  82.0302  82.0302  82.0302  82.0302  82.0302  82.0302  82.0302  82.0302  82.0302  82.0302  82.0302  82.0302  82.0302  82.0302


1.3837 3.9394 3.0590 4.3145 5.5740 3.7141 5.0049 4.9701 1.9729 3.6522
1.0667 2.6045 4.2596 2.6288 6.8889 5.9070 7.2831 7.0585 3.8778 3.6522
5.8433 4.7893 7.8778 5.4808 1.3261 4.2039 5.5845 4.0303 3.4028 3.6522
0.7844 3.5344 3.4330 3.5494 7.3377 5.8582 7.1043 7.1061 4.0117 3.6522
1.5924 3.9829 3.1668 4.3882 5.3679 3.5018 4.8141 4.7496 1.7509 3.6522
3.4625 1.8634 6.3415 2.5587 4.1773 4.9750 6.5752 5.6035 2.9673 3.6522
6.4142 4.9441 8.6161 5.6136 1.7682 5.0099 6.3600 4.7611 4.1749 3.6522
4.1645 6.4609 3.4834 6.9577 5.2126 1.6946 2.3306 3.0296 2.2962 3.6522
5.3526 7.4036 4.5376 7.9484 5.0649 1.3269 1.1331 2.2860 3.0165 3.6522
2.4277 4.6015 3.2775 5.0714 4.9274 2.6766 3.9711 3.9595 1.2346 3.6522
3.7572 6.7947 1.7357 7.1418 6.9339 3.5658 3.9294 4.8929 3.5186 3.6522
0.3402 3.3822 3.3745 3.4842 6.8987 5.4325 6.7070 6.6685 3.5635 3.6522
3.9182 2.8010 6.4582 3.4971 3.2463 4.3063 5.8990 4.7887 2.5125 3.6522
3.9304 6.4513 2.9919 6.9103 5.6400 2.1902 2.7485 3.5281 2.5055 3.6522
2.1858 1.4238 5.4610 1.3907 6.6289 6.3570 7.8494 7.3567 4.2076 3.6522
4.2187 1.4518 7.3073 2.0679 4.8345 6.1146 7.7149 6.6590 4.1378 3.6522
6.0525 6.3683 6.9927 7.0506 1.6621 2.1709 3.2132 1.5401 2.8478 3.6522
0.4720 3.1476 3.6220 3.2382 6.8543 5.5277 6.8365 6.7396 3.6028 3.6522
3.0588 1.4827 6.2722 0.9828 7.3247 7.3097 8.8159 8.2718 5.1514 3.6522
4.0159 6.3935 3.2824 6.8762 5.3472 1.8818 2.5231 3.2256 2.3135 3.6522
4.1740 7.0668 2.3043 7.4557 6.6976 3.1790 3.3918 4.4612 3.4679 3.6522
4.3447 3.2232 6.7626 3.9204 2.7977 4.2138 5.7847 4.5644 2.6129 3.6522
3.5717 4.1897 5.1602 4.8233 3.1178 2.4272 4.0271 3.1910 0.6884 3.6522
4.5124 4.4521 6.2178 5.1341 2.0919 2.7641 4.3013 3.0562 1.7188 3.6522
3.0864 0.3182 6.3472 0.8880 5.8921 6.3006 7.8701 7.1167 4.1513 3.6522
5.5986 7.8504 4.3999 8.3709 5.6670 1.9359 1.3475 2.8047 3.5225 3.6522
1.4028 4.1806 2.7672 4.5302 5.7978 3.7618 4.9857 5.0519 2.1523 3.6522
4.3891 1.6566 7.4496 2.2628 4.7061 6.1136 7.7121 6.6166 4.1746 3.6522
6.8863 8.5018 6.2416 9.1080 4.7922 1.9361 0.5852 1.6201 4.0995 3.6522
3.6155 3.9102 5.4315 4.5612 2.9910 2.7772 4.3774 3.4452 1.0412 3.6522
3.5398 6.1902 2.6128 6.6210 5.8152 2.5240 3.1851 3.8859 2.4762 3.6522
6.2397 6.6883 7.0121 7.3667 1.9489 2.0471 2.9396 1.2258 3.0153 3.6522
3.2435 6.6286 0.3604 6.7780 8.3987 5.4499 6.0077 6.8196 4.7215 3.6522
2.2277 5.5948 1.0607 5.7825 7.4962 4.8389 5.6496 6.2126 3.7996 3.6522
4.2514 6.9840 2.7088 7.4088 6.2851 2.7241 2.9550 3.9986 3.1741 3.6522
4.4671 6.1560 4.5059 6.7293 4.0688 0.6677 2.0153 2.0359 1.7300 3.6522
2.3556 4.9714 2.6377 5.3819 5.5399 2.9735 4.0756 4.3201 1.8648 3.6522
5.1503 6.6928 5.0882 7.2898 3.8937 0.1575 1.4637 1.4104 2.2759 3.6522
0.5600 3.9458 2.7303 4.1101 6.8283 5.0042 6.1911 6.2923 3.3061 3.6522
4.2615 4.6807 5.6906 5.3401 2.4915 2.1901 3.7633 2.6835 1.2053 3.6522
1.8019 1.6815 5.0851 1.7554 6.4744 6.0231 7.4978 7.0562 3.8875 3.6522
2.8956 3.6784 4.7532 4.2774 3.7310 2.8956 4.4685 3.8099 0.7615 3.6522
1.8784 5.2020 1.4735 5.4237 7.0579 4.5239 5.4371 5.8897 3.3627 3.6522
6.8106 5.7934 8.6531 6.4806 0.8337 4.5015 5.6894 4.0026 4.1514 3.6522
5.1662 7.3087 4.2809 7.8397 5.2034 1.4526 1.3834 2.5069 2.9599 3.6522
5.8692 4.4117 8.1477 5.0881 1.9623 4.7981 6.2247 4.7040 3.7590 3.6522
0.5272 3.6735 2.9926 3.9184 6.3040 4.6014 5.8606 5.8586 2.8137 3.6522
6.2307 7.1464 6.5436 7.8014 2.9015 1.4124 1.9935 0.2800 3.0525 3.6522
6.1119 7.9145 5.4125 8.4956 4.8210 1.4011 0.2689 1.7490 3.4845 3.6522
2.6540 4.5951 3.5771 5.0979 4.6122 2.4415 3.8056 3.6909 0.9258 3.6522