100 25 5


27 12 22 26 26 7 21 16 5 5 15 26 20 18 31 15 6 33 29 31 27 6 9 10 14 21 27 21 6 28 24 24 35 21 32 15 23 11 35 35 7 5 33 32 15 26 17 13 8 8 13 33 20 17 9 19 32 9 5 8 32 23 8 21 30 9 9 17 30 31 6 24 12 19 8 32 8 26 5 10 29 9 9 12 16 15 8 10 17 22 26 26 10 8 24 17 34 28 11 15 
590 752 486 555 499 352 457 1034 1144 443 700 447 787 361 1065 1157 578 300 437 413 638 509 595 1263 1500 
1169 3658 1349 3084 972 


389.3551 186.0323  38.5379 432.9193   2.7521 351.4438 360.9645 321.0000 181.9941 376.8150  52.0051 359.5284 360.2625 106.4734 142.2869 384.3853 199.8109 115.1072 181.9296 225.7518 215.0215 366.3141 285.4141  39.0252   7.2259 
307.8952 311.4878 102.3160 118.9771 193.9456 219.6603 419.2364 103.1445 383.0121  82.0008 240.9583 296.1931  45.1993 332.5635  92.1065 203.3701 230.1051 315.8906 163.9947 312.0091 341.9638 297.8778 421.2388 390.7232 108.2802 
360.0732 318.5364  30.1192 327.0062 379.6034 386.5347 429.1622 379.8689 270.2010 158.7465   3.2600 332.0332 142.1974 425.6759 176.5354 276.6163 234.1272 390.7047 280.7896  50.3238 373.0086 106.4212 240.7104  77.8892 131.0694 
 43.6453 427.8274 145.9392 343.9965 104.3150 351.2154 135.1069 274.4413 188.0030 372.0001 207.9581 267.0460 399.0030 351.9982  59.9242  17.6595 309.2271  61.8736 354.0277 372.9949 286.9594 189.8842  28.6717 144.1860  65.6021 
427.0468 343.2111 412.0000 336.8850 103.0543  66.5729 203.5796 107.1472 301.4305  91.8066 235.9766 246.4792 288.7223 286.5212 115.0003   8.9989  89.0548 437.7786 377.6284 221.8583 289.9647 362.9782 345.9979 347.0298 433.4548 
189.8020 217.9979  90.6167  75.9297 115.1456  12.0645 425.0467 373.1488  95.6023 432.8856 283.8683 324.5647 411.2534  58.7095 316.6915   7.0017 117.1597 110.2876 332.4955 139.0548 103.4931 260.0340 214.0515 179.2982  83.3026 
 98.2390 182.3865 334.6500 448.3119  56.0233 285.0205 180.2591 313.5779 438.9989 231.1772 232.9372 168.3086 308.8744 122.2257 306.4418 264.5487 245.8637 117.3232 343.0348 363.3628  29.0315 244.0043 127.9450  57.0382  85.2387 
192.0519  32.9904 133.7905 287.6195  82.4051  99.5001  30.5270 306.8493 340.9988 100.1170 275.9559 108.0011 441.6715 343.7153 125.5024 182.6970 265.0769 425.4273  90.9242 415.8932 113.0310  66.0147 395.2768 125.3240 323.0896 
239.9235  49.2292 262.8153  18.9560  75.8565 218.1140 302.0000 376.4856 433.6553 201.1924 203.8823 413.9022 318.2477 359.3020 106.2955 126.3644 293.8780  62.9495  41.0907 298.9985 346.9920 187.0013 295.8468  15.9989 401.0135 
165.0511 187.6889 235.9983   6.5824  93.1311 164.9391 258.3121 438.9938 152.6162 103.0975 315.9358 189.0120 437.3249 259.6261 266.1526  39.8220 403.0933 118.8972 196.9680 215.7739 406.6700 128.3461 132.0002 366.9989 135.3966 
442.3146  94.8496 251.5603 344.9343 288.4746 140.9119 379.7501 216.5573 439.9096  95.0211  46.5314 252.3930 434.3647 153.7187  36.9983 352.2277  68.8810 443.9642 335.5808 284.2610 180.0023 244.0366 220.9666 280.0037 244.9815 
 72.6226  49.7843 417.7700  86.4916 158.5133 200.6211 347.9946  33.5751 294.9506 179.9064 257.0037 105.1792  11.0322 385.3773 240.0322 210.0037 428.1696 295.1504 398.3783  47.9260  65.7227 360.2858 350.0823 403.0291 263.2124 
 29.9486 248.8899 102.6970 227.5647 200.5116 376.0484 405.5944 376.3545 303.7708 213.1130  85.8021 343.9478  71.0616  40.0200 137.8234 317.6840  25.9303 224.5724 327.2361 373.0661 190.0288  59.4446 233.2091 395.2502 304.9539 
235.0022 421.9214 147.3911 137.1678 355.1692 356.0162 431.9921  38.3926 431.8554  79.7290 310.9658   1.8010 438.2163 446.8520 117.4141 422.9988 290.9445 286.7627 199.7046 392.0105 336.3973  10.5861  12.0194 282.0860 357.0087 
364.0000  63.3361 438.8770  39.0419 441.8305 444.9965 345.6105 190.5694 219.2197 368.4768  79.9505  72.9642  93.0106 440.0526 331.0041 135.4571 309.2329 161.1782 115.5413 356.0284 392.3854 365.6888  69.9956 101.8207 426.5221 
157.0835 170.2552 375.4921  77.3777 317.3656 189.8153 418.0829 180.0050 439.6304 446.5934  84.6835 304.5125 388.7135 339.2097 256.5557 248.2055  64.7138 346.3700 159.0080 208.0023 254.2040 324.6890 122.1435 403.0606 332.3385 
 33.0905 241.1260 256.3151 208.6208 241.8930 345.3981 216.8781  95.2619  22.5967 211.0525 121.7907  96.2127 441.1215 154.4685 252.0456 177.2458 162.9158  30.2686 123.2855 305.9195  24.8180  40.7791 398.7155 187.6506 383.9890 
236.7097  51.0525 262.7479 432.4583 221.0001 310.5735 201.2006  43.0160 354.1818 144.9034 268.1321  32.1097 188.2659 209.9831 156.9537  17.7810 172.5077  34.1398 284.1483 445.1342 307.5266 174.0569 264.8567  50.9711 309.7151 
267.5733  96.5828 140.9750  67.9362 410.5823 441.5124 266.6809 146.3157 218.0509 224.9138  75.0063   8.9765 337.8991 316.7891 368.7060 156.7348 434.9066  84.9884 276.5123 412.7210  39.0000 218.3883 326.8129 191.6627 423.5279 
116.0239 444.5419  10.2027 178.9386 193.0367 427.2178 226.1180 218.4490 205.9690 222.8734 230.0985   9.5657 345.2729 342.6303 407.9306  56.1571  81.9950  37.3115 419.3064 432.0441 430.1428 401.6758 106.4065 252.5882 276.9046 
349.2361 389.8010 418.7862 425.2648 116.9540  62.7203 359.6487 243.9992 131.8438  90.2839  25.8969 136.2098 322.6519 217.8353 181.2099  79.9930  27.9725 316.1786  85.8671 139.1914 318.0259 331.7736  78.8027 244.2792 184.4360 
206.1401 371.9611 106.0456  77.3888 114.0389 426.4323 301.6540  65.9883  79.3722  81.3215  40.4213   7.8174   6.1832 449.9852 266.9442 364.5304 129.7996  22.7054  37.2614 137.0386 198.9989 256.1312 249.0702 275.3473 140.1787 
282.9446 238.2138 376.5400 151.9480  83.6123 291.8567 117.7737 394.9848  22.6028 159.2138 341.0888 277.9390 165.0774 415.9839  69.1927   2.7997 194.9336 192.0095 352.0249 347.9340 213.3322 303.0675 300.7303 420.8659 138.0002 
431.1948 334.0015 355.8155 194.1676  77.8310  69.4435 306.7586 136.0954 432.8975 390.4066 363.0554 136.0122 261.8680  69.3549 183.0645 138.0514  75.8231 396.1214 134.0152 295.8055  72.9880 377.6806 241.2142 223.9989 307.0104 
221.3064 406.0498 341.8463 121.6614 351.7891 176.0726 397.3123 448.8230 330.1443 324.3119 382.2630  14.2855  50.8435 338.0697 193.5069 239.9241   5.0668 301.7022 117.5653 181.9992  89.0516  63.3111 223.1092 216.4035 285.1255 
149.8864  27.0495 425.4213   1.3550  47.4258 150.5356 447.0979 331.4062 224.6126 271.8673 205.3556 206.7552 225.0836 314.8676  92.6358  56.8827 291.9087 202.8777 116.1767  55.7881 315.8065 358.5465 345.7584 449.0196  94.2915 
 88.0393  93.5949 331.0319  53.0054 131.8154 147.8408 397.8447 231.2594 187.9821 399.0009 386.9957 116.5423 259.4548  40.2333  37.5814 225.5490 162.7756 404.1539 275.9998  66.1139 281.9836   4.8102 441.0123 257.8972 124.2938 
222.4600 439.9983 208.2860 356.0052 269.2547 100.4465  58.7995 381.9220 311.6383  27.4749 443.1849  98.7727  70.6077  38.2619 107.8222 432.9933 333.4992  10.0046 435.0023  84.3771 131.2560 307.6822  79.5948 434.9989 139.9970 
 84.2273  77.7214 346.8227  24.5238 356.9744 407.0168 348.1531 386.2202 140.9939 177.0258  97.9588 167.9049  17.2932 155.0147  79.3886 138.7743 309.4035 183.2770 430.7074  82.9965 416.0007  54.5879 160.3927 127.5234 324.9362 
435.0695  69.8519  65.4055 410.9949 295.7820 342.9381 157.4144 126.0045   0.9315   2.1601 343.1055 278.6296 377.1483  77.4692 448.2435 327.9703  32.5569 284.9209 173.9418  15.4265 252.4929 325.1350 337.2719 165.0764  15.5199 
260.0438  15.3455  20.7807 166.4102 379.0096 327.8078 254.6681  20.9243  35.0103 437.3860 331.4318 377.6961 393.9568  46.4836  91.9391 419.5450 113.6559 437.0989 222.2623 272.5274 328.8830  14.0105 106.8054  10.1680 212.8168 
357.1545 334.9862 396.4054   3.0271 214.4788 442.0195 323.0011 178.5495 417.8344 138.0238 353.9534 197.5475  98.0278 430.0367  51.2100 348.2984 140.1255 325.9957  99.2727 207.9454  21.3994 304.6378  94.4468 255.2798 124.1219 
425.9678 254.9050 220.9988 433.0063 400.3970   7.4472 139.6493 241.7147 335.9816  84.2800 174.3170   0.0234 209.9685 330.2931 137.0836  57.0316 365.7399 340.0726  93.2212  66.4353  67.9589 431.8116  90.6107 305.9597 374.0367 
316.0459 210.1349 119.7742 378.8820 388.8777 393.8051  68.8991  76.1632 429.9140  38.0000 170.6212  28.6691 179.0343 420.9665 224.1093  98.8840  99.8683   5.1949 351.9978 149.8821 139.2590 440.9012  15.7959 188.4038 326.0183 
440.6931 215.5634 243.8866  60.4768  75.3778 354.5231 202.3119 187.0177 105.6759 105.5948 267.7829 345.0984  20.4269   6.4406 398.0106 352.9426 249.2474 204.0130 362.6441 337.6786 330.3281 113.8408  48.5110 304.2541 358.9097 
309.3651 312.8065 322.4098  57.1797 406.1089 347.3306 199.7879   3.8400 107.9665 420.3228 356.9850 204.7320 274.9903 324.5878 281.3050 316.0357  96.1430 199.0638 265.0081  82.1631 396.2034 337.2721 286.3384 155.2845 433.7394 
 58.7675 350.9384 227.8743 142.0001 182.6561 382.0046 232.2525 285.6122 113.9575 447.9992 192.8758  63.4913 248.4853  74.1562 421.1413 342.1848 161.1600 298.9517 393.0389  18.6883 382.3973 123.0012 182.8894 148.3126 416.8826 
341.7845 442.8500 446.4743 377.3887 318.5417 226.0084 400.0977 284.3225 400.3103 205.6976 365.8128 392.0042 196.0000 407.9561 389.1771 259.9804 186.0020 267.8176 168.4849  16.9901 125.1678  90.6569 192.3118 199.0390 238.3563 
175.1637 103.5820  71.5041 287.3722  38.0724   6.7158 241.3851 416.4944 327.8935  78.4506 444.9308  18.0054 210.4145   6.0194  65.9190 357.0134 250.1137  36.3437 390.0667  76.0001 129.9999 127.2565 327.1402  13.8853 132.1950 
204.0597 126.2171 345.5971 284.1411 382.4783 178.0986  61.0469 285.5444 404.0132  14.9983 293.2378  45.5891 257.9978 371.0001 442.1681  49.4690 384.5600 122.7016   5.1209 128.2329 230.7736  36.4777 399.8329   7.3918 105.7964 
437.5236  56.9087  95.0166 428.0054 205.5307 127.2974 192.0000  86.5406 246.4393 214.0166 130.3036 346.0167 379.9959 281.9367 249.9280  85.0639 195.7441 267.1336 174.0176  35.7223 210.9865 426.4347 103.7473 304.0137 448.9928 
380.3495 264.9998 434.7552 121.3991 399.0957 366.7377 278.8300 326.0081  98.5875 373.9879 435.8784 208.5104 101.0518 218.2969 196.3699 322.8362 259.9863  89.5222 360.0042  79.0979  84.5855  73.9938   7.2208 336.9787 344.0108 
128.5315   9.0252 369.0035 401.8855 435.3838 112.0002 345.4354 411.1429 103.9982 250.9453 139.0069 166.1226  67.4400  75.0899 235.3439  67.5499 306.7355   7.6643 304.0000  57.7394  82.5293   0.0989 105.0021  36.1894 186.5124 
227.5143 375.8218 151.0624 387.1141 227.7523  55.9951 401.0915 415.0007 212.8595 174.1065 128.8107 192.4466 182.8936 317.1550 118.0011 378.9973 391.9721  13.8765 308.9970   3.1504 262.9915 327.4766 381.2360  43.0022 333.2713 
278.3916 382.2801  83.0671 414.0702 357.9020 361.3319 265.8674 386.7481  97.4513 116.9296 375.3220 178.1145 420.9771 210.9940 208.0346  43.5866  33.7153 333.4543 132.4557  89.9008  30.8777 121.7040 128.5230  37.2969 379.2377 
267.8430 262.2221 195.4113  44.5532  82.0216 200.0346 293.8125 262.5227  11.2220 262.9242 368.9333 382.7146 422.1526 154.0772  26.7088 342.6949 129.9972 302.0613   2.6018  69.4680  94.2125 376.6130 276.8328  86.0515 334.9972 
387.9862 370.0333 311.6848 150.0358 166.9865  66.8214 343.9956 283.5665 306.0910 278.5366 444.3557  39.9019 103.6547  93.8051 405.9232 235.8588 219.7359 247.4252 120.9999 136.9433  61.9544 117.3127 388.3770 439.3230 169.9741 
397.4369 235.8308 356.8772 178.5030 388.9560 128.2476 155.7996 284.1094 235.0028 210.8148 213.8553 429.0027 395.7399  11.7737 167.7153 308.7576 394.5077 362.3202 197.0664 288.0071 415.9839 311.6440 356.8402 446.9361  48.2367 
145.6900  41.9904 261.9614 299.1012 434.2546  47.8063 321.0311  71.8910 290.2732 342.0000 119.0381 417.5888 384.0096 261.6050  35.7448 427.7437  29.9906 410.5297 137.4403 385.6877 284.0038  76.1078 256.4384 414.2907  36.3378 
441.3166 164.2677 193.1028 211.1631 393.4177 342.7971 153.0193 397.7224 131.3441 434.9044 111.6912 126.3132 270.0108 231.9633 337.9840 118.7184 349.6710 188.3074 414.0085 281.4533  67.6873 401.9395 231.5224 245.0219   7.6211 
  6.6214 285.5602  85.0002 434.9995 161.3193 144.4275 178.5382 348.8676 266.1770 110.2495  76.8821  21.3735 228.2169 397.1817 183.4813 337.9609 406.1341 255.6510 273.1778 189.4422 325.7380 437.1523  74.7370 258.4211  72.2535 
128.3235 406.3443 113.4421 447.2637 108.0001 260.7639  94.7512 440.9972 273.7062 236.0444 417.1066  95.6677 351.9233  52.8941 253.7202 289.3554 291.9560 301.9161  75.9931 325.5229 425.2429 340.5492 199.7615 100.9631 108.7515 
 75.7103 424.0667 440.9326  88.2740  41.4573 207.1948 376.3226 145.3028 190.1386 349.0011 115.8359 165.8499 185.9025 136.8509 271.9926 431.1739 393.9167 450.7205  69.3302 104.0571 446.5946 101.4384  31.7206 308.0673 322.0363 
391.1732 220.5326 439.4114  97.8815 264.0278 362.2651 370.8868 178.6842 141.1145  23.5319  46.2538 374.0728 150.9398  10.0000 133.2720 305.0132 171.8895 434.4875 406.1302 156.4146  35.3280 150.1821 204.7850 109.9974 240.2565 
153.4936  92.0345  12.5877 390.2029  88.0144 125.0025   8.3423  10.6552  52.8464   4.9475 373.5948  72.5424 384.8945 215.9999 310.6567 120.0897  60.9678 393.8402 423.4142 392.1677 195.9615 224.0251  96.9806 222.2272 367.6679 
327.8819 286.8220 163.5734  97.0002  39.0554 103.6562  46.8253 361.8428 282.4343  73.7609   1.2562 258.0514 296.6269 226.8934  34.0117 220.3448 385.6285 308.1531   3.8864 113.5946  98.1548 300.0232 265.9973 362.1887  87.9979 
176.0002 194.5225 368.9978   7.6841 235.2489 265.7259 327.3093  97.6493  55.7525 253.3986 232.9851 286.6240 298.5650 111.2908 228.8412  12.1620 256.9957 416.1023 157.5314 254.6916 389.4924  33.3304 132.2368 246.5870 378.2104 
 48.0417  85.1346   9.6210 164.2311  90.8511 400.8151 274.6502 335.5161 390.4725 237.2814 227.9982 232.3205 413.2428 423.4815 192.5795 231.8863 391.1128 286.1566 119.2894 434.8003 325.9539 298.1492  69.1900   6.2432 435.9562 
 30.9705 103.8411  19.9700 131.8402 187.0138 239.6376 255.1391 304.0485 249.3282 202.1320 264.0321 395.9542 153.8871 116.4943 352.7724 406.2303 222.0281 389.9978  65.0517  63.9637   4.8132  86.0162 294.6129 313.7043 378.9503 
175.0867 429.4056 314.9680 113.4117 321.3381 385.3866 269.1741 391.0005 336.2468 248.4214 343.5542  77.7973  12.9332 329.2332 311.3615 164.7786 131.7647 245.0515  82.8131 359.4466  24.8745 112.0007 301.8166 113.8175 261.8774 
139.7276 308.4251  77.5164  51.0199 277.0576 101.5201  78.1622 247.1387 108.5066  51.0008 294.7578 290.5741 220.4463 151.9999 305.4823 365.2205 307.1846 347.8255 285.4864 296.0000 275.0152 448.0321 305.9906  51.8440 387.2622 
198.9587  95.4512 428.9479  53.8233 191.5069 249.5310 406.0631 231.6706 382.5674 240.2476 298.5803  28.5745 227.8696  38.9620  65.0428 289.9065 229.1355 301.7316 207.5347 203.5963  44.1830 120.8682 396.0495 269.5826 242.8476 
133.4041 124.7008 115.8266 260.9890 148.8333 319.1259 256.9865 379.4977 180.9229 386.9423 260.8120 137.5074 335.2657 147.6786 218.8156  25.1870 191.3787 281.2530  27.9184  43.6649 355.0722 242.3993 261.0952 124.4431 142.2488 
416.8377 149.2385 349.8891 248.2773 375.9104 344.8413  66.0006  25.1489 393.9958 421.3938 206.9802 337.0839 206.8766 292.6306 404.7473  62.0531  43.9994 434.8216  94.2267 347.6893 331.4930 157.3734 437.7224 222.3815 208.1267 
 42.1514  17.9939 336.4966  62.6209 396.4424 426.9720 423.5191 249.6000 134.1222 127.7616 220.1012 258.4479 157.8856 375.0341 178.5944 137.1731 234.3615 361.1737 183.4415  69.4255 430.7149 361.1129 192.6173  96.4269 215.0000 
284.1137  68.0794 279.2624   6.2384 376.0810 191.6219 271.8500 268.7791 315.0899 445.9609 134.4676  65.8940 126.0004 172.9339 291.6631 134.2100 226.1062 370.6908  74.6369 285.3586  21.2980 100.4794  91.9771 210.3432 289.9977 
412.7469 243.0017 213.5536 316.1681 384.6353 156.0546 117.9897 132.7183 291.0584 108.6154 360.0612 143.9991 437.4301  25.2797 388.1407 144.0800 435.8696 273.5124 170.1260 286.9977 359.5578  83.5718 228.0045 164.8311 389.1523 
397.9124  65.8332 210.9382  10.6626 348.0260 126.2971 265.9878 333.6424 102.7088  24.1326  68.3051 272.5901 183.0054 312.6540 310.2719 271.6855  32.3021 193.0467 214.6228 162.6630 397.8130  70.8229  36.1997 242.2611  27.0182 
287.0104 425.9371 178.9991 209.9893 309.1009 252.1447 364.8429 189.4976 447.7143 328.5145 309.2433 211.6168 350.6549  98.9973 221.5801 350.0956 305.5876 215.4473  39.8217 241.1511 420.0821 321.7793 431.2861   6.8689 180.3317 
436.2018 233.2521 122.0973 425.7158 178.9395 233.7905 274.4038  51.0168 172.2089 435.0800 370.0368   5.2960   8.5033  72.4978 103.1409 231.3173 315.5447 320.5936 144.1645 293.2606 435.6579 207.2001  76.9535  91.3797 394.6684 
136.6197 205.0599 158.3381 227.5671 108.2514 247.5556 113.8419 103.5892 143.3735 213.4856 219.0490  37.0229 425.9403 115.9055 102.1739 317.4186 407.1922 172.4031  29.6420 360.9964 212.6238 372.5725 370.4215 372.9090  80.8321 
431.4571  76.1305 101.9947 194.4720 269.9371 272.0913 303.9951  92.0250 138.9946  47.7751 146.9946   9.1886 421.6433 216.2039 330.1561 305.6946  57.9098 202.0342  48.7229 407.5813 341.8907 357.0093 121.2375 450.7404 217.1745 
170.1690 290.5731 396.9833 303.8728 194.3633  70.9989 173.3183 353.9683  91.6877 274.9634 317.9236  17.9362 333.8313 107.1836 275.1999 450.9641 172.3033 136.9999  90.4439 297.2483 368.8426 408.3785 299.4966 298.3365 322.4265 
417.9635 442.9518  51.0063 191.5628 373.2085 287.1624  25.7266 162.3417 195.8324  55.0385 204.3505 288.6790 432.6905 107.4184  24.0104  93.0865 312.9758 397.1701 391.0045 268.0952 408.5502 420.2838 303.2597 152.2967 153.7348 
 72.9765 276.9232 177.2082 106.3504  84.8814  39.9338  59.3481 225.7899 117.0017  44.9400 343.5316 416.0105 361.9425 282.9998 245.0068  42.6535 441.1720 285.2547 355.2111 125.0149 180.9757 363.1300  23.6722 411.6768 277.8429 
113.3053  91.9987 390.3452 322.5604  27.3052 158.6310 336.4046 277.0002 291.8377 134.9998 433.9947  56.5970 290.6948 343.6461 292.9978 352.3651 316.2598 263.0022 138.2361 229.2341 141.9769 231.0322 144.0231 245.2739 322.9224 
441.0148 257.0877 269.7631  15.9724   4.9972 298.5333  69.9745  92.4451  80.9995 199.7218   1.3984 130.6129 256.8842 276.4144 147.9997 129.9535 297.1313 333.0034 262.4396  74.0194 414.5419 355.2027 163.0834 397.9936 162.8740 
438.8471 250.1399 121.6692 281.1443 182.9817 351.4629  75.0988 334.8219 315.2027 221.6210 183.6765 425.9203 332.2602  66.3147  27.9517 414.4562  90.8745 153.9998  44.8073 251.7524 111.3371 285.3020 253.0971 177.0085 373.9965 
114.0012 398.0984  93.7729 415.5347 385.2854 281.7453  21.8603  99.4391 313.8685 360.4793 288.8605 304.7457 106.0614 386.5239  80.0011  51.2729 444.9607 411.7976  62.7383 159.1033  91.3225 376.0838 391.1484  44.3326  63.1316 
361.1840 412.1136 166.3465 214.3480  85.5948 281.2600 395.0642 272.1227   3.3148 419.7391 290.7731 319.6370 234.1100  50.8258  17.9023 160.7792  30.2024 248.7572 192.8232 106.9547 398.3156 368.9817 388.8357 173.1872 103.0220 
368.0991  53.2269 360.9764 313.7336 108.3506 392.8771 178.8602  58.9972 257.5743 129.1638 173.4718 374.7034 118.6384 431.9537 432.7331 181.5751  72.5735  64.1632  67.3288 338.8368  66.1890 168.0948  51.9743 160.4402  56.7564 
158.0553  67.0230  52.5299 262.8363  94.1048 345.8512 155.2910 405.9831 192.3238  77.4653 373.9706 295.7016 137.9904 318.3438  17.8554  56.7881 121.4652  52.3876 173.9533 279.1147  38.0601 355.8522 120.8079 333.0723 210.3894 
199.0030  35.7983  77.6787 175.4620 256.8406 377.1669 401.0214 172.6638 219.3035 294.5177  79.9991  92.2051 281.9896  49.6642 273.9929 405.0257 156.5601 179.9972 229.0457  63.3125 113.0064 279.6951 146.2438 202.5646   5.9870 
230.0943 193.7202  68.0276 270.4320 377.7570 249.5728 442.8666 281.7655 310.9989 188.9127  14.9825 136.0109 364.9591 117.1028 175.9130 274.9027 331.7863 238.3733 136.9012 383.0012  69.3434  17.4824  50.9945 172.2902 270.7974 
107.0002 151.8768 198.0035   7.8114  60.6444 324.9802  88.2106 131.0231  83.1397 447.2602 390.4201 428.6262 123.8615  48.2725 232.0274 441.8553  33.9460 292.8365 415.3036 191.1349 344.8581 136.1651 381.1717  39.1673 152.5422 
162.4199 425.7347 230.1827  27.9972 222.8407  49.8398 185.3645 109.0339 284.2446 286.6565 264.2340 420.1669 182.6965 373.5384  94.4520 191.9731 306.1886 411.7453 381.7267  64.4500 379.6774 352.9728 222.0034  87.0012 370.7859 
368.9880 361.3903 362.0320 367.1215 255.6710 427.8564 244.9941 377.9518 355.0161 447.3287 138.2986 115.9083 351.5145 176.6383 433.2709  79.8980 111.1160   7.7484 310.1876 259.1826 384.4782 151.1137 211.5527  22.0027 175.2920 
241.4637 291.1112 273.1082  29.5803 287.2373  69.4771 118.0950 434.8541 128.5303 414.8071  18.4617 126.8615 188.9833 376.7088 348.0642 398.2920 285.9881 130.4247 253.3574 102.0739  68.6539 354.3159  70.8151 122.0693 386.5506 
434.4041 166.6650 276.3303 440.9363  99.0035  75.0548 281.7537 198.0319 385.6962 259.1549 179.8165 267.7381   3.8864 165.6020 254.7105  77.0028 310.0435 221.0276  74.7121  82.2160 436.9642 281.4275  56.9815 394.0000 290.3396 
115.1928 313.9972 200.0178  74.5938 409.4621 138.2432 107.3964 327.4692 309.9958 104.2923 176.5147 449.9021 310.4329  38.5713  96.1613 196.6447 446.4706 186.5603 422.9816 341.2002 384.0845 271.9999 280.7699 213.9372 288.9966 
413.1587 318.8505 370.4833  30.7579   0.3907 422.3129 106.9665  65.0692   9.8322 391.2534 220.7910 359.8467 320.8256 403.3853 243.5281   8.5604 390.0103  28.5589 237.9645  24.6766 126.4383 121.1344 284.0791  17.3292 435.3447 
 18.0972   5.9863  52.5957  42.9978 255.3994 382.1687 366.0740 325.3473 304.5177  65.0537 332.3252 264.5801 200.4613  72.6221 274.9538  34.0022 448.9804 169.2270  71.1489 323.3197  66.5633 164.8687 121.2814 208.0660  27.0008 
 52.3295 247.3023 223.5678 118.8283 336.0644  57.0415 232.9334 215.0012 183.8662 391.9313  90.3404 322.8087  78.5006  57.1760  36.1838  86.3382 288.2662 308.2029  88.1236 114.0122 208.7629 205.6121 114.1391 276.2355 389.5940 
161.4283 227.9270 325.0980 264.9058 336.1211 246.7742 396.5590 307.9999 355.7555 191.4696 439.9481  99.7666 200.8518 122.7462 115.0197 330.2372 230.7358 425.1022 449.8600  15.8810 204.8521  85.9568 220.3705 189.1094 449.0445 
407.1366 161.5387 191.8856 320.7089 113.9856 128.6128 340.6078 248.5426 379.2120 341.8206  76.6942 162.9637 311.6520 265.2169 157.0002 112.7555 159.6388 397.0000 235.8475 100.5268 309.1366 143.3095 200.0167 341.9060 139.7384 
344.2475 350.9964 326.9994 328.0699 216.5176   0.3157  36.0278  10.7342 189.9137  39.8130 160.9706 117.8011 363.8721  36.9852  47.4280 248.1939 442.4924 386.7072 185.6609 354.9130 302.3582  14.3637  80.4300 438.5097 180.1435 
329.9999 291.1685 363.9432 218.5002 150.7679  81.3618 384.9089  54.9918  77.3375 283.8131 400.7606  19.0064 142.2559  10.1610 282.1666 197.2043 249.9636 186.6381  75.7393 333.2733 370.2271 240.2333 100.2358 322.7553 113.0003 
365.6211 104.1508  13.7731 386.5932  23.2223 175.9982 243.0742 227.0063  59.6587 401.0731 315.4930 179.5002 143.0119   9.8863 104.7519 177.8003  44.6883 449.9095 202.9517  27.3569 390.5457  11.9644 120.1684 387.5416 393.8865 
 75.1236 394.5052 377.1987 381.0264 101.4946 226.2208 128.7205  22.2554 327.0315 225.7294 412.9185 136.1495 129.0079 164.2678 415.6651 307.9507 157.3940 434.2946 314.9995 256.9964 165.5388 258.4562  92.7401  86.3855 351.4120 
258.4202  77.0062 401.6491 132.2556 237.6350 132.0093 340.9240  65.3684 268.6764 417.5362 247.0948 350.8588 301.4880 250.2260 381.2479  18.8654 361.1134 154.3894 264.5267 432.1891  32.5118 285.0002  34.8363 200.7386  20.2558 


1.9866 1.8028 6.0364 4.0360 8.5056 
7.0970 2.8468 8.6211 2.1618 8.9162 
3.1149 7.3654 8.1391 3.9309 8.0045 
6.3544 8.0379 1.9616 5.2444 1.8739 
0.1151 6.8258 3.8231 2.9989 1.3023 
7.9307 0.3974 4.2003 1.9908 4.5651 
7.0064 7.1975 2.0634 8.0333 4.1603 
8.1523 8.9457 0.8158 8.9091 4.8908 
5.0009 8.6048 0.1819 1.4505 4.4219 
6.6522 3.0011 5.1588 2.6889 3.7214 
5.3784 8.5955 8.5935 5.9408 7.4500 
6.3793 4.2882 1.9643 2.7525 8.7195 
0.0633 2.3407 0.0009 3.1622 1.5312 
5.3559 3.9167 5.5786 1.0023 1.8704 
4.1843 2.3054 7.6290 7.6309 2.9979 
2.8327 5.2743 5.0201 3.5161 0.8703 
6.1238 9.9025 1.8910 2.9847 1.2310 
8.7287 2.0882 0.0196 3.0383 6.4099 
8.6088 7.0105 4.1681 2.9978 6.6014 
9.1236 3.4980 8.3808 4.9234 7.7192 
5.3119 6.2220 1.4821 1.8105 1.8692 
3.0797 7.9799 8.7657 1.6114 6.6960 
4.2971 3.1175 2.9978 3.0551 5.8782 
1.5652 3.1622 4.6263 6.1789 0.0516 
8.9963 5.3712 3.6303 6.6701 9.9565 
