100 25 5


22 17 7 21 22 28 13 27 28 8 32 20 16 11 23 17 26 9 33 11 17 6 12 16 30 17 8 19 9 23 25 31 7 35 17 14 32 10 13 32 33 21 21 21 10 8 17 24 24 15 8 9 30 16 31 21 33 34 33 6 10 30 33 35 30 20 29 18 29 28 9 15 10 9 16 31 12 13 32 29 29 26 27 23 17 7 12 20 27 13 31 30 34 32 27 26 12 28 21 8
851 868 608 1384 444 1055 1108 1219 1105 1233 947 1158 1001 860 1057 438 774 697 701 497 832 866 1381 1305 1189
1881 2985 988 1484 2191


 76.5157 101.9654  42.9789 114.4541 138.6463 176.3534  55.7729 169.0153 157.0572 139.2894  98.1072 143.6526 163.4684  88.6281 173.2646  96.7625 152.6759 126.4466 130.0682  59.2131 101.0193 104.5333 155.1526  65.6323  91.4875
 47.6983  43.0852  66.1440  52.8850  72.7999 121.4273  32.4914 139.5958 107.7548 111.0788  46.6507  85.7692 124.4402  82.2160 144.2980  86.0559 101.9844  94.7780  66.1429  32.1664  46.3028  87.5969 130.2429  53.2184  89.5552
 41.6190  67.4752  40.1893  72.9722  70.3223  46.1408  44.6309  11.8041  42.2657  19.9906  75.7712  56.0403  27.0733  22.9329  10.2490  21.5095  44.9594  28.6248  80.2988  67.5690  59.0898  22.4027   9.3087  35.3767  21.0328
 71.7687  23.9160 141.0312  33.8361  22.8755 119.6005  71.9911 184.8946 108.4513 145.0772  70.7874  59.4482 148.9291 133.5978 192.5674 133.6493  97.5949 117.9118  54.7875  92.5738  18.3194 128.2084 177.1202  95.5620 148.0001
 79.2492  33.2600 155.0540  41.2246  16.2859 121.0972  81.5711 194.6677 110.5532 152.8652  81.8971  56.9371 155.1000 144.1269 202.8787 143.6088  98.8652 124.0123  61.4919 105.9800  24.2998 137.0994 187.1073 104.9575 159.6448
 86.7621 183.0620  72.3425 204.4920 207.0586 170.9847  88.1449 114.0841 147.2757  86.6255 207.8988 171.0443 124.2979  14.6030 118.4387  27.1961 149.8882  88.8487 232.2063 172.1055 156.8292  44.8219  95.8247  53.6578  16.7743
 25.0951  66.3541  70.3223  76.1214  65.0931  36.5448  37.8720  57.1518  24.9722  32.4745  89.7527  37.3507  35.5112  40.1445  62.1140  36.5247  24.4849  15.2771  90.0944  85.9419  47.7121  29.1342  53.3301  31.0447  50.2945
 95.6109 180.3733 175.4003 200.0860 170.9273  57.2629 121.3625  90.1028  40.3603  45.9960 230.6250 102.3902  31.6684  98.7584 101.1091  87.5670  51.8520  27.3394 228.8965 222.2631 140.6827  69.6715  88.3956 100.3314 116.8030
 59.2734  47.1066 135.3446  68.6571  83.2500 165.0704  47.8366 218.2609 144.2881 167.2650  87.2257 100.3713 182.3118 135.7734 227.3628 138.5264 132.9906 135.1147  97.2632  88.7141  35.1509 135.5732 205.0894  83.7500 152.6788
 42.6484  71.8349  50.7873  78.0628  72.5082  39.7432  47.9777   2.7863  36.1406  12.4690  83.7287  53.9877  17.4446  26.9543   5.7921  23.8611  39.7155  23.0917  86.6455  76.8325  61.1025  21.8261   4.0358  38.0013  28.0819
 80.5339  44.3890 186.8712  67.8860  62.4402 171.6919  80.2186 256.6083 151.2477 196.3489 110.7242  87.6415 206.1369 174.3953 267.9549 174.9604 136.0903 156.0541 102.2704 129.2440   5.9523 167.6293 243.7738 116.1106 196.0684
 71.3709  72.3398  64.4546  81.8323 108.8871 161.5767  51.5403 170.1483 144.7841 139.6397  63.8464 123.3509 158.6020  98.6130 174.8162 104.8300 139.0144 123.8233  94.2501  29.9232  78.1286 109.4923 158.1793  70.1293 103.9434
 76.9681 135.9493  89.7971 148.4857 139.4738  81.2795  86.5192  16.1148  72.2708  21.4663 158.2543 104.7565  38.5557  42.4510  19.6904  36.5557  78.5175  41.9530 165.5457 143.2242 115.2952  33.7797   6.4795  66.0492  44.3766
 17.8081  24.1965  57.2038  32.6767  30.0012  53.5233  19.4155  78.5207  45.5433  57.9149  44.4712  28.7540  62.1547  50.1939  82.3642  50.2512  40.9432  44.3551  44.5071  46.1614  10.1974  47.6758  73.9715  30.4191  57.8129
  5.7638  87.0801  88.2796 105.1319 103.1470 109.5498  19.1785 130.1162  89.5406  89.2785 118.7139  82.0223 106.0422  64.2240 137.3624  65.0026  84.6731  65.9077 129.2240 105.3515  62.1055  61.6868 118.9102  23.1650  80.0879
 95.1886 156.4120  78.2754 169.5970 167.6598 121.9695  99.1276  48.4548 110.5216  57.4954 172.4991 138.0988  79.0090  45.5184  46.2981  45.2075 115.6116  74.2417 186.7718 149.5004 138.4550  51.8770  39.1092  77.0978  36.3060
127.2845  85.6762 129.3787  88.7987 137.1524 237.4892 103.7429 265.5399 217.3919 223.3709  46.2574 176.3011 244.6451 174.3530 272.1804 181.6849 207.6528 199.2552  94.4759   9.2327 110.3460 186.0369 250.5603 133.6069 182.3729
 27.2914  56.1083  54.5095  62.7734  53.8405  21.0550  35.8566  31.6433  14.1231  15.4551  72.5331  31.9661  14.2885  29.7541  35.2584  26.2376  16.8338   5.7269  72.4158  69.5057  43.0034  20.2826  30.2064  29.0114  36.1195
176.5438 187.0119 311.2951 198.7677 132.6584  95.4847 202.6587 263.5014 105.4333 209.8263 260.6066  69.5510 185.0982 248.0364 276.9390 239.0086  92.2213 171.9756 224.4061 288.3545 148.9905 219.5351 262.6130 211.7831 273.9127
 54.1240  40.1608  51.1263  42.0528  61.9355 101.8684  43.7497 111.1038  93.1351  93.8007  24.5396  77.0397 103.4174  71.9736 113.7624  75.3135  89.2589  84.1978  44.8741   3.0205  49.4859  77.5896 104.6087  55.6039  74.8751
 30.6085  40.6044  95.3706  53.0362  42.7458  75.7119  36.7346 120.2082  64.0596  88.0252  74.5853  35.8716  92.5031  80.4547 126.3805  79.7443  56.4410  66.2677  71.2562  79.4320  15.7514  74.6230 113.8437  51.1386  92.7766
 14.4611  30.9522  36.5422  35.2470  28.7265  13.0382  20.4357  28.1946   7.7551  17.0822  42.5972  14.3174  16.3680  22.6557  30.5796  20.8683   7.1044   9.2641  41.6178  41.9829  22.0533  17.2847  26.9447  18.2717  27.3103
 19.2397  61.5619  56.6432  70.8592  63.6123  41.8704  30.0290  50.4668  31.2300  27.9855  81.0932  41.2166  35.1631  28.8564  54.7307  25.9478  31.1520  14.2654  83.7564  75.1200  45.4001  19.8885  45.8174  20.9866  38.2898
 74.5627 123.1103 119.7772 134.4579 114.7785  32.9914  89.8563  51.0403  30.4051  34.2243 153.8411  71.8892  13.0790  72.4480  57.3178  65.3948  39.1690  32.7879 151.3532 149.6145  99.3265  55.1852  53.6575  76.9132  81.8395
141.4477 242.4431 208.1114 264.8348 234.3797  94.2716 167.5977  62.1724  84.1932  39.0749 295.3976 157.9277  10.5342 116.2704  74.0945 102.7144  99.3381  57.7038 297.0208 280.3196 199.0138  85.7643  67.2328 137.1118 130.4707
 81.9825 144.8761  87.3807 158.2327 151.1232  95.4147  90.2970  25.3984  84.8981  30.8075 166.3821 116.6881  51.3684  39.6552  26.6949  34.7287  90.8642  50.3915 176.1496 148.3103 124.0746  35.1674  14.1386  67.9688  38.9393
 24.7043  40.6662  56.0357  45.7927  34.5138  13.1495  32.3427  44.1822   8.3031  30.0180  57.4970  12.9602  26.5448  38.5610  47.4284  36.2295   4.1430  20.1641  53.9392  59.0438  28.7961  31.4465  43.1331  31.5103  44.7906
 92.6522 157.8818 130.9288 172.1975 153.8480  66.2904 108.6297  32.8749  59.7773  23.6411 190.5987 105.9977  13.2320  72.4685  40.3807  63.9287  69.2523  39.9172 192.6195 179.8257 130.6351  53.9938  36.7727  88.3204  80.4436
 21.9943  48.4686  53.6618  55.0219  45.7590  20.2580  30.9313  39.4216  12.2512  22.7178  65.5152  24.3840  22.1173  31.8394  42.9903  28.9822  12.3978  11.0036  64.6254  63.8320  35.2204  23.4589  37.5096  26.5538  38.7461
 40.0504  78.7719 134.0269  95.0237  72.8665  78.8659  57.8563 143.4765  62.4830  99.7861 125.1187  36.2241 102.4572 100.3375 152.2011  97.1820  52.5690  69.4112 119.4198 128.9026  44.5043  87.5104 136.2571  66.6611 118.0984
131.6684 222.1176 162.2825 241.4862 222.6572 117.1564 149.3067  13.3627 106.5437  35.6309 260.5745 163.5680  47.2738  86.7558  23.5637  76.5919 118.0342  68.2024 268.3595 240.4892 188.0166  68.6385  19.7183 118.8226  91.8178
 88.2521  90.5964 211.8028 107.8965  63.3493 118.7336 105.2631 229.7368 103.7333 171.1854 159.1110  31.0062 169.2444 174.1497 241.7873 170.2905  87.1585 129.9137 138.3423 178.7797  48.6295 157.3115 221.2256 125.8222 197.8694
 13.4380  12.9385  37.1363  18.3562  17.6672  36.1239  13.4517  52.3890  31.1880  39.2997  25.9666  19.4494  42.0192  33.9116  54.8194  34.0825  28.1547  30.6978  25.8778  27.7685   4.7785  32.6008  49.4500  21.1471  38.6380
 77.7638 189.6942 194.3354 215.9092 184.8537  93.0605 111.7865 144.4143  62.1790  78.2506 252.8040 106.7781  84.4313 107.9618 157.9621  96.9222  64.0462  31.6494 253.5066 241.8500 139.2991  75.6664 135.1041  90.2192 134.8341
 55.8620  92.7871 120.7370 103.8033  79.9197  22.4406  72.4633  88.9794  11.0304  59.6978 128.2807  33.8044  50.6429  81.2255  95.9043  75.8017   3.0411  39.8323 121.1729 130.6313  67.4951  65.2333  87.3350  68.7628  94.2758
 61.9371 106.7061  31.6419 117.0089 121.3431 104.7868  59.8473  64.8949  93.1871  58.4230 114.7731 105.4619  77.9936  26.1095  65.3667  31.3366  94.8585  63.2529 130.0413  93.0284  95.7715  40.6241  55.6145  44.8789  16.0970
128.2757 246.4359 159.9734 271.5384 255.3626 152.1979 147.1322  56.6680 130.9649  31.4838 290.5928 189.3159  75.1639  62.4664  65.1300  49.3838 141.4400  64.6242 305.5787 261.1482 205.7660  41.6799  38.8770 106.3373  71.5578
 28.8481  36.7034  69.6787  42.4699  27.4885  30.6111  36.1533  68.5823  26.0017  49.9577  58.6052   4.3566  48.0276  54.1092  72.5503  52.2920  20.5730  36.7251  52.3153  63.6730  22.5730  47.4344  66.3305  40.3441  61.9356
 50.2307  85.0882  94.2051  93.9465  76.7632  14.5530  63.1540  54.8509   7.9683  35.1031 111.2123  41.6183  24.0921  59.1763  60.1396  54.0833  15.0064  24.4459 107.4764 110.3412  65.6604  45.4684  54.9562  56.0505  68.3382
114.6770 136.6760  79.5437 153.4005 192.6626 260.5368  83.1637 259.3477 232.8690 213.9477 126.2740 207.0509 247.3590 142.9888 265.9924 154.1776 225.2882 192.6049 174.5224  68.8826 140.1501 164.0789 239.5088 104.4132 148.6995
118.5656 238.3656 174.9237 264.0340 242.3706 130.0116 142.4874  69.4766 107.8353  11.7185 288.8367 170.3292  56.3643  73.7142  81.2162  58.8039 118.8371  40.8094 299.4519 264.2814 194.1438  41.0714  57.6821 103.7445  90.2452
104.5093 174.8431  64.5496 190.5769 194.6137 159.2196 103.8861  87.1662 142.7266  84.5904 188.8465 166.6511 113.8295  45.0816  86.5974  50.4232 146.5747  96.8701 210.6040 156.8880 156.7022  63.4881  73.7232  79.4103  28.5878
 98.7994 102.5600  62.7932 110.7783 142.0352 194.4815  78.0002 191.2408 176.4001 162.9634  84.3586 157.3033 185.5959 114.4130 195.1337 122.3442 171.2118 149.8678 120.8179  41.2290 110.3993 129.8479 177.9131  91.8574 116.0858
117.0979 194.0433 134.5379 210.4317 196.5202 110.9279 130.4796   4.4150 101.5888  38.9684 224.5162 148.2958  52.2938  73.1910   9.0593  65.5503 110.9726  66.9218 232.9247 205.4536 166.1647  61.4238   9.8722 103.9031  74.6930
 41.0604  43.1032  29.4070  47.4788  61.5855  86.5465  31.1096  87.2409  77.9990  73.0042  36.5776  68.4758  83.2953  50.8523  89.3034  54.3737  75.3956  66.1043  53.0060  17.0558  46.2200  57.4575  81.0320  38.6419  52.4630
 29.8150  52.5744   8.9632  58.2376  62.3103  59.5742  26.7469  43.8828  52.5875  36.9349  55.9142  56.0368  47.6377  16.3169  44.7203  19.9317  52.7128  36.7835  65.3415  43.1147  47.5766  24.7645  38.5598  20.3904  13.8631
 51.8500  88.1866  19.9488  99.4628 112.4213 125.7019  39.3358 111.3131 110.5760  90.1002  92.1721 107.5868 110.2126  49.0923 114.3138  55.8038 108.5720  82.8382 113.5922  64.9135  81.5561  62.9285 100.4263  37.3896  50.5092
152.9636 181.4365  63.9139 192.4652 224.1361 257.9820 132.5743 219.7835 236.6172 199.4481 163.1409 229.6801 230.7109 137.6046 221.4109 148.3978 233.9493 194.9026 204.9922 113.5241 184.1114 161.9262 203.7628 133.2216 130.0973
118.6010 173.4724  21.7329 188.6188 208.5999 213.8980 104.2523 163.4724 192.7810 146.1852 172.5186 198.1897 178.6401  84.6016 164.8299  95.4117 192.4311 146.2199 207.0332 127.6495 164.9570 110.1854 147.4649  92.6552  74.5292
 16.1067  61.6164  45.2804  73.1105  76.2828  82.3986  10.7802  85.9593  69.1567  61.4348  77.1907  65.7413  75.3096  36.7870  90.0921  39.2186  66.6601  49.3315  88.0961  63.5943  48.7777  40.0624  77.7006   9.7327  45.4153
 32.5954  56.0102  11.0817  61.7026  65.5189  60.9466  29.9711  42.6430  54.0490  36.8856  59.3976  58.5605  47.8280  16.5940  43.2446  20.1341  54.4332  37.7323  68.8374  46.4431  50.7915  25.2509  37.3027  22.9867  12.8524
 46.0577  16.7519  60.3997  13.3230  32.0083  76.8341  40.6682  97.1096  71.1564  80.8443   5.0672  51.9587  85.4371  68.8585  99.9506  70.3761  66.8905  70.4649  12.1263  23.0189  29.8481  70.1460  92.6963  52.5515  73.3217
186.9530 223.6660 303.8471 237.2530 179.7904  63.5689 214.9880 215.4470  87.2711 177.1771 290.6046 107.1945 143.8290 231.0438 227.1018 220.1830  85.8488 152.3708 262.8043 307.9054 184.0803 200.5764 219.7477 212.0499 253.1975
 52.3953 111.0684  78.1652 123.5781 114.5665  66.0302  63.2439  38.4749  54.3381  12.4687 134.5661  81.5357  33.4492  29.2713  43.7037  22.0527  58.7976  19.8561 140.6873 121.8760  90.2074  13.1259  31.3490  43.9686  38.0309
 74.1736 157.1945  52.6863 179.4924 195.0255 204.5504  57.4337 180.4530 176.9538 139.3277 175.0844 176.9590 175.3417  67.4932 186.6872  78.5861 174.0743 125.2646 207.8494 132.4944 137.9556  89.9646 161.0688  43.4819  74.9950
133.5053  55.9192 182.6730  39.4806  64.6670 184.2211 126.5953 250.8097 174.7575 211.2651  56.2992 122.3336 216.2707 192.7554 258.2138 194.5948 163.5447 184.6134  19.3576  99.2794  83.3364 191.3304 242.1934 153.7345 205.2217
 92.4925 144.4073 226.1774 165.0544 118.4346  76.4874 121.5691 200.7759  58.4734 140.2764 214.8310  32.4677 131.1330 163.6843 214.0121 155.8834  41.0117  97.3701 198.4398 224.9150  95.8455 137.9463 194.5626 125.9446 189.6762
171.5306 188.4953 310.1518 201.9640 135.3307  88.2279 199.1184 260.0856  97.1008 204.4099 264.5038  63.0835 179.5573 243.8428 273.9406 234.4452  83.1854 165.2750 229.7117 290.6155 147.3503 214.3200 258.9149 207.2723 270.4813
 31.0358 145.7009 151.2106 171.3336 154.2234 123.6193  63.0032 162.1805  94.4705 100.6240 199.6587 101.6454 118.8005  90.1504 173.7148  85.4929  89.5930  62.1110 206.7689 185.8322 101.9791  72.8112 148.7378  50.0437 115.8305
 20.0759   9.0130  40.9169  11.7820   5.8950  32.1504  20.7795  51.6575  29.1034  40.2597  22.4179  14.8438  41.0124  37.7695  53.8867  37.6308  25.9573  32.4139  17.6090  28.3420   5.1603  35.8710  49.5617  27.0961  42.0047
 30.0621  67.0630  42.3851  74.9190  71.0211  46.1079  35.5736  28.0401  38.2608  14.1481  80.4167  52.4690  27.3622  11.8207  30.7766   7.3246  40.3625  16.4003  85.4906  71.3095  54.8234   2.6077  22.5524  22.8178  17.7460
157.8405 191.2271 277.1950 205.2338 148.8692  52.6575 185.0280 208.7534  68.9047 164.1173 258.1064  74.5939 136.5326 209.5663 220.8304 199.7198  62.1717 134.0272 231.4029 275.5888 151.4822 180.7248 210.1234 185.2363 232.4752
143.5595 246.6248  66.3661 270.6744 282.5974 249.3169 136.9102 160.0850 221.6249 142.5661 264.0054 247.6832 188.5349  63.6156 161.5265  76.8156 224.9129 151.8000 300.9965 211.9289 222.1175  98.7031 138.1435 103.3032  41.9567
131.7191  90.8687 265.2032 102.8810  37.7692 162.6446 144.7651 297.3744 150.0761 231.3460 168.4791  59.4846 227.6889 232.0328 311.0216 228.6039 130.7830 184.7450 132.3907 204.0527  60.5864 214.8444 287.8886 174.3899 258.3325
108.3997   4.5891 185.7947  26.5445  63.3576 201.2068  98.1995 277.6926 182.6872 221.9102  65.2574 118.7401 233.4696 192.4591 287.8928 195.1027 168.2208 185.2759  57.9155  97.6199  44.7332 190.9570 264.5097 136.7108 210.5739
125.4797 141.4281  59.0654 149.5483 178.2995 215.0589 107.2425 190.9899 197.3193 171.2945 122.8366 187.2842 196.3797 120.3005 192.9344 129.1172 194.2148 165.0572 158.6474  81.4629 146.3913 139.5043 177.6762 111.6066 115.9345
 21.2394  86.6285 122.9795 109.4004 109.1391 143.8917  23.2163 185.9065 119.9941 133.2896 129.1643  94.5991 150.8697 103.7617 195.3440 105.1329 111.0249 101.0607 139.8810 118.9954  56.3414 100.6851 172.3357  50.6430 123.1135
 88.3741 105.5248 160.8691 113.8080  79.9897  34.8559 104.1521 126.9791  41.1539  98.5133 145.6921  35.8647  84.0045 122.5557 134.2921 117.0727  35.0538  78.9010 129.4806 156.8498  81.9741 105.9991 126.9194 105.8371 136.5046
 55.5000  64.0900 163.6805  85.2906  69.2760 133.7214  63.7611 209.9888 114.1385 155.1324 122.4205  63.7242 162.9841 140.8606 220.4750 139.9832 100.9617 118.1208 116.3800 132.0618  21.7500 131.6475 198.9882  90.1569 161.6435
142.8618 237.9704  93.1092 259.0817 263.2191 211.5529 143.1728 111.0725 189.9888 110.4439 257.7456 224.1183 149.1591  62.1909 109.8514  68.1482 195.6543 128.7272 286.0346 215.6998 212.9444  84.8876  93.4231 109.7718  40.6338
 34.0676  23.1132  68.2877  26.1304   9.3118  42.2246  37.3353  76.8207  38.9907  59.8360  43.0445  15.6985  58.9308  59.9086  80.3273  59.0478  34.0302  47.8531  33.6773  52.3056  15.5429  55.5344  74.3665  45.0360  66.6604
 71.8130 112.7988 119.1957 122.9046 102.1433  20.3260  86.6164  59.5568  22.0030  42.6668 143.0447  60.9081  23.9216  76.2881  65.4062  69.8982  30.1783  36.9515 138.4188 141.6360  90.3817  60.0427  61.9979  76.8001  85.8524
 37.5133   7.4953  58.9135  11.1000  27.3002  71.8337  32.4854  94.2936  65.2559  76.0274  16.4003  45.1081  80.8703  64.1209  97.5431  65.4276  60.6456  64.3106  19.4095  26.4259  19.7428  64.6778  89.5739  45.6680  69.6593
 35.1652  59.0203  65.7664  65.1188  53.0754   9.4774  44.1185  38.4446   5.2432  24.8719  77.1821  28.6609  17.0858  41.5627  42.1032  38.0414  10.1823  17.5230  74.4640  76.7115  45.5696  32.0780  38.5709  39.3054  47.9115
 68.8324  71.2518 134.1717  77.6595  46.8407  49.4120  80.2921 123.7205  48.5035  95.3858 107.0152  15.7785  87.5590 107.6411 130.2248 104.1107  40.1278  75.1857  91.0413 119.9671  52.3924  95.5334 121.6581  87.0274 120.2380
161.3505 270.7704 122.1487 294.5856 294.4850 223.5119 165.7674 102.3568 200.9759 108.1562 297.2473 245.2796 149.8686  69.9206 100.2983  72.4744 208.7599 133.4589 325.3537 253.6529 240.0497  88.0487  83.4269 126.5761  49.6968
 43.4415  87.6274  59.1092  97.0272  90.6045  52.9884  51.0442  25.0110  44.6247   9.3145 104.7342  65.8215  26.0997  22.1545  28.6582  16.8295  48.2831  19.2453 109.8288  94.4650  72.1728  11.9627  19.1237  36.1096  27.3247
 52.3616  44.8773 104.1757  49.4405  24.1513  51.8601  59.4170 107.0115  48.8366  82.9764  73.7920  15.2638  79.3457  87.6151 112.2075  85.6072  41.6497  65.8402  60.0669  86.1257  31.6352  79.5967 104.3074  68.0466  97.6841
201.2945 245.6944  77.9941 261.3697 301.2771 339.2466 175.2925 283.0689 310.7716 257.7802 224.7052 304.8955 300.0337 175.2414 284.8836 189.6874 307.8939 253.4537 279.3748 158.8503 246.7955 208.2669 261.7193 173.1345 164.0002
150.2558  53.9782 237.4470  40.9958  39.3429 205.2833 147.5861 306.2502 193.5845 251.1718  95.2048 119.7124 254.1436 235.2978 316.9833 235.8201 177.8213 213.2670  46.9943 144.8660  76.6418 228.5967 295.9038 182.1699 254.6426
128.0691 160.8726 244.6468 175.4522 123.3700  49.9516 153.7987 194.1329  55.0802 146.7159 225.2391  47.4511 125.6674 183.2346 205.9549 174.5887  43.5000 113.9696 201.8521 240.8362 121.4851 156.9318 193.0991 155.9569 205.7727
 76.9222 137.1541 175.8448 154.5743 120.5057  42.0147 102.4430 132.6815  21.5941  86.5218 190.4879  52.1071  76.1014 116.1551 143.2185 108.1412  13.3185  54.6891 181.5199 192.4597  98.3175  92.2487 129.1496  96.3425 136.2373
  7.7316 107.1070 111.1026 128.3065 121.3274 118.2603  33.0295 145.7005  94.6773  96.7407 147.3913  89.9214 114.7427  74.3261 154.5639  73.5402  89.3443  67.7963 156.9729 133.7702  74.8192  67.3080 133.2788  30.5184  94.0953
 98.5759 133.5540  26.9493 146.5246 171.3661 200.0732  79.2232 175.7495 179.6243 150.2060 127.1370 172.3738 178.4005  92.5418 178.8958 102.3611 176.5873 142.0030 162.3106  83.1532 131.2945 113.4600 160.6349  80.7225  90.2951
 70.3243 117.0430 125.8489 128.6716 106.1889  20.5876  87.1522  68.2564  15.7477  44.3648 151.0317  60.0762  27.4607  78.6990  75.1238  71.7644  25.1376  33.3031 146.3834 149.3294  91.6412  60.4799  69.1975  76.7950  90.2410
 38.0844  12.2722  55.4083   6.8604  16.5200  55.7011  35.9462  77.1770  52.2943  64.0056  16.0989  35.1846  65.8079  57.9332  79.6402  58.4927  48.6097  55.1508   3.3256  29.4899  21.3921  57.3559  74.2965  44.9259  62.1677
  9.1232  53.0526  50.1320  62.4600  58.1634  49.5902  19.5659  59.1202  38.9496  37.3063  71.1898  41.1614  45.6205  29.3596  63.1005  28.3103  37.3819  24.6798  75.2487  64.6463  38.1413  24.7645  53.7045  13.3454  38.5170
121.2002 133.2249  60.4331 140.9092 170.5701 211.5611 102.4191 192.2816 193.9048 170.8980 113.5015 181.6117 195.2993 120.5370 194.6124 129.1754 190.3182 163.2031 149.5434  72.1734 139.3967 138.9460 179.0362 108.8994 117.4015
 82.2308  44.0034 129.5733  59.1590  93.6495 189.3162  63.5051 234.0590 169.2140 186.4076  57.8027 124.9330 203.6112 147.7717 242.2418 152.4317 158.3853 157.2861  81.2247  56.9092  57.2916 152.3903 220.2568  99.0131 161.4196
 61.5635 103.2099  94.6462 112.6712  97.9197  33.7432  73.5401  34.4522  30.6502  22.8038 127.2856  63.7516   4.5962  55.3806  39.5373  49.5411  37.5720  25.8964 126.5215 122.3803  84.0674  41.6286  36.8582  61.6639  62.3112
 99.6803 135.7973 226.0036 153.5380 104.6703  73.4595 125.6357 201.6001  61.8277 145.5112 203.5721  19.1724 134.1681 168.9662 214.1158 161.6762  44.6443 105.7168 183.7571 217.4937  91.7123 144.7700 196.5195 132.4139 193.3846
 94.2578  80.2925 211.4594  95.1927  48.7295 125.4854 107.9883 235.0180 112.1844 178.3103 147.2646  37.9710 176.4564 179.1854 246.6577 175.9538  95.9367 138.3781 123.6208 170.6114  43.9436 163.9329 226.6359 130.8416 201.9042
136.8241 124.0977 273.5042 136.7227  71.1145 128.0541 156.7986 274.6647 120.9296 212.2060 199.9064  34.3652 201.4169 227.1630 288.3112 221.4225 102.1998 167.6310 164.9014 230.6716  87.5089 205.1449 268.0884 177.4777 253.6409
 31.2766 107.7977 161.8561 132.1786 113.6716 125.6790  56.5848 192.1549 100.0659 131.7611 165.7788  74.9893 143.2403 119.9317 203.6548 117.2899  89.1675  91.5921 166.6254 162.8209  63.3632 106.4788 179.8984  69.2894 144.0057
101.6614 171.4049  16.6110 189.8440 207.1245 208.2946  87.7500 161.6630 184.4671 136.3305 178.8293 191.0809 171.7582  66.7692 164.7179  78.8992 183.8547 133.2061 212.8069 133.7217 157.5220  94.3290 143.7415  71.7011  60.4806
131.2372 189.8694  25.9062 206.1367 228.2643 234.6635 115.4781 179.5365 211.7851 161.1599 188.0692 217.4586 196.3647  94.4931 180.9066 106.1962 211.3909 161.3310 225.8646 139.0708 181.0545 122.2415 162.2027 103.2396  83.3761
 61.4869  35.1854  67.7329  34.8397  58.5291 109.8923  51.5007 127.2404 101.0959 107.0175  12.9889  79.7679 115.7891  86.1463 130.5254  89.1711  96.1776  94.9807  35.7028  12.9077  49.0101  90.5249 120.5881  66.2457  90.5030
140.0462 238.7995 187.4328 260.1947 235.7410 111.6256 162.0738  34.2528 100.8533  32.7839 284.8679 167.0758  33.2399 101.3202  45.4619  89.0316 114.3062  64.4152 290.3352 266.1369 199.4202  76.4446  40.2587 130.1337 110.8156
 21.3509  83.3470  65.0349  99.4374 104.1265 115.3380  12.1764 122.7193  96.8728  88.0120 105.3901  90.4615 106.8933  54.3705 128.5876  57.6506  93.0385  70.3951 120.4274  87.0346  65.5745  58.5090 111.2685  16.1918  66.4987
 52.2594  52.2594  52.2594  52.2594  52.2594  52.2594  52.2594  52.2594  52.2594  52.2594  52.2594  52.2594  52.2594  52.2594  52.2594  52.2594  52.2594  52.2594  52.2594  52.2594  52.2594  52.2594  52.2594  52.2594  52.2594


2.8372 0.7722 4.9295 3.5092 2.2410
4.6548 3.4097 5.6549 6.1750 2.2410
5.5319 3.4110 2.2586 4.7679 2.2410
5.1480 3.9928 5.9718 6.7509 2.2410
4.0955 3.6058 7.0218 6.1326 2.2410
0.6258 2.8040 8.2514 2.9636 2.2410
3.5832 1.4824 4.2677 4.0889 2.2410
3.5471 3.5867 7.1651 0.9797 2.2410
0.0878 2.1387 7.5843 2.6214 2.2410
2.3637 2.1905 6.4962 0.6203 2.2410
6.2016 4.6238 4.9881 7.3886 2.2410
2.0431 2.3845 7.2896 4.3332 2.2410
1.7815 2.6240 7.4608 0.8929 2.2410
3.6105 1.9651 4.5681 2.4595 2.2410
3.8527 3.8480 7.2220 1.2855 2.2410
3.3349 1.8508 4.9037 2.1284 2.2410
0.4996 2.0475 7.4858 2.9623 2.2410
1.6420 1.3284 6.3193 1.5148 2.2410
5.9175 4.7978 6.3255 7.5582 2.2410
6.2381 4.2860 3.4360 6.8712 2.2410
3.5360 2.4193 5.8031 5.1304 2.2410
2.8443 1.5550 5.3152 1.7853 2.2410
3.5359 3.2792 6.6645 1.0111 2.2410
3.2793 1.1141 4.3560 3.2260 2.2410
4.1603 2.5509 4.3562 2.7312 2.2410