50 25 5


22 29 7 14 17 12 23 13 27 22 16 15 12 31 14 17 25 28 16 8 16 30 16 33 14 8 23 17 30 26 28 11 17 11 35 23 6 23 27 6 9 8 19 28 22 21 29 31 31 32
1065 1060 579 853 1178 943 993 583 1251 997 1211 591 848 1199 420 848 429 1191 1131 1167 778 1118 1396 737 1163
4341 1029 3255 3568 1094


116.4357 167.2278   9.1875  48.0815 143.2051 145.9676 167.1873 170.7746  81.6236 146.8259  75.8222 142.0706  84.5928 163.8316 137.1968 101.6174 101.3197  64.3758 174.5105  96.2437 121.2607  31.1127  44.6128  41.4377  60.5480
157.4850 136.2704 114.3130  81.6405 119.7124  92.1534 147.9000 143.2744  37.6967 191.4830 119.0276 106.0409  81.1223 136.3487 109.1341 214.7381 192.6798  80.8393 150.1228  65.5560  88.8655 136.4825 111.9242  63.6106  75.8188
 55.3239  45.7171  35.4720  34.7139  44.4920  30.6399  50.3261  47.7343  26.6607  63.7559  45.0209  13.1192   8.4213  46.6404  41.8683  64.1224  61.0581  36.0359  49.6161  33.1627  37.5708  36.6910  26.0156  19.4192  14.8112
  5.8281  76.1489  79.7781  52.0011  55.5567  91.0431  64.6530  74.9141  62.5474  13.7656  31.5783 129.4036 114.3312  70.3475  56.9127  70.8866  47.4195  44.6345  74.2741  52.4223  55.2454  97.3509 106.2068  89.9595 104.1025
 98.6886  58.3122  92.9690  67.3485  56.1064  27.2191  69.2403  63.0727  30.8825 114.8239  83.4167  57.9119  65.9232  60.2194  49.8103 146.2993 129.6338  62.2722  67.5696  38.2651  41.1769 106.8350  91.7798  63.8632  68.3030
 42.2376  86.2122  22.8003  19.3494  70.0983  82.5842  82.6758  87.2289  45.6205  58.3201  21.7329  93.5050  67.2027  83.0761  67.9782  37.0895  31.4464  25.7651  88.4987  48.1061  60.5504  36.9719  49.0219  42.7149  54.9516
 90.2893 215.8302 131.6187 121.3121 181.3831 229.1024 199.2310 214.7906 165.2727  99.4904  93.9428 268.9716 222.1845 206.9369 181.6185  47.5299  33.4292 123.0552 214.5091 158.9227 173.9525 151.4155 183.3817 175.2716 198.6562
 38.0782 109.5156  78.0915  65.4408  90.1784 120.1457  99.1443 108.5474  86.8883  40.1793  46.9331 147.8182 125.0909 104.2387  90.9035  40.3536  22.8571  64.0553 108.0503  81.2360  87.7563  91.4414 107.1068  99.0968 112.6885
127.3029 254.4188  94.3634 110.4115 215.8259 252.1106 242.2455 255.5930 169.4097 154.8520  99.9310 274.3126 207.9947 246.0907 212.6959  21.1653  51.2979 122.3267 257.4142 172.3211 198.0470 110.2480 152.3240 153.8671 178.5729
 71.2915 170.7717  64.1967  57.4701 139.2963 170.7309 160.9283 171.6962 104.3760  97.4213  44.8714 196.9123 149.4241 163.9531 136.7659  45.5618  31.8992  64.6321 173.1905 104.7283 125.0374  86.7428 113.6285 104.5058 126.7971
101.1707  97.5850  54.2402  51.4596  88.4418  70.3804 104.1857 101.5425  41.0265 121.5853  75.7557  55.9570  24.3957  97.8049  82.6644 118.1646 111.0203  56.0121 105.3730  56.9054  71.2862  60.9619  42.0188  18.4445  19.3864
 54.0102  86.1906  33.2073   4.2240  68.2698  77.7093  84.5854  88.1471  31.3514  74.4490  27.6493  92.7083  65.4028  83.1925  64.5791  72.2821  61.0883  13.8269  90.3475  37.3271  54.1367  51.4100  54.7892  37.0184  52.5713
 83.7631  79.1120  44.6118  45.9952  73.3179  56.9186  84.8023  82.2248  38.3917  99.1346  64.4231  38.3236  10.3374  79.6320  68.9227  94.1247  89.9031  49.8291  85.2030  50.2870  60.5678  47.1698  30.1907  17.1226  10.8625
255.5461 204.9822 170.1392 165.8572 202.4146 136.0123 226.9558 214.1164 127.2436 292.2294 210.9937  46.2565  47.4665 209.8727 190.8213 296.9826 282.9677 170.9138 222.5835 155.1915 172.6836 174.9688 126.9052  99.0623  77.8403
 69.4452  21.0103  90.9619  62.0813  19.8805  21.8418  28.6648  24.3958  34.7158  77.8667  66.3519  73.5734  81.7686  21.4159  15.4749 122.5278 104.4206  53.7303  27.8276  27.6283  15.3905 105.5264  97.9040  74.3932  81.3732
 37.2548  58.5319 108.3584  68.9875  34.5669  82.4127  43.8092  56.6100  62.9021  39.5117  54.0955 138.4840 131.4934  51.2668  37.7576 116.4996  89.2565  56.5344  55.5796  46.5108  40.3101 129.7591 133.0447 108.2099 123.1909
 93.4592 228.2933 130.6247 120.7394 190.8812 240.3192 211.2879 227.5239 169.6485 107.3327  92.6121 281.1580 229.4092 218.8928 190.6255  42.2152  24.8395 123.5648 227.5536 163.8788 181.4166 152.2541 186.8858 178.3834 203.7136
224.1359 302.2903  83.2321 148.7011 271.9757 270.5635 302.5008 306.9854 192.6459 261.2320 175.2775 239.7493 155.4704 298.2230 264.3891 147.6471 173.7988 169.6830 311.8342 212.2550 244.0908  51.0200  83.4870 122.2497 128.8003
101.7703 104.7169  47.3927  50.1135  94.2782  78.6779 110.4604 108.5241  45.8466 122.7830  74.9873  62.6410  24.1939 104.5760  88.6309 113.0259 107.6480  56.3963 112.2359  61.5416  77.0084  52.6750  33.4354  10.7307  12.9590
 41.8613  22.9661  44.0640  29.9711  20.8301  12.2400  27.3559  25.0526  12.4892  48.9522  35.9778  32.8492  35.5273  23.4367  17.8515  66.6784  57.9877  26.6488  27.0717  13.5845  13.7567  51.4646  45.7290  32.3263  35.6044
 66.8733  28.9109  97.5410  62.6075  15.0306  36.9000  30.4866  31.1442  35.4338  76.7099  64.7114  92.1344  95.5338  26.1148   9.0425 129.1596 107.7142  52.1161  33.9204  23.2551   5.7622 115.2829 109.3042  82.7596  92.7383
241.3792 263.6169  98.4814 141.5863 243.4080 211.9691 274.1642 270.8056 151.8999 282.5000 186.9087 151.6292  61.7767 263.4027 232.9982 223.8283 228.8630 159.4096 277.7736 180.5853 210.9947  80.6113  31.1827  64.0800  44.8006
 16.8304  86.5495 101.2973  69.0001  63.8528 107.0471  72.0551  84.5880  78.3335   7.0181  46.1314 154.1278 139.1157  79.6691  66.2891  89.0073  61.9316  60.0137  83.3342  65.5721  66.1930 121.4047 131.1586 112.0001 127.9697
 71.6586 109.8161 194.6194 117.6787  60.8463 147.9527  85.8228 107.6898 103.9584  86.3428  93.3130 252.4192 236.9965  96.5598  64.1831 219.5909 168.5409  93.1892 107.2378  72.4115  64.2246 235.8935 240.6770 191.9888 220.8844
 45.6600  44.3515 106.8302  74.2334  30.2494  71.3503  29.3987  41.3673  65.3764  40.5879  62.2924 122.6293 121.8693  38.2305  34.9226 112.0987  89.0665  63.8494  39.1162  51.4821  41.5253 124.3761 126.0393 104.8062 116.3848
 40.6038  41.0912  25.7349  17.4908  34.9999  30.6675  43.2629  42.8242  10.6280  50.5889  28.7351  33.8705  22.5804  40.6731  32.2401  53.6659  48.1587  18.3953  44.5586  18.4474  26.3569  32.2837  26.8195  13.4126  18.8027
198.1091 132.8317 157.5680 142.3261 139.9105  78.3386 153.2491 139.9438 101.6176 221.6534 171.5802  14.2563  74.9849 138.6993 131.8018 246.2561 230.5106 141.3452 146.4002 117.3651 122.1291 165.5776 132.2598 105.7282  94.9945
 80.3167 141.3346  23.4926  44.2849 119.3640 132.3650 137.4573 143.1204  79.9777 102.4959  52.1709 138.2932  95.1090 137.3248 115.9501  48.9559  53.2282  55.5606 145.1933  86.3587 104.8309  37.0962  60.8507  61.3495  76.5264
204.6471 259.0487  49.5291 108.8798 230.8874 219.5592 263.2662 264.9219 141.3207 246.1158 149.2276 187.1714  98.5923 256.1679 221.6781 171.1257 179.4492 130.1392 270.8430 165.9529 199.4113  28.3734  22.8650  59.1981  67.4700
 97.3182 119.6045  85.5902  34.3800  91.7712 102.7951 120.0130 123.6619  22.5422 129.5296  61.9592 139.9839 107.9078 115.4500  84.2239 154.7253 130.2527  27.7908 128.0819  35.6920  65.2082 114.4000 109.4282  69.4765  92.4756
250.9633 320.5666 106.4000 171.6921 292.4328 284.1615 322.8875 325.7671 210.5148 288.4780 201.2273 241.9125 157.5408 317.3439 284.3267 176.1173 202.7194 192.6239 331.0283 232.0612 263.7173  71.4346  89.8176 134.1562 134.5099
 28.0519  60.6244  32.4052   8.5828  45.7433  59.3952  57.3079  61.4814  26.8116  43.1201   8.9581  76.8188  59.1711  57.6640  43.8332  48.7728  37.1390   6.5002  62.6141  26.4229  37.2171  46.3518  51.2511  38.7366  50.0987
 59.2481 137.0847  50.6777  48.8693 112.7479 136.8474 129.4246 137.7920  85.3957  78.8008  39.7775 155.9340 118.2012 131.8082 110.8069  30.3463  23.5098  54.8626 138.9341  85.9630 101.7352  66.9088  88.9794  83.4769 100.4522
  5.0480  60.4745  53.1168  31.6922  43.9992  68.6496  52.9118  60.0356  42.7607  20.2582  15.2738  95.4002  81.5308  56.2556  44.1813  49.6813  32.0476  26.5727  60.0235  36.3027  41.1488  66.9347  74.0388  61.7658  73.0244
257.7277 370.3536  94.3157 172.9046 329.3463 337.6210 367.3473 375.4202 235.4064 302.8036 199.3049 312.9654 209.4281 364.0219 320.7742 151.9633 187.4697 198.6807 380.8117 256.5118 296.1308  65.1038 119.1163 158.2314 173.3362
 73.8590 128.4144  57.4379   3.5927  99.5924 119.1713 124.4487 131.0124  48.5349 105.1744  33.8936 147.8671 108.4891 123.2570  94.4449 108.2423  88.3212  13.6613 134.0586  53.9986  79.0357  85.9957  92.8337  65.5859  89.3230
 33.2238  52.0895   5.6858  17.9989  44.8539  47.4376  51.3512  52.8879  29.3586  41.2253  22.7732  46.7487  30.4087  50.9044  43.4415  21.6813  24.2451  22.3851  53.7603  32.5400  39.2837   7.7146  16.9342  19.2346  23.7867
200.4682 130.4392 163.5882 146.6877 139.2585  75.9031 151.5470 137.5677 104.5253 223.2973 175.1280  19.2775  82.1448 136.7224 131.3163 251.2973 234.7400 144.9916 144.0160 119.2266 122.4607 172.1815 139.1987 112.0457 101.8965
177.7193 199.3284  63.9313  87.8845 178.8250 157.9359 206.9888 205.3870  96.3022 214.3909 129.6127 126.5260  50.4777 198.2690 169.6791 178.5541 175.4703 102.7409 211.3528 121.6047 149.7089  65.5661  30.9453  16.3009  20.6845
 21.8047  11.9074  42.2741  28.2937   4.7820  22.4070   6.6221  11.0972  21.6513  22.5932  25.5548  44.5407  45.3905   9.2861   6.8655  48.9325  39.6876  23.8291  10.7123  15.8648  10.3092  49.5116  48.8604  39.2671  43.6943
 36.4611  83.6914  42.6773  41.6618  70.3087  86.4976  78.1545  83.6148  60.1928  42.9250  33.2446  99.0164  79.2119  80.4699  69.9254   9.0561   8.8205  43.5954  83.8057  59.0203  66.0993  49.7492  62.7888  60.8361  69.7395
 42.2704   3.5938  63.9357  46.1309  10.9179  22.4023   5.4318   1.4153  32.8001  43.5388  45.2558  54.3758  60.8987   2.1762  12.1668  77.2315  65.4400  40.5862   1.7545  26.7713  17.6851  72.8737  69.5904  56.2159  60.5885
 43.2119  72.5153 131.3306  87.9610  47.9948 103.1520  53.9038  69.4811  83.4109  37.6190  68.3908 167.5591 159.9987  64.1474  52.6681 133.5100 102.0845  74.3929  67.4125  65.1268  57.3073 155.4010 160.5348 133.3606 150.4033
106.1699 229.6582  75.1554  79.6668 190.1833 226.3095 218.2321 231.1824 140.6893 139.2749  70.4811 253.0923 188.6263 221.3525 186.4811  51.0921  48.2397  91.7144 233.3742 143.6468 170.7610 100.5434 138.1297 131.5511 158.9537
 78.2931  51.0902 125.2822  75.6599  23.5153  63.3310  47.4639  52.9506  44.7661  93.1772  75.6803 133.9928 131.9178  45.4288  17.8105 164.3400 134.3797  60.3847  55.7017  24.2250   7.0159 150.6745 145.4757 109.7677 125.5182
 88.5207 183.0191  60.6438  69.8909 153.3623 180.1976 174.3159 184.1398 115.7984 112.2092  63.4621 198.1136 147.8985 176.7646 150.6287  29.8207  37.7001  79.4269 185.7527 118.4402 138.8526  76.5351 107.1288 105.3951 125.2637
190.1073 265.8338  39.2872 107.1549 234.2547 235.1092 265.8699 270.6015 152.5444 229.4831 137.8626 214.7428 130.4049 261.4837 226.3897 135.2706 150.5483 128.8886 275.5690 172.4098 205.3859   8.5292  57.6750  85.2620  99.4704
 58.8265 111.8086 174.4187 102.4877  65.4871 143.7601  90.3463 110.2389  95.1705  76.9306  77.7476 237.7005 219.1919  99.6509  67.4526 196.2498 148.5117  79.7514 110.1482  66.7760  64.4591 213.3766 219.4977 174.8076 202.7409
 84.1494 247.4600 137.4611 114.6434 201.2072 260.7647 227.7300 246.9237 173.4796 109.6971  77.6394 313.5830 253.3172 236.1317 200.3377  64.7039  12.2008 116.5010 247.3802 165.9693 188.1955 169.0953 206.9096 190.5239 222.6191
182.1194 182.1194 182.1194 182.1194 182.1194 182.1194 182.1194 182.1194 182.1194 182.1194 182.1194 182.1194 182.1194 182.1194 182.1194 182.1194 182.1194 182.1194 182.1194 182.1194 182.1194 182.1194 182.1194 182.1194 182.1194


1.7179 5.7644 0.4966 4.8304 1.8374
2.4750 5.4667 3.6956 4.8554 1.8374
4.7487 3.0220 4.2524 2.3531 1.8374
3.0045 3.3577 2.6699 2.4306 1.8374
1.4083 5.1409 2.5906 4.3939 1.8374
3.5129 4.0100 4.5047 3.6008 1.8374
1.8424 5.8484 3.0908 5.1438 1.8374
2.3959 5.6664 3.6326 5.0374 1.8374
2.6793 2.9691 3.0626 2.1393 1.8374
1.8599 6.7373 0.9392 5.8077 1.8374
2.3922 4.5228 1.6670 3.5916 1.8374
5.9937 2.3945 6.6254 2.8038 1.8374
5.7091 0.1519 5.9122 1.0509 1.8374
2.1568 5.5125 3.3864 4.8571 1.8374
1.5444 4.8648 2.6633 4.1264 1.8374
5.1863 6.1900 4.0585 5.4208 1.8374
3.9950 6.0201 2.8218 5.1532 1.8374
2.4506 3.6380 2.2221 2.7035 1.8374
2.3567 5.8562 3.6024 5.2142 1.8374
1.9509 3.7126 2.4813 2.8800 1.8374
1.6571 4.3476 2.5852 3.5860 1.8374
5.6896 3.0039 5.2028 2.5981 1.8374
5.8096 1.8014 5.5923 1.6699 1.8374
4.7019 1.3890 4.6599 0.6357 1.8374
5.3545 0.6760 5.4012 0.6304 1.8374