100 50 5


8 30 26 12 8 31 15 21 26 7 13 13 19 10 16 28 18 8 21 8 30 18 34 5 20 26 20 24 11 9 14 22 31 27 26 15 15 16 27 33 32 21 33 23 16 9 23 5 29 8 35 20 11 28 26 18 23 29 5 12 8 13 30 6 17 24 31 34 24 9 25 15 8 33 7 21 29 21 6 6 31 30 32 12 25 16 20 23 29 9 30 28 8 24 10 7 9 33 17 10
617 892 476 963 981 1314 1165 1373 971 931 1151 398 1116 941 1139 1105 1245 1038 729 457 1099 956 1008 1252 844 853 757 905 522 530 1211 786 967 1163 1142 1330 1282 1212 858 818 809 994 1337 854 1154 469 1069 851 1103 1022
1483 1367 4120 1658 3254


 49.5449  47.4225  42.4963   3.5209  74.5707  26.3043  67.7064  51.1331  41.2989  68.7779  35.4111  54.1123  63.3524  51.1542  45.8457  75.2974  47.9094  87.3517  66.6055  30.7052  78.2635  67.9041  59.0837  72.2035  50.8003  24.0273  37.1477  97.2456  82.4165  23.6049  62.6028   4.7227  71.3518  62.0573  34.5871  60.2830  34.9896  50.7240  14.2042  85.9437  20.2229  44.2435  17.8515  82.8412  74.0845  67.2343  50.7991  32.1171 100.2683  47.5339
149.0592 140.6974 164.0520 323.1563 172.1116 242.1519 208.6780 171.8165 169.4349  61.5877 190.4405 119.5710 202.8242 173.3709 168.5311 210.8849 161.2834 102.9804  70.2910 203.4367  66.4146  77.9030 165.3025 140.1373 222.8806 281.4353 178.6152  57.3636  38.3824 262.2654 111.0802 302.7392 105.7895 257.0270 236.5616 173.2624 250.3893 134.1064 265.4390 112.5400 263.0973 232.9179 250.7262 144.3807  39.7644 187.5324 198.1586 228.2133  69.9849 139.1644
128.7806 106.2306 107.3772 252.4504 184.6315 169.5858 207.9636  96.6836 111.2757  64.7003 130.4508  99.0678 199.0617 158.6269 144.6198 216.3562 140.1928 142.0440  69.0818 146.3724 101.6770  88.5566  85.5159 155.8103 137.0614 231.4329 133.0316 109.2198  31.2574 213.1545  44.6746 231.2605  30.9793 242.3359 199.7790  91.3929 213.1120 110.5248 199.3142 148.1902 210.4017 206.3299 190.4750 170.2827  46.8988 190.1114 116.8427 188.6011 119.8611  98.7521
 62.5048  78.3592  96.8816 111.1366  29.1046 114.2711  16.8859 119.1670  98.0635  82.2192  98.6083  72.6032  23.0181  48.1924  60.0903  13.6932  59.3005  64.1447  80.2010  93.8444  71.2267  71.2696 127.0329  41.6371 137.8277  78.0353  82.5339  97.9465 108.6944  77.7291 109.7089 112.1631 120.0158  22.2389  61.7274 131.2818  60.6058  70.3921 103.7868  59.2360  83.1822  46.8377  95.2889  44.7066  91.7717  24.4626 129.1738  67.1196  99.1552  84.1734
 39.6660  31.5647  19.9920  33.2986  69.8873   4.0509  67.9494  21.8811  18.5282  49.5254  14.3280  38.8073  63.3930  46.9605  39.1103  74.6853  40.3068  74.2299  47.8655  15.7959  62.3857  51.6840  29.3993  64.2109  21.2018  40.2890  24.0993  77.5428  58.1877  35.4566  36.0936  25.4527  43.7196  68.8329  40.9713  30.3209  44.1804  37.1200  18.3102  73.9036  31.9545  49.9417  20.4332  74.2738  52.7028  65.0563  20.6372  36.1587  80.8509  29.2378
157.8947 121.5342 102.2892 271.3660 247.0537 164.3658 267.0734  69.4905 105.3603 107.6589 126.5962 124.9900 253.9023 196.9232 173.6169 281.8541 170.5127 211.1826 109.0024 148.6866 160.5911 134.1226  50.7236 213.7418 112.6030 260.4638 142.6084 181.4358  89.0353 238.1434  27.9774 243.7306  17.3711 300.2863 230.8969  57.2091 247.1231 134.9398 207.3012 216.7044 231.9036 246.6363 200.8709 237.9890  96.6584 247.1734  89.7058 214.8875 194.2540 108.2806
 84.0532  75.4236  61.2002  30.1213 136.6085  26.2346 127.3747  73.4242  58.6623 114.3252  47.7372  88.9551 118.8282  91.6868  79.1592 141.2408  82.5797 154.3998 110.5492  41.4991 134.9764 114.9165  87.9907 129.4701  71.4025  55.6518  56.6716 168.0435 136.4669  50.1139  97.2145  15.2750 112.8806 121.8599  67.6023  89.9206  71.0009  83.5732  14.6125 152.5613  42.5984  86.3157  25.4036 149.3576 122.8492 124.5203  71.7529  60.3653 173.9819  73.9281
 66.1207  70.0695  97.1020 195.8056  78.6076 150.8129 101.9530 117.7396 100.9104  23.9068 113.0264  51.3316  97.3553  78.6031  79.0217 105.2519  73.5135  48.6113  25.4966 117.7800  14.5143  14.9159 121.2493  55.4416 155.6116 159.4134  96.6276  63.9687  62.3732 147.1646  82.4872 184.2276  91.7419 135.1971 125.9079 128.2385 134.8079  60.0251 158.9146  51.0097 149.4589 120.2677 146.5255  65.6911  34.3091  87.1247 137.7384 121.9292  71.0843  73.3994
123.4715  95.4402  86.7890 231.2933 193.0036 144.8797 211.6766  69.2269  90.1000  74.5225 108.8826  94.7003 201.2340 155.5376 137.7620 222.9638 134.4723 160.2684  76.3342 126.2875 118.0254  97.3640  57.8750 164.7313 109.2080 216.6560 117.2623 135.4400  58.9277 198.0408  20.2483 209.0484  12.7001 241.6749 188.9003  64.2389 202.4731 104.2846 177.6704 165.1276 193.8708 199.6267 170.5410 183.7972  63.9970 194.5803  88.9401 176.2992 146.2490  85.5542
 23.5659  18.0231  21.1160  59.2784  40.3820  39.2208  45.6871  23.6713  22.3458   8.7654  27.3629  15.5666  43.0469  31.6435  27.8601  48.5108  26.6406  32.6929   8.9985  30.8414  21.1471  14.6721  23.8786  32.7675  36.1224  51.9358  26.0235  30.2320  14.5778  47.1113  10.8247  54.0832  14.8248  54.3900  42.9242  26.1483  46.4772  18.6947  45.3657  33.6823  46.6754  44.4476  42.3630  38.1348   8.4616  41.0029  30.1817  40.0964  33.1682  16.5622
 42.9710  51.6085  60.5349  52.0006  69.9715  62.8573  56.6384  85.3740  60.3089  81.1904  55.1742  56.6790  49.8512  36.1290  34.5323  68.9893  37.7379  97.6995  77.4356  46.2181  88.3010  74.6609  97.7248  69.3347  98.5122  17.8560  41.8505 122.3897 110.3223  15.4967  89.8740  52.9485 104.8526  47.8331   5.0583 101.5909   3.7181  50.3872  45.8813  94.2630  21.5698  18.0999  37.5000  85.8643  92.4167  57.0256  92.2752  11.1300 126.4215  56.1638
 81.6720  64.7922  44.2048  89.4415 129.1947  42.3778 131.1484  22.4102  43.0009  80.7433  44.5644  73.6935 124.2236  97.0062  84.2762 140.4354  84.9214 125.3108  79.4776  52.9349 104.0699  88.7001  24.1650 117.2266   2.0307  99.6287  61.1300 119.9004  82.3739  91.0900  46.9883  76.5701  52.5412 137.8028  96.5271  22.1859 102.5971  74.0577  65.5048 126.3120  86.0174 108.9429  67.9275 131.2869  80.9419 124.6147  10.0269  88.5896 125.3688  58.7544
 65.9355  41.1945  12.3500 112.8190 135.6010  50.7143 138.3358  25.0836  12.3500  73.1191  23.9264  54.9967 128.3469  88.7812  70.5371 151.7486  71.0379 135.2848  69.7859  37.8310 105.4986  80.9456  42.3598 118.7267  54.0509 108.3636  39.8642 138.3880  92.3896  94.7508  41.7503  96.3347  62.4704 149.9273  95.2448  48.1285 104.9189  54.8060  73.5597 135.6331  89.8718 110.0389  69.4460 140.3858  79.2516 128.6339  39.7482  84.2371 146.3005  32.4722
 49.5525  48.3680  57.6515 109.3191  53.2692  83.8129  66.1375  61.7962  59.4748  21.6449  66.2507  40.5908  64.6000  56.5099  55.9379  66.2212  53.4072  28.7517  24.3977  70.0683  18.2102  25.0050  60.2300  42.9355  79.1218  94.0232  61.1864  14.7462  18.7883  87.8663  41.8427 102.9151  40.9207  82.8174  78.5325  63.0007  82.9460  45.3018  90.5494  32.1179  88.4823  76.3731  85.3110  43.1584  16.3982  59.1423  70.7831  76.1800  18.9256  48.4451
 33.6856  39.1873  62.4593 133.0933  54.2353 101.8537  67.6702  82.8635  65.2331  20.7692  73.2437  24.4444  62.6816  43.9686  43.4673  73.0107  39.2744  46.7972  17.9778  75.4578  25.2075   7.0563  88.3723  36.9271 111.4117 104.7183  58.6476  65.4721  57.9765  95.4233  60.7707 124.7992  71.9342  90.5115  79.2632  93.9691  86.1513  30.0719 105.8083  46.4044  97.3021  75.7638  95.9941  51.4307  34.4539  56.6140  98.0220  76.1607  70.8238  43.2039
115.1154 148.4882 194.2468 267.8255   9.0687 249.2920  46.3829 240.3720 198.0812 136.0541 204.9638 128.3564  54.5734  92.7409 117.9624  33.8846 112.9067  84.0606 132.9587 199.4616 102.9064 110.5504 254.0976  37.6514 288.0864 196.6972 169.3537 162.7417 193.1123 189.1507 208.0430 263.3024 227.8261  97.3889 150.5348 264.0406 154.3783 128.0751 236.9164  72.6642 199.1239 122.1150 216.8560  39.4641 155.7087  36.1590 265.8474 157.0248 165.6280 160.7846
 83.4711  74.9287  85.8281 183.2857 107.5695 132.2462 127.1855  88.3769  88.9837  30.8326 101.8872  64.2214 122.5303 100.5583  95.1735 130.4661  91.1767  71.9417  35.8069 110.5534  45.9406  44.7654  84.1884  87.7627 118.8001 161.2186  96.9711  49.3870  13.2138 149.2738  51.7812 170.3269  48.8954 154.3139 135.6872  88.9790 144.3736  73.0015 147.9027  76.8381 149.0445 135.7906 139.7413  94.0327  14.7215 114.5018 104.0226 129.7366  56.9452  72.7921
 41.0210  33.6367  33.0613  77.7090  58.9889  51.6815  65.9734  28.6236  34.1971  22.0327  40.0684  31.8939  63.1532  50.3820  45.8034  68.6894  44.5172  46.1057  23.2723  45.1569  33.6591  29.3770  24.6661  50.1305  40.6086  71.9224  41.4889  35.7274  11.5378  66.2595  13.1115  71.0467   7.4748  76.3283  62.5084  26.3307  66.6369  35.3112  61.2833  47.9877  65.2739  64.8457  58.7690  54.7299  16.7752  60.5099  34.5323  58.9443  38.9739  31.1192
 87.2865  59.6644  35.4925 146.8574 159.4503  74.5796 166.5824  16.8013  36.5888  77.7289  49.6560  69.9414 156.2140 113.7621  94.8970 179.7434  94.3583 149.6830  75.6469  65.1559 115.3734  90.7620  26.5440 138.9169  54.5685 142.9580  65.5136 143.9033  87.3115 127.8795  27.9584 128.0201  47.7075 183.1153 126.9241  33.8256 137.7702  72.9281 103.4880 151.3970 122.6580 141.4523  99.8311 160.3511  79.3706 154.6588  36.6755 115.1076 152.7637  49.4250
 12.0935   5.9421  16.4808  54.7067  38.0444  36.3621  40.9781  28.1982  17.8545  15.4433  21.9843   3.8732  37.2457  22.0872  16.6107  45.7287  15.4837  38.1432  13.2607  23.7771  26.4620  15.6869  32.5571  30.5287  42.0040  44.1977  16.1980  43.9537  31.5481  38.8188  21.5383  49.6519  29.7850  48.7658  33.5685  35.4031  37.6276   6.1895  39.8240  37.9505  38.7092  35.6843  35.4967  39.5088  21.3102  36.2436  35.5290  30.4304  47.0401   6.8726
126.2031 159.9701 194.0165 182.0132 129.8252 212.8929  86.7747 253.0843 194.9088 207.9262 187.7837 160.2890  77.4442  91.8593 109.4901 112.2229 113.2718 212.3648 200.1009 169.5902 206.1646 185.7039 279.1266 142.7225 289.7351  98.6083 151.0216 284.7025 279.0006 103.0412 250.4080 189.0762 282.8276  45.4943  70.6804 288.9156  60.9111 148.1201 175.2216 201.8891 117.9073  39.7780 155.8384 173.2653 234.9431  98.2174 272.6855  88.5767 291.6805 173.5393
 88.4137  87.7990 105.8585 197.3485  91.4671 152.9603 115.1641 114.8480 109.1573  40.0078 121.0976  73.2105 112.7628  99.8091  99.7507 114.7634  95.1097  46.2604  44.6969 127.4528  28.9889  43.9425 112.6801  73.2036 146.3127 168.5404 110.9339  24.4648  39.3390 157.6948  79.3277 186.2227  78.5860 145.6271 140.2153 117.7928 147.9618  81.4987 164.0621  52.4329 159.1200 135.4687 154.3275  72.5936  32.6242 102.6456 131.2151 136.3906  31.6810  88.4921
130.5715 120.4123 150.0051 327.4546 173.2232 238.9598 209.3721 167.2337 156.2062  30.7150 179.2819  96.3647 200.5058 160.5103 152.7088 216.1657 144.7242 113.9203  40.5983 192.7203  60.3804  53.8275 165.7395 135.6310 227.3644 279.9489 163.6025  95.9463  55.5949 258.0923 101.9603 304.8541 108.1163 260.6272 229.7316 176.0826 245.6826 112.8820 262.6775 121.3629 258.9490 227.5639 245.4915 150.5382  12.6167 185.4319 198.6188 219.7634 109.9946 119.4102
 15.8829  20.7452  28.7963  46.1523   7.0658  39.9152  13.5612  36.2015  29.5758  16.3781  31.3961  16.5573  13.3279  14.3544  17.5238  13.5035  16.3133   9.8885  15.9325  31.1176  10.6134  11.8870  38.2009   1.8742  44.9840  34.8018  25.6032  22.5159  26.4983  32.7139  29.6200  44.5419  32.8474  22.3973  26.2808  39.9590  27.6760  17.1572  39.1949   8.3146  34.0391  22.6673  35.7482   6.1000  19.7889  10.1833  40.8772  26.5620  23.4054  22.6523
 43.0669  28.2899  27.0326  94.4517 118.3711  53.6183 114.5295  65.7465  26.8663  81.3535  23.1327  46.1532 103.3073  61.5847  41.7138 130.8057  44.4347 134.0191  76.0034  18.3576 107.5147  80.8002  84.3149 104.8122  90.5114  76.8505   3.8833 152.7713 117.1724  62.4698  74.9915  81.2527  98.3349 121.2991  60.5105  90.3967  70.7090  39.2902  56.6851 132.0984  59.2277  77.0820  46.1346 130.5289  94.7130 106.5730  78.3615  48.9841 160.4813  28.4401
121.2420 126.9964 128.9752  56.1750 188.1628 106.5290 161.9451 171.8523 126.7457 193.9685 110.7676 143.7370 148.4463 116.5403 105.8969 186.6304 112.8825 239.2538 186.4492  91.2604 215.8824 185.2434 198.2370 184.8527 186.8858  16.6907  97.6998 282.1988 247.3070  21.2390 194.4873  63.5044 224.7617 140.4356  55.7644 204.5118  53.7949 131.2421  62.1748 233.1928  20.3681  84.5900  53.1959 218.6475 214.6292 162.6437 179.5036  53.4773 291.0645 132.2830
113.8227 109.8867  99.9220  12.0416 175.3536  64.0000 158.0392 124.3392  97.1374 163.3447  82.6116 126.1507 147.1621 117.0197 104.2094 177.0182 109.4236 208.1466 157.8285  69.8370 186.0540 160.4234 144.5216 169.7397 126.6613  49.4243  84.3445 234.1844 198.8315  47.8017 150.7912  14.0584 173.1109 144.1388  75.2396 147.9851  76.3269 117.4455  30.2238 204.4717  39.3451  99.4018  36.3632 196.3022 177.1243 156.9183 125.1537  69.1818 241.6339 110.8040
106.5376 138.0832 173.1465 193.4424  63.8278 203.2330  27.3484 219.0953 175.0903 156.2302 174.3785 129.8258  31.1538  76.2811  99.0153  40.9416  98.6318 135.5208 151.2649 163.4618 141.6458 135.1669 236.5276  83.2741 254.4435 127.1506 142.3791 200.1929 211.7287 126.9003 205.1231 195.9708 227.7862  18.5174  95.3746 244.9060  92.5125 123.5525 180.1596 126.0971 137.9802  65.4179 163.3499  99.0723 176.7365  43.4639 238.0458 106.8477 203.9870 149.8017
 49.3885  35.9177  17.9556  59.5028  90.6959  19.7465  90.7327  14.8923  16.3841  56.1334  16.0419  44.8667  84.7046  61.5942  50.6627  99.1261  51.5511  92.0990  54.2452  23.1536  74.9220  60.6499  25.7186  81.5041  21.3689  63.5541  30.4088  93.4835  65.4126  56.0763  34.6046  49.0487  44.7518  95.2377  59.9798  27.5626  65.1605  43.9567  37.3676  92.2062  52.1368  70.5320  37.6329  94.4703  59.2362  85.6968  16.1835  53.2714  98.0910  31.4317
 44.4066  50.6901  55.9735  35.6610  57.6552  53.4721  46.0218  72.6363  55.6343  70.9029  51.3348  54.1158  42.2656  38.0937  38.5438  54.1535  40.6435  79.7453  68.3200  44.7402  74.7155  65.9658  81.4493  59.2608  80.1809  12.6644  43.3350  98.5001  91.2773  17.7720  76.9732  39.7773  87.3930  34.6316  18.3390  83.9770  13.9221  49.7855  39.0298  77.0319  21.7303  21.2693  34.7662  69.8994  78.7613  48.1476  76.6349  22.3202 101.1158  53.7518
 26.8340  34.4710  55.9233 114.4975  42.9711  89.3937  54.0875  75.2948  58.2642  23.3364  64.6104  21.7365  49.6558  34.0013  34.8918  59.0531  31.1474  40.8073  20.7285  65.7162  24.3560  11.2315  80.8335  28.1414 100.0491  88.3759  50.6471  60.6925  55.9056  80.5414  57.2711 107.7659  67.6264  74.0202  65.7048  85.7689  71.5120  25.5061  91.4367  39.7366  82.5441  61.8112  82.5598  42.1918  35.3380  44.4530  88.4554  63.4750  65.1283  38.7823
121.2489 107.1897  84.7551  50.9418 199.6158  31.9508 187.1777 101.2215  80.9528 163.5896  65.1248 127.2205 174.5881 133.7716 114.7738 207.3341 119.6044 223.8079 158.1630  57.1636 194.6743 165.1501 122.4612 188.3880  97.9010  85.5981  80.1652 242.3128 194.9286  76.4895 136.7972  29.1407 159.5085 180.5550 100.8399 125.1988 106.4748 119.6929  22.6771 221.3568  65.4850 128.1484  37.8841 217.4455 175.6120 182.4409  98.4583  89.6653 251.0909 104.4391
116.6210  97.7818  74.6733  98.3697 228.8816  44.2095 214.8906 116.6193  70.2887 179.0569  47.8375 125.6047 197.0696 136.6260 108.5159 242.4604 114.9410 261.0622 171.0312  28.9481 220.7104 179.3081 148.2630 211.6701 133.8012 101.4913  58.8608 290.0500 229.1756  81.5701 153.4760  74.0147 188.2721 212.6975 102.7466 155.0446 114.6786 114.4979  35.4066 257.5361  69.0215 138.7595  27.5970 252.4417 198.0289 206.3143 124.1503  84.4436 302.1699  95.6670
189.6878 154.0359 113.6328 214.1714 285.2904 116.6528 292.5541  62.2624 111.9354 176.7578 118.0873 169.9167 278.6363 222.6865 196.8530 310.5785 197.4594 269.7312 175.3232 136.4783 225.2035 195.8245  51.7337 259.0382  31.6188 234.8752 150.9194 250.2416 169.5368 216.8959 102.4026 187.4181 105.4653 309.4116 226.5234  43.3894 239.4491 172.4852 164.6796 272.8945 206.6514 250.9927 169.4163 286.1589 173.2420 278.0115  41.1509 210.1349 261.4250 141.0178
 60.7410  87.8742 130.2208 218.0445  44.7880 186.1607  66.8205 171.2771 134.0773  77.7104 142.5002  67.5450  60.9649  53.4564  68.9123  74.2317  62.6217  70.0578  73.6282 140.2097  60.7455  53.9523 183.6671  20.0470 216.1082 160.2716 111.5645 128.1043 135.7989 148.7657 141.3334 209.4279 161.0811 108.1612 116.0500 192.9000 124.1006  68.9387 181.6120  63.3360 155.2844  99.7486 163.6764  53.4058  98.5441  48.5163 195.1688 116.6357 134.1723  98.5431
 78.2839  86.6949  92.8751  50.2849 104.7554  84.5055  86.0169 119.5672  92.0206 122.2809  83.9471  93.7393  79.4469  69.7540  68.5800  99.7409  72.3149 140.1743 117.9351  72.7214 130.4655 114.9303 134.5489 106.4819 130.2467  16.4652  72.6502 169.9076 155.4267  26.9287 129.1844  58.2952 146.6673  67.7419  34.6175 138.5117  28.4419  86.4284  59.2340 135.8709  32.1284  43.3881  53.3977 124.6977 135.0997  89.0240 125.1978  39.2969 174.4846  91.1748
 73.3682  72.0601  86.4568 163.4535  78.0951 125.7113  97.4889  93.2711  89.1987  32.0358  99.2729  60.1984  95.2543  83.4963  82.9048  97.5222  79.0829  41.2773  36.0849 104.8203  25.5863  36.4330  91.2079  62.6456 119.3820 140.1132  91.3154  22.0066  29.7685 130.9469  63.5051 153.9784  62.5709 122.5986 116.7464  95.4231 123.3121  67.2097 135.4603  46.3063 131.9670 113.2729 127.5001  62.8602  24.9131  87.0085 106.8345 113.3350  28.1924  72.3616
 77.7351  60.6098  55.3214 144.2034 119.9737  90.8632 131.7115  43.9511  57.3437  46.8103  68.8833  59.9701 125.3506  97.4142  86.5831 138.5191  84.5244  99.1342  48.0834  79.6268  73.2452  60.9936  36.3623 102.5272  68.1040 135.2722  74.1069  82.9357  35.4738 123.8173  14.3510 130.4792   6.2584 150.3643 118.1533  40.0732 126.5037  65.9412 111.1953 102.2324 121.2500 124.6696 106.8556 113.9844  39.7915 121.1479  55.7877 110.4167  89.5603  54.5638
141.7235 143.6940 172.6417 307.3650 135.1409 243.2165 172.6620 187.4838 177.6017  73.0922 195.1555 120.9268 170.4290 156.0067 158.2767 169.7753 151.1638  61.3494  79.6505 203.9360  46.4855  75.3005 184.4102 109.4833 234.7909 261.6389 178.3689  25.5489  72.7864 245.9214 134.3597 291.3981 132.9697 219.7588 218.2444 192.0704 229.3546 132.9146 258.3584  71.5969 248.7146 208.9797 243.2634 103.5505  64.0515 154.2785 212.1152 213.4621  34.9804 145.5924
115.1151 108.0970 100.8964  93.5060 225.1908  81.4458 204.3361 154.5602  97.6783 196.1899  76.8907 134.3684 185.4946 126.5243 101.1206 234.7516 109.3077 271.2608 186.9866  52.1661 233.3632 190.8944 187.9764 211.4690 177.4713  73.4900  66.6412 312.6758 257.7539  51.5159 184.9805  77.3989 223.1591 195.7445  76.6694 196.1047  87.8730 119.9789  43.9012 265.8829  39.3490 116.7776  20.1327 255.4262 219.7959 198.0025 165.7261  58.5227 324.9138 111.1356
167.5655 183.3687 227.1245 368.1958 119.6839 308.1374 168.0890 257.1640 232.8925 113.2872 250.6338 153.9506 169.8890 171.7494 183.9566 158.1567 175.3953  23.7491 117.6508 256.0354  57.3443 100.0454 259.2508  97.3137 314.7148 302.9185 222.3263  69.9776 139.4297 287.1714 199.1812 353.4889 204.9439 226.5955 248.9053 269.3071 259.5770 164.9267 316.1500  36.5669 293.4402 229.6960 295.8881  75.2436 115.9690 148.4831 287.4507 247.5158  70.6903 190.1578
 87.2681  79.5135  95.6365 207.0141 114.0128 150.4119 136.6711 103.3063  99.4225  25.4447 114.0370  65.5658 131.2547 106.3061 100.9486 140.6417  96.1140  74.9747  31.4776 123.0679  43.0720  40.6522 100.8429  90.8485 139.9182 179.0147 105.8842  57.3819  27.0379 165.3442  61.7914 192.6016  62.9219 168.3998 148.4397 106.9475 158.3997  75.8149 166.4839  80.1014 165.5723 147.6257 156.2791  99.1115   8.4966 121.8756 122.3181 141.9862  66.2086  78.1347
107.2216 132.8585 184.0764 312.2553  69.8268 261.8448 112.8605 228.1503 189.5720  89.7818 203.9758 103.2921 110.1874 106.2462 121.6537 112.5068 113.0514  50.4242  88.3593 204.9895  46.5113  61.8933 238.6712  35.6644 287.0219 241.8002 168.8546 126.1433 152.5707 226.3141 180.0582 299.3320 198.5887 170.3890 185.8747 250.0975 196.5853 110.4751 262.4050  43.9408 233.6759 165.9152 240.4000  49.4615 109.7785  90.2446 259.4214 185.3960 132.7634 143.6243
 16.4333  23.3198  54.0676 129.8121 102.7163  94.9633 100.2307  98.1820  56.1751  76.0003  58.6252  31.5804  87.7148  39.4375  17.0836 118.0026  18.3092 124.4867  69.3232  54.0813  97.7045  68.7946 116.1017  87.4436 132.4049  92.6857  28.9846 154.4705 125.7732  77.8644  92.8793 118.6162 118.4266 113.6314  61.0857 123.9273  72.8000  20.3975  92.2119 121.3219  79.1340  69.5061  77.2478 117.3823  94.9541  89.9676 116.2320  52.3724 162.6398  33.6752
 33.5958  53.7009  75.9157 100.3520  48.1313  96.9480  35.5636 106.8830  77.1069  75.5261  76.5493  51.1712  26.3850  13.8388  26.7372  50.2270  27.3076  83.7184  71.3688  69.6956  76.2462  63.8320 119.2107  47.6231 129.9224  60.2081  55.1852 118.5604 113.4410  55.3540 100.6583  98.4740 117.1899  40.5293  33.3668 124.7041  36.5312  45.4425  84.8468  78.9814  61.1397  20.4130  73.3341  67.5407  89.9342  33.0147 119.1570  37.2913 122.7883  61.4177
 14.2431  17.4145  24.9248  42.3230  44.0232  34.3518  39.9471  42.6213  25.1474  39.3196  23.4363  21.9395  34.7854  17.1059   9.7769  47.8235  12.0764  56.4882  36.7060  19.0130  47.0951  36.1873  50.6271  39.8585  53.9760  26.6962  11.9822  69.7584  58.6293  20.9021  43.9441  38.8852  54.2663  41.4502  15.2549  53.4934  19.9634  17.5620  29.4587  54.8650  21.6408  21.4194  23.1260  51.8429  46.7168  37.2801  48.5531  11.1200  72.8789  20.5360
131.1161 100.7529  70.1647 176.8467 209.8740  92.6789 218.1205  25.3125  69.8965 115.6077  79.7715 112.1589 206.7193 159.9666 138.8697 232.4762 138.6066 194.7959 114.4809  96.8974 156.8627 132.1061   9.2115 186.9481  37.9137 183.2788 103.4796 179.7476 112.1120 167.1296  52.3774 154.6717  58.5778 235.4942 170.3064   5.3645 181.9021 115.5365 130.9161 197.5438 159.8798 188.3423 130.9678 209.3129 112.8841 205.0509  24.2407 156.7934 189.3582  89.5205
  5.4226   7.4560  12.8765  25.9323  23.0023  19.9842  21.5213  22.6924  13.1643  19.2383  12.9226   9.5940  18.7006   8.3522   3.5532  25.6793   4.6114  29.0471  17.7855  11.1474  23.6183  17.4977  26.8854  20.2465  29.5904  17.4190   6.2278  36.1473  30.0710  14.2310  22.4821  23.7862  28.1326  23.4139  10.6340  28.5378  13.2115   7.1554  18.2910  28.2243  14.6172  13.0524  14.8799  26.8693  23.3793  19.6726  26.3159   8.6488  37.8907   9.4533
126.9037  88.6822  46.0918 187.0268 231.2500  84.2484 237.4328  11.1603  45.2744 125.5864  58.0754 107.2753 222.4132 162.3277 134.7514 257.2222 135.2324 223.9059 121.9246  79.8554 177.0485 141.5334  39.8821 204.2724  58.9164 188.8236  87.7417 219.4143 141.8666 168.2970  59.8532 160.1567  85.2906 256.1068 171.7358  47.5467 186.3272 108.8335 127.5960 225.5671 159.6897 195.1372 125.0031 235.7158 129.8144 222.0948  35.1618 154.6633 231.6405  74.8138
 38.5139  38.7590  47.2532  87.3291  38.8122  68.1638  49.4634  51.8366  48.7229  17.7629  53.9261  32.0924  48.4904  43.2060  43.4898  49.1584  41.4033  18.5938  19.7269  56.5586  11.2823  18.7550  51.1503  30.7799  65.9235  74.1044  49.0395  11.1441  19.2416  69.3656  36.2414  82.5278  36.3225  63.1080  61.3830  53.4760  64.7600  35.6969  72.7204  21.3278  70.1038  59.0071  68.2899  30.3065  15.2681  43.9212  59.1819  59.8174  14.1453  39.2627
109.6059 147.7066 204.7811 315.3483  33.9789 278.7848  77.0644 259.8888 209.9268 127.8262 220.7637 120.4412  75.9379  91.9008 117.9625  77.9966 110.1944  84.8647 123.7046 216.6783  91.6633  95.8214 275.8766   5.0961 320.4173 232.9018 178.2614 175.3696 201.3915 219.6288 217.6192 305.8147 242.2657 139.1421 173.3691 288.2753 181.9307 122.1701 269.7667  72.7074 229.8906 145.3006 245.2084  46.9274 153.3320  53.5134 292.1569 177.1048 181.3865 162.1921
 43.2560  64.8999  88.8444 109.9192  75.7166 109.4095  58.6669 128.1775  89.8000 100.4820  86.9506  66.1093  47.4004  24.6941  31.4178  77.4000  34.4703 118.2296  94.9503  76.7190 106.0839  87.7408 144.9277  74.0821 154.7152  60.0247  61.0000 158.9884 147.2861  53.6336 125.2264 107.9781 146.9982  57.2325  26.2191 151.5722  31.1243  57.5044  91.8142 112.6996  60.9531  16.4110  77.5035  99.5038 118.3980  56.6777 142.2630  31.4312 164.7228  73.9851
 48.4271  53.2768  57.0361  32.5079  72.8168  51.6580  60.7898  76.5664  56.3819  80.2876  50.4431  59.1286  55.3082  44.1599  41.4916  71.1802  44.3649  96.3198  77.0902  42.2184  87.7511  75.5838  87.5465  72.4535  84.7286   1.9492  42.3957 116.3514 104.0166   8.6292  83.8689  35.8205  96.7032  50.6632  17.6227  90.4594  15.1377  53.7571  33.9161  93.4786  12.8667  28.0733  28.7708  86.4354  89.4654  61.6931  80.8129  19.1470 119.9000  56.2836
 75.7564  95.4866 117.8830 121.1171 138.8422 130.9802 113.5523 172.2694 117.8730 158.1009 108.7313 105.4653  98.1826  62.3816  57.5752 140.0633  64.4912 195.1600 150.0199  90.7416 173.7720 144.0518 198.1739 135.1925 203.3920  52.7003  77.2445 247.0346 221.0605  42.2355 178.7870 119.5652 210.8229 101.7784   5.9331 206.7928  20.1619  91.9645  99.7307 188.0877  52.7895  34.7854  80.3151 171.3975 182.3350 112.0700 188.6265  14.8400 255.8111 105.8718
 56.4398  80.7194 122.6831 216.9661  54.8655 180.6317  76.9574 162.3304 126.6966  67.2194 136.1231  59.2492  70.3409  55.2327  66.8610  84.7528  60.1640  68.8215  63.0992 135.0724  53.3209  43.5094 174.0459  28.2588 207.5681 161.7302 106.4090 121.7161 125.7167 149.2511 131.1725 207.1737 150.6109 117.1155 117.8477 183.2604 126.8003  62.0567 178.5238  63.4917 154.9733 104.1981 160.9383  58.8175  88.2534  58.7324 186.4216 117.0072 128.3834  90.7791
 84.0885 107.3017 132.3098 139.5876  58.6328 151.5986  31.0232 167.2824 133.5208 124.6915 131.8959 102.6387  31.8646  61.1717  77.1411  41.5535  77.5257 112.2051 120.7253 122.8076 115.6005 109.2689 181.1162  72.3967 192.6185  89.5557 108.2117 160.1989 166.7777  90.7261 159.0578 142.6947 176.7369   3.7108  68.3076 187.3181  64.8125  97.2088 132.2903 105.2004  99.3564  46.0269 119.9802  85.1575 140.3575  42.4941 180.8738  77.8071 163.2329 116.0352
111.9287  82.2185  45.5893 141.4726 196.5391  57.5648 199.4217  16.7711  43.5332 115.7908  48.1662  98.7236 187.1607 139.0154 116.5319 215.9705 117.6272 193.3842 112.7059  64.3659 156.4205 127.8405  37.2039 175.8960  33.0640 149.8457  76.1633 190.3790 128.1824 134.0306  63.0557 119.3990  81.0338 211.6016 140.5291  40.3838 151.6647  98.7461  95.5040 194.4576 126.0878 161.2831  96.1213 201.6045 119.3720 187.9539  17.5540 126.6212 200.0786  71.7117
 62.9026  81.3164 126.0523 244.7574  80.9199 194.9753 106.9420 166.0108 130.8829  53.8846 143.8017  55.1122  99.0175  73.0167  78.4631 115.3500  70.6601  75.3001  49.6502 145.5985  45.2028  27.3678 177.0093  49.4915 217.3849 188.4565 114.1672 121.7406 119.2887 172.8762 127.4866 231.5146 147.7273 150.6019 140.7086 187.1999 152.1152  62.2535 198.0522  72.5238 177.6706 130.1063 179.3647  77.2479  77.3126  86.6562 193.3219 137.2117 130.3172  90.5097
 10.5883  12.5936  15.9938  21.2878  25.6761  19.2544  22.5394  25.7024  15.9869  24.7825  14.4508  15.1388  19.6724  10.8052   7.7229  27.1056   9.0660  33.6774  23.3294  11.4225  28.8148  22.9044  30.3312  23.9136  31.4229  11.8737   8.7437  41.5440  35.5441   8.7307  27.1336  19.8551  32.9074  22.1622   5.8860  31.8662   8.4773  12.7009  15.1507  32.6650   9.3939  10.4433  11.5501  30.5649  28.9171  21.5005  28.6812   3.2596  43.2456  14.2106
 47.7850  51.8568  67.6955 122.7621  43.1616  98.3019  59.1630  79.0247  69.8693  25.0432  76.7123  40.9497  57.9242  52.2793  54.6476  58.6948  51.4253  16.9132  26.5420  79.1631   4.1326  20.2811  80.3210  31.1032 100.6417 100.3261  66.8186  28.6380  40.0888  93.7762  57.8905 116.5934  61.4565  79.8580  80.5704  84.1988  85.2082  45.5229 102.3012  19.5865  95.5499  75.5091  94.9928  31.3676  27.6430  50.8941  90.4168  79.0745  31.7864  54.0413
 30.9270  39.4400  48.0065  44.7489  35.5900  52.5534  24.8369  63.7343  48.1874  53.3883  46.0962  40.0679  21.7024  22.4057  26.2119  32.0330  27.4233  56.6016  51.2356  41.1441  53.9616  47.7982  70.8055  38.0650  73.2517  22.5079  36.4689  75.0655  72.2579  23.3563  63.6274  46.3733  72.4133  15.7199  14.6304  73.3813  12.0301  36.6571  42.5086  53.9483  27.2974   7.1599  37.3209  46.8584  60.5904  27.0930  68.8116  19.4328  77.0770  42.9583
 34.4529  28.9786  41.7146 108.1589  61.9222  75.6244  72.1055  52.8742  44.1045   6.3501  52.4466  20.3586  67.4609  47.9333  42.8576  77.0663  40.0984  50.0812   4.2584  56.9669  28.9094  14.4698  55.4905  47.8036  76.3190  90.5054  45.5136  52.7853  33.6075  81.9825  32.0879  99.6465  40.5971  89.1069  71.9993  59.9165  78.3200  26.7032  83.5604  51.2681  82.1011  72.7890  76.8484  58.3237  15.5360  63.3052  65.2560  67.6899  57.9727  28.8357
122.1321 151.9698 200.2392 300.6618  37.7619 266.7204  83.7876 243.9020 204.9354 120.6451 215.8226 126.7307  87.9635 109.1349 130.7463  73.8390 123.8066  52.5788 119.1570 213.7895  77.4023  94.9414 254.9117  30.1272 296.8710 229.6333 180.7206 136.9591 175.4795 218.5559 202.3148 292.2630 219.5584 138.9962 178.6945 265.3852 185.5817 130.4258 260.9698  40.4422 227.4192 153.3373 240.0474   9.8681 138.2349  67.1960 272.0919 182.1652 139.9162 163.3587
 25.6188  25.6604  24.9695  12.3140  43.4236  19.2959  38.3409  34.4701  24.3740  41.5147  20.5025  30.0405  35.0435  25.9939  22.4669  44.0223  24.0629  53.6663  39.8060  16.0482  47.4948  40.0513  40.5777  41.8432  37.7774   8.2200  18.4074  62.3835  53.1989   5.7516  40.2517  11.6957  47.1982  34.8266  13.5633  41.9789  14.3340  27.2636   9.3763  52.4678   2.8123  20.9681   6.9260  49.7924  46.0297  37.9072  36.1011  11.5713  64.5307  26.5143
 86.1652 108.5878 135.0097 157.1992  37.8184 160.3504  21.3748 166.3921 136.7338 113.3022 137.7518 100.1496  30.4381  66.1545  83.0646  15.9881  81.8046  87.4917 110.4902 131.2361  97.5173  97.7713 177.3569  55.6240 193.0413 110.4778 114.9900 135.3509 150.6866 109.6659 152.5647 158.2927 167.0189  32.6210  86.7836 183.3837  85.5386  97.1866 146.0467  80.5409 117.2810  65.8216 133.9594  59.9830 126.7653  31.6880 180.6777  94.1588 137.0807 116.8009
117.6641  85.9873  50.7360 161.4230 203.4784  74.3923 209.1129   5.0912  49.8114 113.0451  58.8783 100.8143 196.7287 147.0532 124.2472 225.3264 124.6305 195.1371 110.5298  76.6686 156.0144 127.4633  24.5059 180.8130  38.1932 166.7634  84.9539 187.8748 121.1838 149.9424  53.5851 138.6122  70.3397 224.6533 154.0802  29.0489 166.0490 102.5191 112.9227 196.9102 142.3257 173.9512 112.3326 206.2822 114.6379 196.3030  17.7956 139.8286 198.0023  74.4488
164.2008 167.1616 163.3041  44.8997 247.4851 124.4460 216.3740 209.9808 159.9843 248.5887 139.2449 188.9915 200.3013 161.1538 146.6693 245.7995 155.0077 306.8183 239.7030 116.6675 277.3752 239.8497 241.6245 242.8806 222.0886  41.5446 130.0468 355.4500 309.7581  47.4168 242.5050  59.4586 278.2733 189.6382  89.6259 248.3108  87.3518 174.3879  69.2432 299.8980  40.7741 124.1073  65.7668 283.3727 272.3321 217.1826 215.9864  85.5016 366.3054 171.9103
140.2536 118.7812  89.9176 100.9852 263.2235  40.7901 247.2314 130.5640  84.6818 207.2656  59.6116 149.5123 227.6863 161.9132 131.2933 277.6501 138.3917 298.4685 198.5975  42.0955 253.8225 208.3135 165.1690 244.5056 144.0774 115.0004  76.5272 329.0422 260.3263  94.5420 175.1884  72.2530 212.6917 243.2949 121.6459 171.8938 133.8219 137.6076  30.7282 294.6943  79.5397 162.0003  30.8108 289.2289 227.3810 238.1867 135.8831 102.0567 342.4261 115.6885
 91.0458  87.5579  82.5726  59.7176 168.4198  63.5062 151.4467 120.7245  80.1363 151.5168  64.6474 106.2493 137.8705  97.0722  79.9816 173.8402  86.1249 204.4108 144.7819  46.8068 177.6973 147.1061 145.1157 159.6368 135.5728  46.6175  57.6520 235.9458 196.7393  31.9741 143.8095  50.1209 171.5416 142.4464  55.4878 150.8400  62.0376  95.5700  29.8267 200.2188  21.4730  85.3321  14.1681 191.6087 168.9124 147.8123 127.9450  43.7571 244.7648  90.0611
 19.1025  30.9863  45.0081  65.0448  18.4625  60.0375  15.2124  61.5922  45.9663  37.6171  46.9276  27.0973  10.6326   9.0806  17.9391  22.1528  16.9473  38.1652  35.5638  44.1725  35.3004  30.1509  67.5972  17.6338  75.7358  42.9903  34.9833  58.8643  58.8196  39.9609  55.2933  63.4153  63.7569  24.7982  27.7727  70.7729  29.7443  25.0769  55.0324  35.3824  42.9519  20.3842  48.5664  28.8118  45.5532  11.3071  69.1412  29.3617  61.0206  35.3481
147.7593 149.9504 176.3230 301.4791 135.2953 241.7190 171.3631 188.4226 180.9104  84.3808 197.3278 128.8577 170.3269 159.9478 162.9365 166.7980 156.3148  62.7664  90.5625 205.6613  58.2049  86.4527 184.2853 113.2304 231.7329 258.6102 182.0599   8.7643  76.7936 244.2304 138.5165 286.7168 134.8077 215.8270 218.1433 191.0591 228.2175 139.9118 256.1142  72.9126 246.9787 208.6302 242.1492 103.4181  74.5528 154.7565 210.9036 214.0473  15.5604 151.6099
 14.3781   8.8551  33.1062  97.6247  66.4959  67.5476  70.0498  58.2495  35.3599  34.6967  41.1462   5.9548  62.7174  33.3641  22.6614  79.7278  20.6041  71.8876  30.3771  42.3117  51.7958  31.9137  67.6731  53.5534  83.1878  75.5894  26.5648  87.0114  66.8201  65.7618  48.4934  89.0355  64.2436  83.4531  54.8641  72.9734  62.3930   3.2932  70.9747  70.7995  66.1139  58.4230  62.1335  71.5979  46.7685  61.6516  71.4813  49.3828  92.5675  14.9308
 26.7035  16.1451   5.6941  49.5249  55.5660  23.8276  57.1857  11.0926   6.3134  28.3513  11.8845  21.4367  53.0615  36.5449  29.0428  62.6388  29.0762  54.7247  27.0000  17.4851  42.0932  31.8500  17.5669  48.2684  24.2769  46.7283  17.1107  55.7371  36.4274  40.9732  15.4220  42.7114  24.3669  62.6195  40.5133  20.1730  44.6369  21.7088  33.0229  54.9458  39.1187  46.2731  30.9968  57.1997  30.8341  52.9448  17.9503  35.9926  59.0708  12.3153
107.7439 118.2344 130.1004 108.0391 197.9131 126.4766 169.7484 190.5069 128.5332 201.1379 112.4080 137.3767 151.5318 103.4591  88.2057 200.9535  97.0761 258.1362 191.5592  88.3735 227.7928 189.1133 222.9237 190.6809 219.7238  41.6598  85.2653 312.1130 270.8319  19.6814 209.6786 104.9447 248.1646 153.6121  34.3660 232.1071  43.0179 121.3620  83.3412 250.8028  27.0298  75.5981  61.6429 234.1117 228.0166 167.2687 205.5664  22.9225 323.2890 126.8574
 32.2575  23.2596  12.0378  41.9338  58.0994  16.6124  58.8652   5.4479  11.3825  34.0711  12.8350  28.4015  55.1225  40.4601  33.6056  63.9376  33.9572  57.5222  33.0567  17.8280  46.3443  37.5347  12.2931  51.8867  11.8649  43.9388  21.2971  57.1387  38.5864  39.0964  18.7961  35.2894  24.7727  62.5186  40.9303  13.5361  44.3332  28.3123  27.8012  57.7854  36.7371  47.2089  27.7627  59.7984  35.4370  55.4057   7.2032  36.7048  60.0863  20.1017
 64.9630  73.6466 103.2013 196.3469  66.9119 155.7008  91.4221 126.7851 106.9249  34.7770 118.0359  54.3296  87.6063  73.3913  76.9242  93.7504  71.2863  40.1188  35.0643 121.3219  12.1147  19.9599 131.5143  43.9221 164.6096 156.9200  99.2765  67.6252  74.0097 145.4015  93.2249 185.8832 103.4942 125.7944 122.4819 138.6235 130.7700  61.7021 161.0886  41.0618 148.5223 114.5007 148.0631  53.8198  46.3815  76.6227 146.8079 119.6913  73.7507  78.4152
131.5776 135.7885 169.5451 310.6008 127.2469 244.9386 166.1824 190.2210 174.8726  62.4713 192.9546 110.6060 163.0205 146.2946 149.1497 164.7348 141.4707  55.1923  68.5542 201.1810  28.8050  60.7867 189.7872  98.3716 241.8894 260.1358 172.8541  48.5419  80.2106 243.4696 135.3732 294.1356 138.7622 216.0296 213.3070 198.5943 225.1485 123.0544 258.9109  64.5607 246.7811 203.2008 242.2083  96.5330  59.1010 146.1784 217.2799 208.4382  57.8497 138.9030
 86.2515 111.8173 146.0791 198.5349   7.7216 186.3392  30.5014 181.2922 148.8736 104.7109 153.5898  97.2606  37.2814  68.2762  87.6764  21.0168  84.1102  67.5564 102.1809 149.0047  80.8901  85.5012 192.0300  30.8814 216.7864 144.6754 126.6068 126.4374 148.2001 139.3826 157.9675 195.5646 173.2795  68.5829 110.3308 199.4978 112.8669  96.5694 176.1705  59.0235 147.0607  88.4806 161.0903  34.1842 119.8283  23.9897 200.2519 115.6048 128.6848 121.2084
 21.1201  27.4641  37.2144  56.4776   5.5438  50.1116  14.1561  46.4118  38.1176  22.9230  40.0866  22.6391  14.4922  18.1745  22.6378  13.3093  21.2919  12.9847  22.3765  39.4800  15.6536  17.5263  48.9549   2.5863  56.8755  42.2558  32.8827  29.1633  34.9423  40.0347  38.7495  54.8567  42.6823  25.0740  32.0640  51.0711  33.4654  23.1031  48.6685  10.7365  41.8186  27.0762  44.4624   5.6365  26.9807  10.4291  51.9873  32.7635  30.0212  29.8767
 16.7410  23.1560  32.9335  52.4787   7.7235  45.7301  14.0602  42.3752  33.8204  20.0864  35.7222  18.4630  13.3304  14.2239  18.3590  14.9546  16.9759  14.9766  19.2937  35.1005  14.7148  14.5794  45.1533   1.8010  52.7449  38.6756  28.5016  29.6569  33.0275  36.2359  35.2405  50.6902  39.5893  24.2913  28.4507  47.2807  30.0861  18.7822  44.4038  13.1181  37.8891  24.0619  40.2224   9.7503  24.6325   9.8583  47.9025  28.8812  30.8499  25.6257
 65.2931 103.3175 145.1787 189.0931  98.6570 183.9813  73.4811 205.4853 147.3071 148.6465 145.4812  99.9230  55.7699  28.5200  50.6449 102.1261  52.5960 167.1050 140.4577 131.6044 151.6816 126.6030 229.8624  97.4451 249.3674 111.2589 104.2421 233.7264 221.9966 101.8618 195.0927 185.6672 227.5444  79.7875  59.2360 240.4373  65.4805  88.2493 159.6139 158.0468 113.1500  35.1081 137.3286 136.1969 176.5741  69.2099 228.8485  67.0640 242.0703 118.1364
 39.2828  42.1294  87.4488 219.9810 117.9065 159.7961 132.9003 131.1443  92.4487  49.0470 106.3630  14.4810 120.2416  70.1795  58.8260 148.5415  52.0325 118.7883  40.4299 110.0841  77.9827  38.5217 145.6388  88.7620 183.4178 171.6149  78.7544 149.8037 118.3054 152.9309  99.4671 203.4418 126.6629 167.4204 126.7212 156.3141 140.8994  25.9669 167.4873 117.2555 154.9955 127.1214 149.5328 122.0303  75.3956 113.9589 158.9383 118.2354 160.6155  50.7009
145.2363 105.9896  53.7181 173.7765 265.3686  57.8218 265.5383  42.9563  49.1864 164.3757  48.2394 131.9471 248.0058 180.7754 148.9771 289.9398 151.5517 269.1816 158.9366  68.8260 219.1400 177.6833  74.2069 238.5778  60.6018 186.1710  90.0605 272.8090 190.8169 164.4579 101.0511 143.2818 130.2510 278.6482 175.9956  79.3832 191.0443 129.3758 109.5415 269.5405 152.9309 206.7507 110.5798 276.2447 173.1957 250.8722  45.8036 156.4748 286.2205  92.8860
 76.6221  77.6837  75.1738  15.3769 107.4523  56.6503  94.4354  91.8803  73.7481 109.2981  65.4028  86.2503  88.4935  74.8847  69.7510 105.7429  72.9798 131.5202 105.8640  56.9626 120.4169 105.9464 104.0929 106.3566  94.4058  26.4507  63.1142 150.6977 132.7099  30.8888 105.9122  26.2781 119.6346  82.0868  46.5393 106.4027  44.6494  80.6072  35.6499 128.7341  28.8744  58.7805  36.6474 121.8808 118.4176  95.4193  93.1201  45.7680 154.8921  79.3385
122.5900  91.1215  68.7664 201.9273 201.3897 114.2992 214.2506  36.9806  70.5536  93.7317  86.5592  98.2055 202.7918 154.4152 133.7173 227.9014 132.0712 179.3380  93.3625 104.9384 138.1206 113.1915  24.0637 175.3671  73.0625 197.0228 103.4181 161.4243  88.6002 179.0342  23.9648 179.1989  33.0700 237.8257 176.0405  31.2260 189.0661 104.4225 150.3704 182.8784 173.1625 191.2474 146.3028 197.5476  89.0288 198.9493  53.7849 162.4315 171.8884  79.4768
 59.5277  46.0069  29.0196  61.2833 119.3922  17.8814 114.5618  48.3719  26.4121  86.0801  14.6302  60.7495 105.4215  72.8395  57.3613 128.2182  60.0552 131.7068  82.2101  10.6035 109.4760  87.9240  64.7041 108.9605  58.1751  63.5997  28.1618 143.2814 109.3676  52.9233  68.7255  47.5566  86.3296 116.2215  61.2248  68.1788  68.0971  56.1128  28.2186 130.4416  46.9258  78.6139  26.0800 129.5611  94.7363 109.0832  52.4654  51.4785 149.6927  43.2190
 69.6253  80.3933  91.2360  71.8468 115.2062  90.7996  95.2210 128.6639  90.5737 127.9758  81.6032  89.7472  84.6917  61.5877  56.8690 114.2271  62.0322 156.4288 122.1697  67.3011 140.7511 118.8831 148.0540 113.4416 147.2599  20.6155  63.0860 192.8485 171.9108  15.6627 138.0006  73.3553 161.2150  81.5495  13.5484 153.7921  13.2439  79.9865  63.2724 151.3667  25.1754  36.0355  50.8476 139.1428 144.9272  95.5092 138.3757  17.0751 199.2471  86.6995
 92.0003  74.7779  83.1102 209.6778 140.8060 141.6727 160.7878  85.2382  87.0133  34.5000 103.7792  65.8126 152.8588 117.6542 106.3697 168.5549 102.1203 107.8531  37.9639 115.9732  70.6639  55.5863  81.6824 115.3858 124.7830 186.2077 100.9050  90.2834  32.7296 170.3594  39.0438 192.2186  42.6189 191.2324 156.3530  88.3969 167.9690  76.4019 163.6155 112.3234 168.8811 160.5678 154.1820 129.8995  22.6944 145.0396 105.6461 147.2248  99.9884  69.8523
 99.7465  81.6199  61.7775 100.4275 205.6155  46.3002 193.7625 104.5304  58.0072 157.7731  37.7145 107.6443 177.1064 119.6776  92.8453 219.2408  98.6273 234.4924 150.2301  18.0174 196.6157 157.8799 134.0415 188.9093 124.6437  96.4428  45.2400 261.5826 205.4390  76.8500 135.9231  78.5515 168.8311 193.7691  92.5209 140.8875 104.5952  97.3165  42.4481 231.2828  66.4049 125.0139  31.8327 226.9383 175.7575 185.1286 113.7747  74.9957 272.8974  79.8338
 46.6020  46.0049  43.2986  10.3033  73.1366  30.3423  65.0299  55.9375  42.2081  69.9634  35.9324  52.8983  60.1776  47.1882  41.9478  73.5785  44.3368  88.7541  67.4273  29.6297  79.3637  68.0808  65.1143  70.9777  58.7425  16.0554  34.7737 101.5052  86.8675  15.3381  66.3527  11.7663  76.6218  58.5878  27.7743  66.9320  28.1008  48.8136  14.2973  86.9625  11.7938  38.5378  14.3662  82.8834  76.5181  64.6942  57.2522  25.3870 104.7706  46.9059
 89.5629  79.1278  72.5603 103.7432 195.0148  69.7718 180.2049 123.9156  70.0087 159.3147  52.6746 103.9317 162.9586 105.3346  79.3385 207.0487  86.1371 231.1918 151.0475  30.2688 194.9345 155.7488 153.9231 179.9212 149.4617  82.6090  40.9497 265.7350 214.3942  61.3682 148.5894  86.2817 183.4011 178.4357  73.6101 161.8054  86.4422  91.4454  51.5206 226.9359  53.1305 107.1701  32.2845 219.6938 180.2880 172.3395 136.4865  55.4156 277.0228  81.2108
 82.7991  73.2659  67.6239  97.4142 181.1738  65.8476 167.3719 115.8121  65.3001 148.1049  49.3134  96.3399 151.2752  97.4726  73.2172 192.4179  79.5698 215.0065 140.3783  28.4624 181.2284 144.6820 143.7818 167.0988 139.9294  76.9964  37.6962 247.3884 199.6748  57.1269 138.4925  81.2492 171.0018 165.8160  68.1097 151.1764  80.1573  84.6476  48.8791 211.0186  49.6240  99.3306  30.8382 204.2229 167.7431 160.0153 127.7036  51.1059 257.9121  75.3283
 24.0666  25.4074  35.7155  73.3607  30.0868  56.1626  38.6512  43.7201  37.1650   8.1635  41.7677  18.2849  36.7583  29.0930  29.0231  40.1527  26.9376  19.6294   8.5761  43.5794   6.7675   4.4355  45.1861  21.2235  58.1477  59.6406  35.5348  25.4878  23.7648  54.9358  30.4862  68.9194  34.2756  51.0985  46.9447  47.8659  50.3757  21.6269  59.2666  20.4213  55.7683  44.9850  54.5622  25.6522  12.7361  33.0068  51.3431  45.3552  28.2441  26.6701
 89.3306 111.8024 134.1540 118.4720 116.9283 143.4608  87.0102 180.9773 134.3050 158.9159 126.6418 116.5197  76.2732  67.6685  74.1988 109.2485  78.8096 176.2773 152.2230 110.9768 164.8793 143.7432 202.9295 121.3237 207.6312  51.8400  99.3023 228.4221 214.8084  54.1890 184.2020 123.1693 211.1817  62.9994  30.4375 210.4231  20.7680 105.6025 112.0705 168.8413  66.0676  20.4564  96.8245 149.4630 180.3526  91.6602 195.1407  45.1302 234.9935 121.6705
 20.7348  22.2697  36.1697  81.9567  37.2678  61.1756  45.1736  48.4063  37.9332  10.4393  43.2208  13.2004  41.8134  28.6665  27.1118  48.8415  24.5978  32.0141   8.2638  45.0250  17.5046   4.2012  51.7429  26.5198  66.2898  65.2396  34.7817  41.4315  34.0993  59.2014  34.5000  76.4377  41.6531  58.8986  49.7353  55.2381  54.2310  17.2884  64.4149  32.0306  60.0933  48.4212  58.4770  35.6001  19.3437  38.3412  57.8972  47.3831  44.9722  24.3403
 11.3132  14.3855  25.0991  54.8804  23.5920  41.8557  28.2706  34.9924  26.2658  11.1097  29.4444   7.9996  25.7277  16.2379  15.6105  31.2664  13.7870  23.1916   9.4456  30.0779  14.3662   6.1767  37.9903  16.4363  47.3064  42.4037  22.5960  32.0612  27.7010  38.3240  26.5373  51.3495  32.1547  37.5050  31.3241  40.4697  34.3848  10.0220  43.1071  22.7220  39.1528  30.0971  38.7426  23.8537  17.3771  23.5909  41.5406  29.9064  34.4096  16.5224
 28.9656  39.6491  54.3553  79.5187   5.2363  72.2263  14.7932  69.2944  55.5860  37.0962  57.8393  33.2792  14.8677  22.4454  30.1521  15.4289  28.4191  26.3077  35.8387  56.2048  28.5748  28.8333  73.8953   6.3231  84.5579  57.4695  46.4697  50.0666  56.5052  54.5054  59.4129  77.5991  66.2131  30.9088  42.3052  77.0966  44.0851  33.0913  68.7780  22.9826  57.4373  34.2030  62.3701  14.6047  43.9524   8.8644  77.4413  43.8301  51.5398  43.6188
105.0961 147.5399 193.9100 227.9863  90.4375 234.2472  48.3301 257.7477 196.3300 184.0732 194.5825 139.7553  33.3153  63.1163  92.3864  79.4779  92.9505 179.7510 176.2104 179.3662 175.3220 157.2633 282.8801 103.1766 305.1403 139.1113 150.7060 260.7796 262.1006 134.9131 242.9197 228.5211 275.9578  47.0930  89.7624 294.2632  89.3173 129.2678 204.3838 168.2003 149.1615  50.1828 180.9748 137.3074 213.4082  55.3860 283.0825 103.6221 267.9880 163.5539
 95.9285 118.2502 142.8528 150.3977  59.0196 162.4844  36.3251 175.5409 144.1556 130.0078 143.2148 112.3578  41.7387  74.4600  90.3969  38.2111  90.2599 109.6178 126.6839 134.9909 117.4288 114.8294 187.9965  75.4128 200.2485 103.1222 120.6682 156.9771 168.7836 104.8288 165.6664 153.8782 181.5193  22.3729  83.9361 193.9254  80.4007 107.9857 144.3624 102.7117 113.0556  62.9161 132.7569  82.3902 144.2391  48.3231 188.8150  92.9272 159.0307 126.5488
 36.7870  36.7870  36.7870  36.7870  36.7870  36.7870  36.7870  36.7870  36.7870  36.7870  36.7870  36.7870  36.7870  36.7870  36.7870  36.7870  36.7870  36.7870  36.7870  36.7870  36.7870  36.7870  36.7870  36.7870  36.7870  36.7870  36.7870  36.7870  36.7870  36.7870  36.7870  36.7870  36.7870  36.7870  36.7870  36.7870  36.7870  36.7870  36.7870  36.7870  36.7870  36.7870  36.7870  36.7870  36.7870  36.7870  36.7870  36.7870  36.7870  36.7870


3.2730 3.1021 2.3034 2.7107 1.3301
2.4007 3.9473 2.2834 1.8298 1.3301
1.2075 4.8016 3.1596 0.6535 1.3301
3.7445 4.5374 6.8325 3.8162 1.3301
6.1083 3.2117 3.1436 5.5417 1.3301
1.0549 5.2845 5.1016 1.3605 1.3301
6.0547 2.1424 3.9095 5.5130 1.3301
1.3187 6.2784 3.8218 1.3583 1.3301
1.0809 4.8245 3.2970 0.5202 1.3301
3.9211 5.1458 0.4516 3.4135 1.3301
0.9049 4.6490 3.7552 0.4428 1.3301
3.0442 3.9542 1.6548 2.4772 1.3301
5.6379 1.9015 3.7110 5.1001 1.3301
4.0654 2.2438 2.8774 3.5248 1.3301
3.3175 2.6847 2.7841 2.7783 1.3301
6.6457 2.7847 4.0788 6.0932 1.3301
3.3941 2.7789 2.5964 2.8443 1.3301
6.3177 5.2671 2.1322 5.7657 1.3301
3.7788 4.9500 0.5501 3.2600 1.3301
1.3275 4.1964 3.9669 0.9895 1.3301
5.1702 5.1057 0.8976 4.6333 1.3301
4.1809 4.5911 0.4922 3.6363 1.3301
2.0655 6.9283 3.9272 2.1184 1.3301
5.5116 3.5258 2.3114 4.9408 1.3301
1.6953 7.1982 5.1734 2.1267 1.3301
4.0391 2.4516 5.6382 3.8056 1.3301
1.9089 3.7276 3.2460 1.3944 1.3301
6.5135 7.0703 2.3986 6.0441 1.3301
4.6621 6.9225 1.9359 4.2935 1.3301
3.5350 2.5520 5.1784 3.2792 1.3301
2.5880 6.2078 2.5387 2.3048 1.3301
3.0351 4.7061 6.3856 3.1529 1.3301
3.3157 7.0180 2.8741 3.1093 1.3301
6.3033 1.1412 5.0393 5.8167 1.3301
3.8446 1.7298 4.4817 3.4541 1.3301
2.1948 7.1733 4.1753 2.3038 1.3301
4.1894 1.4934 4.8186 3.8176 1.3301
2.9449 3.6501 1.9975 2.3741 1.3301
2.2321 4.3508 5.4692 2.2665 1.3301
6.3097 5.0063 2.2288 5.7510 1.3301
3.2578 2.9226 5.2323 3.0457 1.3301
4.5931 0.9454 4.3658 4.1446 1.3301
2.2561 3.8638 5.0485 2.1527 1.3301
6.4190 4.2952 2.7444 5.8490 1.3301
4.1792 5.8212 0.8691 3.7203 1.3301
5.7315 2.4201 3.3822 5.1780 1.3301
1.4033 6.7702 4.5345 1.7006 1.3301
3.3857 2.1752 4.2999 3.0006 1.3301
6.8257 7.2456 2.6792 6.3533 1.3301
2.1255 4.2869 2.3546 1.5601 1.3301