100 50 10


14 23 34 14 23 34 28 23 26 9 32 15 20 19 34 11 24 28 26 22 21 18 7 34 21 23 30 26 17 24 23 33 33 35 29 10 13 34 23 22 28 22 5 27 34 23 12 31 8 15 10 19 22 10 26 29 23 15 16 6 26 27 27 30 24 9 23 12 8 14 23 33 21 17 30 30 10 23 35 7 35 32 26 32 24 13 6 21 22 24 31 14 12 5 7 6 33 23 25 18 
940 1088 1320 892 1179 867 1170 744 465 1184 765 1197 600 544 1016 1339 1065 1263 1127 1366 1271 947 1087 473 1085 638 1245 1327 1083 576 1068 1314 1158 1286 1325 1093 904 1186 909 698 564 1005 1015 793 862 1435 999 1248 1003 642
1251 2509 2765 1379 2877 2393 1040 1568 3434 2919


 34.0488  89.7200  64.3467  18.5319  36.0518  86.2911  31.7405  33.7121  47.9618  33.5594  51.9747  72.4137  96.1376  37.1594  18.8621  41.2145  34.2986  68.2513  52.2493  52.2493  51.6797  29.8499  61.1209  74.7186  62.9636  60.9470  77.7444  81.4902  49.2151  66.8447  32.4537  76.2611  12.5384  37.0246  27.8530  78.4161  55.7005  66.1894  91.8171  43.0841  90.8177  51.1238  91.6274  47.2373  11.2576  91.3199  43.2167  72.8346  56.0394  89.6722
 50.8128 215.8166 109.3033  84.6728 149.0162 128.3831 121.7611  94.2186 162.9324  40.5140 176.1055 180.8299 192.3771 125.4091  83.4051 107.8075  83.8996  60.8531 113.7652 101.9188  92.7160  43.2039 175.5858 152.6904 153.1021 108.1406 184.1035 153.5663 144.4446 117.7063 142.8942 135.6745  76.6380  31.0670  92.0931 188.4120 172.1273 190.6689 152.1053  39.2923 194.7732 125.0405 113.5811  19.9292 105.1744 155.1464 160.3456  40.5453 182.3635 171.4056
231.7007 163.4958 252.7204 173.9325  73.3305 305.3813 149.0321 187.4843  79.9181 232.9218  50.2614 161.7328 253.1028 145.4008 175.8829 187.0053 200.7331 303.2566 222.9905 224.8192 233.2165 225.9182 113.3348 230.3148 181.9963 243.4592 181.2761 255.6088 144.8719 264.5016  89.4226 261.0527 180.1913 243.8637 178.6036 174.0152  91.5232  87.4322 297.5894 255.0607 222.9179 189.7276 338.3128 268.4805 138.9132 291.6736  60.7297 325.7259  32.6063 261.0248
114.9983  20.1152  63.7675  74.6004  66.1756  75.3996 110.0159  63.4985  51.0280  97.7598  91.2247  14.1254  29.0664  49.0384  75.0758  54.7207  69.3567 101.5166 137.1475  60.8311  66.9974  99.8821  33.0951  36.2538  27.0892  61.7502   8.3731  44.7416  36.6586 152.5473  90.0579  54.5964  97.1202 107.0562  66.3678   7.8960  42.7138  42.8574  62.8831 121.3857  14.8327  44.2322  96.1754 118.8237  90.9289  59.1208  63.3617 120.2440  66.3920  39.6578
 64.8779 173.2694  64.9435  52.3900 120.6591  89.6661 118.7130  52.4168 128.7945  25.0478 156.9814 137.5633 146.7267  85.9391  51.0667  64.2199  41.4543  39.2822 129.6947  56.2104  47.1113  35.1780 136.3481 107.0034 108.5515  63.0896 139.7810 108.4908 103.1131 142.4064 126.1985  91.3204  67.9571  37.1327  53.2190 144.5286 135.4776 153.9532 110.1145  64.5104 149.2376  80.3777  85.0145  50.4262  90.9443 112.3806 130.7835  51.2503 153.1534 126.1887
256.7225  84.3269 216.8640 173.4367  90.2180 263.3774 200.9699 170.1689  58.1986 238.6454 121.9311  93.7624 184.8002 120.0744 175.3425 160.1371 186.1127 287.8772 275.4640 194.3293 206.4539 236.4729  53.4482 175.4901 128.0541 208.4522 112.0954 201.1677 103.0340 316.7607 140.8015 213.9705 204.3683 255.6918 167.0189 102.8583  45.6221  19.7141 246.1959 278.1296 151.9100 151.2373 304.8938 283.7526 171.1014 238.7420  73.8372 321.1561  58.0524 200.2170
265.1019  78.2123 139.7312 185.1825 179.8224 148.5386 264.7403 158.6120 150.2797 225.4826 230.9815  75.6378  37.9996 138.0502 185.8544 140.0050 168.2977 217.3511 316.4178 142.4647 154.1750 231.6981 114.7334  81.6684  86.8618 138.2333  60.5059  88.6234 115.2175 345.8730 227.1344 112.6021 233.0737 244.7234 166.6892  63.7540 133.9700 133.7161 116.5399 275.7562  30.8585 117.2742 191.9193 267.2984 224.8797 108.6736 174.9328 257.7856 181.3436  69.2484
188.2322  12.4731 120.7386 123.0070  94.6533 144.3940 170.1888 109.2619  68.1999 164.5052 131.1783  23.9476  73.6812  79.7039 123.9990  96.6005 119.8379 179.6985 217.4102 112.0372 121.9425 166.4553  38.6023  79.9266  55.8066 116.4722  28.9654  95.6380  59.4277 243.8895 134.0503 109.7139 156.1509 178.9360 111.8661  21.5072  53.1872  48.2414 126.2384 200.2339  50.3327  82.1857 177.1694 198.5581 141.6458 120.3067  87.8254 208.3439  88.6267  89.5964
132.5115 165.8780  16.9180  85.1634 148.1373  42.1890 177.5534  61.6112 144.4833  86.8201 198.9890 125.4295 113.1598  91.3995  84.3186  59.2075  55.9332  55.3409 202.0146  30.5353  24.5848  97.2164 138.7894  71.2400  89.3107  20.6647 122.3263  66.2490  99.8190 219.8933 170.8983  44.4668 123.8607 103.0073  71.3486 129.6597 145.0569 163.5584  62.7376 134.3257 122.7665  63.2356  56.5403 118.6332 139.6745  65.5984 155.8044  93.2661 178.9089  86.5171
 47.4466  51.2353  61.6453  36.2740  14.0152  76.1415  24.5223  42.3366  22.5914  49.9253   5.3153  46.5971  69.2185  34.2470  36.7452  43.9430  45.0476  70.8781  44.1914  53.7272  55.1165  47.5245  34.1902  60.0324  48.1248  59.1772  51.6085  66.2439  37.2627  55.2061   8.9059  65.9845  34.3277  51.9503  39.2392  50.4129  28.0644  30.7528  76.1539  53.6814  62.4599  46.7879  82.9131  57.9125  23.1083  74.9994  14.6667  75.0952  15.7523  69.1454
309.7483  99.7271 162.4592 218.8809 215.4209 169.2555 311.6164 187.7811 181.9385 263.4681 274.3072  96.5637  43.8820 166.1007 219.5867 166.4791 198.3613 250.8573 369.9617 167.3184 180.4303 270.9737 141.4885  97.0112 106.9892 161.2994  79.0063 102.5124 140.5394 403.2599 269.3147 130.1106 274.0674 285.5236 197.4286  83.1464 163.4649 163.4320 131.6538 321.4215  43.2332 140.4625 218.7686 311.0382 265.6933 122.7674 210.0936 297.5031 217.7639  79.1494
123.5007  24.3176  96.0302  84.3157  52.3715 114.5531 102.1086  80.1316  36.2491 113.0101  68.4423  35.5756  73.2892  58.1772  85.1096  74.1159  87.2995 130.6627 134.7021  87.6520  93.5568 112.7912  25.3300  73.7005  54.3261  92.6443  42.3290  84.6969  47.8690 152.7818  75.9695  92.1203 100.8032 121.2572  79.8368  37.6524  27.7905  16.7100 104.8247 132.5316  58.1654  67.8937 134.4196 133.8952  87.4347 101.2081  45.6912 146.9989  40.2104  82.4121
151.0624  44.6072  73.2014  93.5361  91.1021  90.4268 149.7694  75.8762  71.7610 124.5953 129.8054  21.0647  33.4293  59.0339  94.0946  62.8707  83.6844 127.3499 186.4193  69.6046  78.4010 128.2474  48.8037  34.2654  23.3555  70.3960  10.9836  47.3033  42.8229 207.5600 124.1477  60.4797 127.2006 138.1155  80.8564  17.4402  61.8540  66.5555  73.8306 159.4136  18.1395  47.1525 119.7746 154.6987 121.0681  68.6664  88.9865 154.4254  96.8830  42.5229
 48.0159 132.2880 106.3518  44.1749  51.4774 136.0766  24.0521  64.6528  71.4991  58.8930  61.3676 111.3925 147.2647  65.9341  44.6116  74.3862  65.5481 108.8574  55.9765  89.9182  89.1230  52.1286  92.7142 119.2271 101.4856 101.7352 119.5770 128.9663  81.1476  77.6289  33.7543 122.3511  21.9916  59.9804  56.6815 119.7671  83.3373  96.0949 143.5471  61.1847 138.7267  87.1818 142.5319  70.9464   6.8505 142.7852  60.8961 111.7912  75.8567 139.6098
257.1299  74.6956 209.9563 171.4345  93.1190 255.5681 205.3611 166.0182  58.2393 236.7152 129.7375  84.0213 174.7858 115.7903 173.3056 154.8736 182.1071 283.0193 279.4436 188.2311 200.7152 235.1761  45.9201 166.6711 119.6708 201.6982 102.1585 192.2813  96.7687 320.5414 145.9151 205.8045 205.1313 254.4093 163.6654  92.8019  42.2258  14.7616 237.4714 278.1451 141.7869 144.5700 297.8837 282.7304 173.3283 229.8875  77.5476 317.4610  65.4798 190.7339
 52.4751  44.0838  45.8733  24.1003  13.9613  63.2447  43.7021  24.9690  13.5831  45.1945  36.7224  31.7658  55.5940  11.2877  24.7194  24.4143  29.6894  63.1953  65.2571  36.6624  39.3574  44.6172  21.5162  42.7350  28.9419  42.8556  36.8697  50.1871  15.7150  77.7371  29.8132  50.0037  36.2308  50.8395  22.8538  36.6538  17.9637  26.7284  62.3541  58.9487  48.9089  26.4945  73.3470  60.0246  28.9001  60.8792  16.4963  72.5421  26.4780  54.1128
121.2858  87.6920  81.0436  53.1897  52.4278 117.8957 114.0568  43.7669  42.8257  97.6874 102.2056  54.9537 100.2511   8.5225  54.2724  36.7129  55.1984 126.4452 158.0028  62.4120  69.9261  98.8442  44.2024  70.8488  41.7524  74.5902  63.7922  87.1362  14.8819 183.9523  86.9350  87.5184  89.0119 112.0872  43.3770  65.0440  44.6645  63.3459 114.1896 133.6748  87.5773  36.4373 142.4317 132.5708  79.3326 110.7607  55.9777 150.8151  75.3615  95.7841
180.2491 270.7531 109.9245 167.6106 246.5132  88.8395 254.5152 152.0913 247.3123 138.3988 296.8647 228.0041 199.2255 189.8749 166.1948 155.2423 141.3645  62.3841 260.7740 126.0865 116.4726 150.2985 243.5506 162.8650 189.3150 115.8808 222.9240 149.4754 201.3706 268.9984 261.5856 126.7485 192.7315 145.8897 159.6879 231.3380 249.5254 269.9596 122.7435 171.5797 216.8473 162.2401  45.6949 147.9635 220.3557 130.1735 256.6048  78.3450 282.7473 167.9704
113.8637 159.8034  26.9649  63.6528 129.2681  63.3483 155.9907  41.5162 128.3447  68.9118 179.0003 118.8061 119.2278  75.0099  62.7813  42.9504  34.5810  57.3281 181.6120  19.3818   8.0095  78.5364 126.7249  74.6857  83.3510  24.0286 118.2657  75.3215  87.2175 200.5724 149.9560  56.3163 102.6816  86.0792  50.5665 124.7732 130.8306 150.3376  80.0635 117.4245 124.3194  53.1959  75.8024 103.7869 118.1133  81.5928 137.7686  91.0301 161.6123  95.3608
 72.0301 133.3265  50.2314  24.5455  86.1617  83.4482 102.0205  17.0312  91.0178  38.3337 125.2411  99.6306 116.3659  48.9805  23.6477  29.9014   6.9081  62.6938 125.3979  33.2579  29.5857  43.6344  97.1738  78.7250  73.5274  45.6143 102.9132  84.6463  65.5999 143.1461  98.7379  72.2150  57.5379  53.4315  18.4394 106.8858  96.6331 114.2315  95.0708  78.3460 115.1164  47.1052  92.0957  71.3509  70.1590  95.3456  94.9187  81.7231 116.0702 100.1950
177.3983 102.8035  66.2543 124.0348 145.8527  59.2073 195.9305 100.7486 129.8479 142.4452 188.9595  81.9490  30.7469 101.2039 124.0387  88.3112 103.9947 119.6737 226.6733  77.4399  83.6710 149.4073 109.3937  39.1209  66.5862  68.1077  71.2878  28.1971  91.6452 245.1665 176.7553  42.1352 161.1434 156.6600 109.0935  77.7411 121.8755 129.2157  33.1860 181.8093  51.3316  74.0157  90.9419 171.2973 163.7917  27.8755 146.4244 151.0607 158.2465  17.2405
 81.6472 146.7434  45.1890  69.7755 121.4184  49.4768 126.0844  61.5582 123.7144  52.2896 152.9260 118.4299 111.3857  87.2289  68.8429  65.7306  53.9760   6.0159 133.3231  49.5955  42.0942  60.1728 124.2355  82.8008  93.5865  47.1315 117.2441  78.5396  96.8959 141.2350 130.0075  63.0632  86.3829  59.1650  65.6260 122.0661 126.4678 140.2626  70.4361  78.4028 118.4708  73.3687  35.9324  64.3195 103.5465  73.8377 128.3543  32.6991 145.4807  92.3511
 59.0485  26.5412  55.6772  44.1732  24.2694  65.5219  43.8116  44.8466  20.6579  57.2924  23.8449  30.5939  49.0726  34.8019  44.5798  43.3781  47.9996  69.2621  59.1758  50.7349  53.0545  56.3727  22.3790  47.5876  37.7955  53.8940  34.2303  52.8747  32.1697  67.7473  31.2634  55.4380  48.1995  60.2568  43.7500  32.2065  19.8624  15.3672  62.1403  63.7288  42.1326  42.1389  73.7991  65.7473  40.2442  60.6103  20.7250  75.3555  14.3274  52.5992
175.1475 131.7455 163.1780  93.6637  26.3911 216.3773 133.7566  99.2992  23.8097 158.1585  95.9095 101.5832 182.9570  55.8284  95.6289  97.3190 113.6760 217.2132 204.4079 135.1204 143.7541 155.0460  60.9464 148.2416 102.7059 153.8863 119.3613 172.2847  61.7510 244.3524  83.0025 173.9558 123.2213 174.2128  92.2353 116.6378  43.3297  67.9677 211.6300 196.2863 159.0855 101.5371 248.6463 202.0187  93.8856 206.5701  29.4880 244.9824  59.6397 182.2324
 56.4998 203.5255 162.8827  98.0835 111.6236 192.6648  43.2590 121.3168 135.1593  91.2478 105.6302 180.7022 217.9525 129.3472  98.0394 134.0912 118.9069 146.6817   4.6104 146.6014 143.1113  82.0294 159.7327 185.0186 168.2897 158.6422 189.5371 193.9129 146.8603  29.0203  81.1334 183.7961  60.9369  82.5567 113.0514 189.9313 148.6708 161.6701 205.8471  64.5520 209.9702 149.8997 191.7042  82.3698  65.2046 206.0648 121.1249 137.0993 134.1701 207.1840
 68.9302 239.2072 189.9813 121.0554 138.8149 221.4236  63.7901 146.2033 164.5285 108.8505 131.4365 213.7269 253.1208 156.8723 120.8954 160.5723 142.7692 167.4615  13.1603 172.8587 168.3917  98.9901 191.2540 216.4300 199.2465 185.6235 223.1709 225.5082 176.3434  15.2026 105.3013 213.6205  80.2097  97.5734 137.4149 223.7901 179.2858 193.6246 237.2039  74.5204 245.0626 178.2537 218.1013  94.0838  87.4777 237.7654 149.2445 153.7587 163.4457 240.4899
231.8245 156.8415  70.7116 159.2231 200.1380  59.4008 264.4973 125.8320 180.8592 180.8978 262.3160 120.7570  61.2250 133.3381 159.0354 109.6680 128.6818 145.1287 305.0290  89.5288  97.0332 191.4049 155.9380  47.9634  90.8089  74.3673 107.7681  25.8627 124.1380 330.0754 241.1985  36.8023 211.4862 200.9080 138.1877 117.4806 171.9238 185.4556  23.3654 237.0313  86.3510  92.2382 105.4111 221.0347 218.4908  15.0030 202.8109 189.9737 222.3957  29.4015
177.6487  48.3215 115.8658 104.6173  75.0189 149.0762 158.3351  91.8518  46.7603 152.6574 121.8560  22.7867  92.0767  55.9870 105.8098  79.4988 104.1744 176.8069 210.8101 101.5379 111.9951 154.1142  14.8200  80.7094  44.7721 109.9563  37.6507 100.3459  34.4547 240.4916 119.5486 110.7139 141.0480 168.4425  93.3577  33.6135  32.1245  39.4078 134.8044 191.5713  69.5518  67.1757 182.6091 190.6369 124.9767 129.0776  69.6630 206.6570  77.4660 100.4048
 63.4230 135.7385  44.9086  54.9163 104.8259  55.9031 105.7583  50.2694 108.8240  35.6765 133.1579 108.9467 108.1098  75.2900  53.9811  56.3539  42.4405  10.9857 112.1704  44.4250  36.9374  43.0959 111.6377  79.6800  86.0766  45.3438 109.0316  77.8463  86.1149 119.9536 110.8538  63.7382  68.2380  42.2015  52.8725 113.1697 112.5151 125.9062  73.9920  60.8051 112.7596  65.8236  47.0765  47.9731  85.1652  76.5772 111.8550  27.7230 128.2625  91.1309
 95.5731 119.6070  58.4128  27.6667  73.8553  97.2415 109.9294   8.4853  74.6261  65.1811 120.5345  83.5341 110.6528  27.0093  28.0143  14.0641  19.8331  92.1256 144.6322  37.0098  40.5990  68.3832  79.4197  72.0644  57.8519  51.9477  88.5089  83.1079  45.1972 167.3667  96.0504  75.0740  70.1851  80.7945  11.1954  92.1025  79.4324  98.4623 102.2372 105.4758 105.2968  32.2459 115.0652 101.1104  73.1528 100.7946  81.7921 115.4497 104.1041  97.4663
 23.7625 218.4604 130.2704  83.5001 137.5023 155.2677  94.3959 101.3546 156.1476  46.6362 156.0658 185.6864 207.7678 126.8085  82.5251 116.4954  93.1102  92.8106  79.1608 118.1766 110.5901  41.1031 174.1872 168.1533 161.7469 127.6398 191.2917 172.3144 147.2778  82.6891 122.7110 156.3630  58.7442  30.7762  96.0095 194.4155 167.6777 185.6379 176.1265   7.8234 206.3555 135.0682 145.2328  17.1655  86.4130 178.2221 149.2906  75.7486 170.0483 189.4838
 69.2717 243.6556 187.3148  80.2687 105.0054 237.7798  42.5943 116.8601 139.2072  95.1064 120.7223 205.8896 264.8866 124.8417  80.6666 135.3378 116.2935 183.9051  85.4158 159.5617 156.7483  82.2071 175.0982 214.5520 186.2221 179.6904 219.4636 230.2303 152.3375 121.5462  73.0576 217.0098  30.2810  93.9481 103.2156 220.3105 159.4744 182.0921 253.2238  92.0960 251.5531 158.9490 245.7011 110.7719  26.4926 252.4647 121.4638 185.2908 147.5930 249.7725
297.1219  44.0992 173.7700 201.9347 176.4142 197.1318 282.1955 176.0113 139.3366 256.7699 231.8557  56.8539  76.3841 141.2408 203.0838 155.2758 189.7796 263.7823 347.4612 168.6300 183.1512 261.7497  96.2990 106.7100  90.0035 169.5792  46.0264 123.9874 111.8004 384.2439 233.0531 149.2863 254.4009 278.6826 182.7262  42.6160 118.4774 113.5478 164.5906 312.3596  45.2293 130.3467 247.1403 306.4222 238.3747 155.4156 168.1336 308.6072 171.2954 107.8732
158.5040 268.9979  71.7637 125.0637 223.4744  85.4867 239.0912 105.9662 226.3082  98.8724 286.3903 213.9714 201.0658 154.9710 123.3496 112.6282  91.9994  25.5476 257.9863  80.2668  65.8986 114.3001 226.0114 144.9207 165.6225  75.2948 211.5720 137.4186 172.8281 275.8029 243.0386 107.4796 162.3344 115.1457 114.8736 220.9634 230.9496 257.5346 124.3717 154.6846 214.2103 126.5675  68.6544 128.8618 193.2701 130.4092 236.4376  77.4837 269.4482 164.4587
154.3334 120.2927  53.9782  73.6811 109.0346  96.4916 170.2969  43.6910  96.8813 112.8782 168.9882  74.5616  93.5806  42.7718  74.0409  24.4186  53.5024 122.0242 214.8381  36.9429  49.1668 119.0884  86.2198  47.1988  35.9705  46.7701  75.4201  62.8812  43.4429 242.4998 146.3003  59.5969 125.0650 132.7101  53.3222  81.9464  94.5685 114.2206  92.2629 164.7509  89.4263   2.3914 129.0852 156.4065 125.9365  88.7405 114.0526 158.3411 136.9494  78.2318
 17.0558  75.5723  55.1421  23.3206  34.6578  70.1120  16.2117  34.4471  44.5808  25.4311  40.4784  63.5586  80.2860  38.4376  23.3480  40.3886  33.7557  52.5422  25.7002  46.9691  45.7832  21.3740  54.9313  64.6053  56.7906  52.9366  67.4266  69.0016  47.0465  35.8504  25.9896  64.5635   6.3198  24.6587  30.4266  67.8688  50.5365  57.6386  75.3544  23.9827  76.7255  47.8600  71.8201  29.5909  10.9165  75.2639  39.7247  52.4307  47.9671  75.1921
104.7081  14.2028  76.0059  69.4205  45.9981  91.4139  89.4257  64.3243  31.1159  93.9832  63.3399  22.5377  54.9765  45.7674  70.0701  58.4273  70.5221 107.1109 117.1534  69.3631  74.6568  94.2544  17.5736  55.6828  39.4284  73.2002  28.1488  65.1155  35.7573 132.5860  67.5791  71.8866  85.5053 101.5301  64.6461  24.0725  22.7559  16.0211  82.5602 112.1794  41.9046  52.1507 109.0017 112.5837  75.1742  79.3799  40.9787 121.9658  38.7995  62.9063
141.4049 156.7710 139.2926  56.8776  47.1951 194.0614 118.8124  67.9898  59.9645 121.2814 113.1674 116.6913 184.6823  39.6985  58.8514  72.4288  80.5513 183.1979 182.8208 109.4663 115.4809 118.4904  87.3429 140.1926 101.8123 129.9654 131.3237 161.4860  63.0835 220.7553  83.2063 157.1245  91.1314 137.7017  58.3791 131.6331  75.8269 102.5228 195.8506 161.6159 166.6347  85.6975 220.9626 165.7925  70.5604 192.2203  60.4522 208.7794  93.3484 176.3132
 87.0416 220.1773  97.2954 101.4936 169.6209 105.7612 155.2515 101.5361 178.6721  62.5541 202.9890 184.0122 182.8724 135.4099 100.1536 111.7128  90.5584  35.1832 151.5213  97.3033  87.1776  70.0247 185.5507 144.8454 153.4169  98.3669 184.5744 141.4173 151.6377 155.5414 170.7787 121.9184 106.5995  61.7176 103.0569 190.0332 185.2564 203.6851 132.6923  77.0582 189.7839 125.7278  83.2794  57.4439 133.6237 136.9613 180.0818   2.5404 202.4721 159.3010
138.0524  63.9307  64.6429  74.6864  78.6321  91.8707 138.3256  56.1496  61.6883 109.9846 123.4516  29.2401  58.0567  37.2736  75.3239  42.3887  65.3696 119.7487 177.3558  55.0308  64.5114 113.4921  44.4079  36.0699   4.8450  60.0483  30.6377  52.6173  21.9394 200.2958 112.8705  59.5664 111.7223 124.6430  61.0102  34.9807  54.9604  66.4433  80.9516 147.5354  47.3281  26.7298 120.5674 143.0944 106.0311  76.5274  78.7972 147.4903  91.9389  56.5468
158.1779 279.2274 118.3923 158.4585 240.4067 108.3918 237.4169 148.4650 245.2744 121.1116 287.1796 235.4660 216.0327 188.6920 156.9182 155.2650 136.2852  51.0875 237.7812 129.2424 117.9953 132.1769 246.1327 175.3866 196.5969 122.8999 232.4169 164.9835 203.5870 243.4289 249.9313 141.1236 176.2648 125.1725 154.1221 240.3131 249.7675 271.2131 143.2686 147.3846 230.7013 166.3191  68.6229 123.4860 206.5537 150.1210 251.6795  51.0092 278.5360 185.1012
 61.3406 147.4007  57.8813  29.8941  94.9526  88.1242 100.4485  31.0200 102.4232  25.0230 131.1401 113.7959 129.1527  62.1382  28.6659  44.0577  21.0948  55.0374 118.4853  43.7468  37.5762  31.7487 110.4623  91.2239  87.6263  54.2526 117.0816  95.7273  79.4392 134.3211 102.7240  81.7039  53.1367  40.2269  30.4086 121.0754 109.0537 126.7696 103.0448  65.9721 128.8120  61.0463  91.4629  57.6320  70.8946 104.0342 104.4655  69.8108 125.8402 111.8557
 32.5000  17.6537  30.8842  21.4887   7.5634  38.3853  23.3499  22.2528   5.1100  30.8629  12.0673  16.5711  29.9761  15.3533  21.7794  21.5686  24.4334  39.6619  34.3424  27.0224  28.4946  30.2477   9.4299  26.7881  19.6490  29.5517  19.4487  30.5395  14.4638  40.4371  14.4506  31.6000  24.7370  33.0370  21.3214  18.4353   6.2201   6.1711  36.8419  35.7727  25.5837  21.3591  43.7048  37.0135  19.4186  35.9154   5.0022  43.8016   2.7212  31.1909
 17.8792 224.3828 148.3114  71.6106 119.7574 185.3270  67.0041  99.4704 144.5673  54.5941 137.7733 189.1465 226.8297 119.5463  71.0516 117.0782  93.9173 127.0266  68.5040 128.7266 123.0208  42.6993 169.8062 182.1942 166.4260 143.3354 198.0757 191.4102 143.6948  87.7679  98.7008 176.4743  28.1176  45.6564  90.0931 200.3205 159.6668 179.7941 203.7706  36.4050 220.3678 138.6594 183.7937  53.6838  57.1099 204.5927 133.5941 120.0893 156.8207 209.7763
270.0011  58.4256 210.6972 181.4686 109.0388 253.8124 221.9968 172.6752  72.2474 246.5710 147.5146  76.6600 164.6815 122.7419 183.2789 159.5560 188.9082 287.8501 295.7257 190.9396 204.1133 245.9319  48.7103 162.2498 117.1718 202.8481  93.1997 187.4680 100.2101 336.6455 163.0469 203.2361 218.5351 265.1313 171.6862  83.0046  53.0792  28.0639 233.0213 290.5051 130.8262 146.3581 298.0637 293.7427 188.3137 225.0217  94.1284 324.3137  83.2729 183.5701
177.5296  93.5263 175.2076 131.5481  64.3877 209.0174 125.8787 136.1682  57.1516 173.8350  60.3074 100.2855 162.3028 104.3554 132.8893 132.9205 146.1239 216.1816 176.3007 157.8470 164.8033 170.2406  69.9068 152.9299 120.1430 169.1515 113.0300 170.3491  98.6518 204.4550  84.7649 176.9244 142.0276 182.8425 131.6870 107.0407  58.4272  47.9532 200.1695 193.0659 140.3283 131.0257 234.4287 200.4809 115.2897 195.5277  53.1798 234.5441  31.0509 171.3278
 86.6208  17.8191  54.6328  52.6254  39.6961  68.9024  78.2600  45.8967  26.4349  74.4508  60.8353   6.6532  39.0893  30.0456  53.1507  39.6728  51.5034  83.9805 102.4368  48.8689  53.8768  75.3501  11.0113  36.2972  20.8213  52.0951  13.4405  45.2005  19.5898 116.0956  60.2750  50.9346  69.9514  81.8966  46.9942  10.9147  19.2558  20.6742  61.2735  92.8947  28.0844  33.0061  85.0401  92.1398  62.8032  58.4616  36.9962  98.3111  39.7961  44.2147
143.8079 160.5623  38.2407  66.5663 130.1771  88.3718 177.1996  32.5869 125.0054  94.7708 192.0529 111.6882 122.4912  61.6620  66.2160  23.4332  34.7822  98.8244 216.7315  11.0909  21.3788 103.4606 120.6633  69.0410  70.1758  29.8148 112.2628  77.1719  73.5981 243.2133 161.3871  61.8984 120.0705 116.1938  45.5985 119.5057 126.4557 149.2427  96.1630 152.2113 123.6158  33.0873 114.6250 140.3133 130.0689  95.1963 138.7211 137.2779 166.0263  98.8725
 49.0185  48.8323  62.5422  40.2810  19.5059  75.3779  26.5180  45.5695  25.4753  52.1573   3.3294  46.5403  67.4036  37.8309  40.6986  46.7809  48.0488  71.0286  43.0590  55.5557  56.8982  49.8908  35.1491  60.1720  49.2439  60.3432  51.1104  65.8541  39.7603  52.6449  14.7521  66.0242  37.8240  53.6938  42.8696  49.7477  29.6704  30.4997  74.9897  54.5563  60.9057  48.9265  81.6518  58.7226  27.8626  73.8658  18.8333  74.5883  16.3533  68.0396
107.6855  98.0888  28.8944  77.9807 107.6291   8.6974 131.8401  62.3374 101.2228  81.2852 138.4120  77.6893  53.2711  73.2384  77.6415  57.0783  61.1566  54.9199 147.6336  42.0773  42.6921  87.3412  92.2206  39.4588  59.2927  32.6384  72.5611  29.2208  72.7242 158.1260 124.7348  21.4169 101.9975  90.4076  68.5579  77.4217  98.6887 107.2459  11.2220 108.3795  64.7481  52.7149  30.1504  98.6823 109.3303  15.3587 110.4711  76.9436 122.0927  36.7681
 54.4772  32.4549  36.6431  26.3492  21.3974  51.5302  49.6533  22.4840  15.1796  45.0134  41.9305  19.4700  40.5577   7.8918  26.8168  19.0560  27.2591  56.6965  68.6927  29.3450  32.7391  45.4200  14.0918  29.9082  16.5529  34.0219  23.6907  37.0752   4.4407  79.7461  37.0471  38.2005  40.6769  50.9614  22.4154  23.8212  14.8165  22.3660  49.0168  59.7762  34.3914  17.4771  62.4388  59.4916  35.6931  47.3821  21.9107  67.0857  29.0849  39.8720
 99.2611 139.1180  29.6260  73.9725 123.8876  31.1003 139.1768  59.6842 122.6854  66.1293 159.9500 109.6787  97.0675  83.7124  73.1796  60.0941  53.7351  27.8750 152.4878  39.8121  33.7976  74.3823 119.4375  68.2777  83.2983  33.1385 107.0727  62.2580  90.8385 163.2750 137.9575  45.8672  98.2390  76.1056  65.9193 112.5458 123.6680 137.4010  52.6886  98.1557 105.9171  64.2734  26.7927  84.6560 112.8550  56.2583 130.0607  56.1995 147.3641  76.5681
170.4593  40.1998 133.8007 113.4110  66.2708 162.2379 139.4172 108.1514  42.4281 155.5713  91.9153  48.7909 106.6671  75.7621 114.5896  99.9614 118.6420 183.0024 187.0805 120.6310 129.0382 155.0607  28.2706 103.5546  73.8850 128.6374  59.9927 119.9857  61.6977 213.5425 101.3744 129.6704 137.1237 167.4899 107.3208  53.6268  30.1408  13.8530 149.3960 183.7637  85.0032  91.9216 190.4754 185.9772 117.5280 144.3175  56.6956 206.2847  50.3084 118.0630
 62.2010  45.5378  67.5385  44.2119  14.5691  83.1395  39.8201  48.1400  17.4645  61.7780  14.0357  42.9694  69.4638  35.9640  44.7876  48.1176  52.0220  82.1833  61.8556  59.2500  61.6497  59.8532  28.6568  61.7603  47.6853  64.8057  48.7155  69.1135  36.3798  74.1132  21.8073  70.3441  46.8670  65.2050  45.5126  46.8585  21.8979  22.5878  81.2262  69.0122  60.9939  49.2130  92.5972  72.6154  35.0127  79.5722  10.9275  88.9218   4.9092  71.1070
 61.9242 208.4162 168.8728  84.7217  95.1433 208.3338  19.7412 113.5569 123.9439  91.8507  95.6676 180.6317 229.3879 118.3877  85.0204 128.0227 112.9687 162.6106  48.6033 147.1327 144.6995  80.9106 154.1960 190.2408 166.9840 162.9321 191.9316 202.8088 139.3571  79.1016  60.8850 192.4562  42.9126  87.6728 102.8000 192.1154 140.5840 157.0262 220.9463  78.6903 218.0941 146.3920 213.2514  96.9354  37.5698 220.3859 107.2865 160.0732 125.0632 218.0410
223.8590 112.5772 217.3849 164.2447  80.3515 259.6925 160.5217 169.1359  69.1132 217.9789  79.1546 121.4782 199.5980 128.5812 165.9350 164.5325 181.8420 270.1596 224.2711 195.7756 204.7433 213.7379  83.5527 188.3744 147.0998 209.7937 137.4808 210.3450 120.5776 259.8007 108.4414 218.9846 178.9796 229.7197 163.7953 129.8591  69.6387  55.5810 248.0750 243.3397 171.8019 161.5526 292.1751 252.1933 145.7212 242.1507  65.9194 293.9456  38.6147 211.2882
 62.5993 140.7126  72.4087   7.6559  75.9087 107.7952  85.9982  25.8717  86.0095  37.1156 113.2285 107.4442 134.4100  49.0218   6.3156  40.8941  22.9839  81.4177 112.6599  53.3545  51.1226  37.8614  98.3524  96.3725  84.3696  67.1698 113.1976 104.9357  69.2036 132.9042  84.0017  93.8806  40.9381  50.4880  18.2629 116.1728  94.6005 113.1600 118.6508  72.4701 129.8995  59.4117 116.4672  70.1198  52.7297 118.4502  86.2448  95.4400 108.6353 120.0807
 83.3700  91.9113 111.1443  68.0241  31.8509 135.3330  41.7059  78.7464  45.4054  89.5622   3.8243  85.4122 123.5610  65.6351  68.7840  81.6750  83.0579 125.4918  73.3759  97.9088 100.0861  85.2001  64.4415 108.5699  88.6170 107.0365  93.8480 118.9524  70.5531  91.5277  19.1871 118.5244  62.4378  92.2500  73.4519  91.6737  54.1535  57.5103 135.4805  93.7543 112.0415  86.5377 146.3020 101.5900  43.7890 133.5607  32.3127 131.6657  31.4070 123.7045
 76.2060  76.9460  88.3201  46.5006   5.2484 113.9902  48.2452  54.8172  23.7884  74.2017  30.5638  64.5356 102.8122  39.2131  47.4078  56.7953  60.3149 107.8058  82.7758  74.3837  77.2802  71.1964  44.2437  85.3064  64.6283  83.9212  73.0123  96.2080  45.2257 102.0651  22.3691  95.6427  51.3981  79.8342  49.8466  71.5789  34.3587  43.2358 113.7135  86.8959  91.7513  61.5070 126.9046  91.9300  33.7736 111.6687  12.5220 117.7689  26.0775 101.7108
  5.4332  50.4353  27.8098  15.2340  30.5136  35.0012  22.7826  19.6963  34.8323   5.6908  36.8697  41.7793  47.5437  26.5046  14.9597  23.6478  17.5710  20.3790  22.7003  24.3272  22.4874   3.9786  39.0911  37.2393  35.4531  26.9993  43.1847  38.4968  31.8062  25.5198  28.1765  34.5146  10.8724   2.0619  18.3333  44.0269  37.6291  42.3881  39.9725   5.5852  47.0933  28.4969  33.5093   5.0471  18.3511  40.4057  33.5452  18.4523  39.1639  42.9131
118.8430 224.4625  77.8026 109.3562 185.0564  81.1970 186.9619  99.6516 189.5657  79.0477 229.2619 183.5403 173.0796 137.2310 107.9526 106.6203  88.2718   9.2583 193.7393  84.0287  73.0642  90.1135 191.3051 132.1007 147.7013  80.6872 181.9394 125.5458 151.8580 203.2537 195.3336 103.1401 129.6235  86.5941 104.8345 188.8785 194.0711 214.1650 112.3212 112.2878 183.6491 118.2866  56.2544  91.0082 156.0253 117.5548 195.4406  37.2971 220.3604 145.3735
107.0304 160.3339  40.4613  50.0229 119.2930  81.1910 146.2832  27.9368 120.2955  62.1587 170.1883 117.9245 127.9019  65.3941  49.1585  33.7511  19.7543  68.2892 174.8550  21.9283  15.0427  70.8517 121.7640  81.1749  82.6310  35.1975 119.3595  85.6543  81.0238 195.8282 139.6252  68.5848  91.9111  80.6812  36.6007 125.3545 124.3091 145.1659  95.7591 112.6974 129.7714  49.7064  94.5544 100.9468 106.6623  96.4565 128.6575  98.9188 153.8446 105.6390
 90.7991 292.6723 234.1873 153.9545 174.4678 270.6055  85.7092 183.3841 204.7996 138.0872 163.9523 262.9320 309.1028 196.2174 153.7417 200.3351 179.1344 205.6941  26.2289 214.3489 208.8902 126.6608 236.3708 265.9049 245.9393 229.1785 274.0436 276.3810 219.0753   8.1984 134.3898 262.1768 106.0262 124.1589 173.1382 274.7524 222.1831 238.8134 289.6466  95.7773 299.7356 221.1649 265.6847 118.4845 114.6512 290.4221 186.5655 187.9435 202.7297 294.0879
241.0486  53.4303 189.9386 163.4337  98.0376 227.9724 197.3911 156.0764  66.1430 220.9241 130.1450  71.4479 148.6878 111.9607 165.0409 144.6513 170.3921 257.8676 262.6385 172.4530 184.0497 220.2192  46.8327 147.0998 107.4067 183.0061  85.8488 169.3226  92.3298 298.8319 145.0502 183.3302 195.4990 237.1697 155.0629  76.7654  49.8081  26.9466 209.5283 259.2562 118.7049 133.1395 267.0330 262.3711 168.3692 202.4469  84.5660 289.8883  73.6126 165.7049
 26.4534 201.7511 108.0869  61.2569 124.2618 136.1361  95.6203  77.6714 140.7808  20.0641 150.9142 166.7352 188.1797 106.0686  60.0940  93.3254  68.7004  76.7764  95.5709  94.7915  87.1068  15.4274 156.9666 146.8408 140.7640 105.0479 171.9956 151.3761 127.0908 106.4199 116.2316 135.0895  47.0969   3.8699  72.7659 175.5582 151.6004 170.7360 156.5023  25.1737 186.9674 112.6060 129.5222  18.5360  76.8757 158.3804 136.3069  69.1104 158.9606 169.1978
 16.5925  67.3047  32.1664  15.3945  41.1292  43.6783  36.7166  20.2500  46.0677   1.8986  53.5294  53.9311  61.5653  31.5912  14.8977  26.0511  16.7593  25.0609  41.1564  26.7051  24.0367   4.3536  51.0801  46.0835  43.8862  30.8380  55.7083  47.9666  39.2765  46.8244  40.9895  42.1040  16.8771   7.8233  18.7349  57.1387  49.6158  56.8705  50.5471  18.1742  61.1158  33.2446  43.0590  15.3235  26.6342  51.0848  45.4415  26.6778  54.1487  54.5744
151.5302 224.3360  92.4732 140.9196 205.5414  73.9220 212.5161 127.9150 205.9532 117.1540 247.0616 189.3505 164.6994 158.7583 139.7628 130.2704 119.1968  54.6883 217.6686 106.1507  98.3973 126.9342 202.5306 135.4073 157.6280  97.4780 184.9842 124.0809 167.9463 224.3520 218.1721 105.6083 161.7626 123.3152 134.2517 191.9398 207.6120 224.3105 101.4842 144.3642 179.5228 135.7049  38.3169 124.9501 184.3863 107.6567 213.7602  67.5593 235.1812 139.0273
 53.4862  79.2525  83.0471  45.7806  26.1933 102.4383  19.8363  56.2938  39.7017  60.3132  16.4977  70.8884  99.1904  49.3832  46.3020  60.1243  58.8059  90.5895  45.7855  72.3242  73.2497  56.3877  55.3230  84.8189  70.2026  79.8433  77.2492  92.4755  55.7216  60.4498   6.1435  90.6668  37.5922  61.6090  51.5884  76.1603  47.5153  52.5685 104.3598  61.7563  91.2320  65.7163 109.3727  68.4998  23.1603 103.2114  29.5293  93.9750  33.7618  97.4474
 62.6459  33.2425  22.1659  41.4256  48.4431  23.4216  68.1788  32.6977  42.2594  49.8259  64.8239  24.3508   8.2073  31.7246  41.4721  27.6857  34.3937  43.9145  80.5144  24.9329  27.7830  52.2203  34.5530   8.3154  18.1813  22.2948  20.5214   6.6746  27.7758  87.8991  60.4013  13.5335  55.6325  55.3281  35.7281  23.0635  39.2477  42.1862  14.7106  64.7560  14.2941  21.8113  35.8109  61.2617  55.9914  12.4636  48.5948  55.7265  53.0832   0.9051
 30.8423 128.0678 100.0921  56.7682  67.5150 120.1229  23.9187  72.2559  82.9124  53.0201  66.2170 112.4000 136.7582  77.8667  56.7375  80.7785  70.6868  90.4453  11.6940  89.1629  86.9107  46.8484  98.8977 114.7373 103.7497  97.2307 118.1568 120.6541  89.6617  26.6044  48.5469 113.9500  32.0062  47.8485  66.7471 118.5241  91.8004 100.8078 128.7030  37.4363 131.5876  91.3432 120.0038  49.0106  35.6338 128.8142  74.0768  85.2274  83.5035 129.5055
 46.4674 153.4312  94.6528  22.4648  73.4363 129.4718  65.1485  47.5878  89.9185  37.9361 102.6287 122.4335 154.9915  63.0066  22.2352  61.9315  45.4132  95.2836  90.3678  75.8125  73.1881  32.6195 108.0545 117.7820 102.7789  89.5350 129.7471 127.0685  83.6555 111.4321  70.6639 116.3445  18.5788  45.0624  38.7582 131.8205 101.2024 119.2119 141.0890  59.4842 148.7652  79.8736 135.5814  63.0909  34.7962 140.9196  84.9519 102.3541 106.7321 141.8252
249.7173 159.8457  75.2465 167.1159 208.2365  72.3182 281.6561 130.3939 186.2642 194.6552 276.5526 119.5844  58.0294 135.4870 167.0286 111.6210 134.7681 161.4243 328.1422  92.6354 102.2915 205.6472 158.3398  39.9954  86.9429  77.8758 105.4720  16.9685 124.1454 356.6500 254.3570  37.4125 225.1413 216.9887 143.7482 116.1769 176.0951 190.7631  35.9957 256.5128  83.4280  90.9268 123.4363 240.0631 231.0502  26.8195 210.7574 210.6062 231.8494  21.3992
 52.6212 162.7989  66.4934  48.5504 110.7090  89.0286 104.3734  51.8479 119.5754  17.3234 142.1799 130.4480 140.6312  81.7982  47.3260  63.4982  42.0336  39.9138 112.2942  57.8919  49.8302  26.4900 127.9264 104.3132 104.5391  64.6694 132.9526 106.0666  98.1907 123.2587 113.4500  90.5512  58.1078  26.9128  51.4449 137.0811 126.3741 143.3120 107.8290  51.7172 142.3901  78.8563  83.7208  38.7796  80.4632 109.8860 120.2847  45.6976 140.7265 122.1673
149.1116  21.6942  86.3167 100.0780  87.3479  99.0628 141.6217  86.7916  68.3681 128.3945 116.3302  25.3984  38.3861  68.8080 100.6717  76.1482  93.9202 132.5034 175.1330  83.3173  90.8029 130.9248  46.2216  52.1002  42.5778  84.0512  19.8019  61.4611  53.6471 194.0463 116.5069  74.1872 127.1095 139.6656  90.2077  18.0200  57.7340  55.7872  82.7678 156.9763  21.6388  63.3842 124.6689 153.9675 118.9428  78.0804  83.2523 155.4529  85.3397  53.7654
206.2469 176.7519 246.3468 168.1095  84.0707 293.8471 122.9729 185.0307  98.9623 215.4297  33.6776 174.3372 254.4806 152.0763 169.7462 187.4316 195.3792 283.5894 184.7342 220.7548 226.8718 207.5577 131.4291 231.7494 189.6183 238.1002 191.6044 253.7103 155.4177 220.5073  77.2172 256.6270 163.3351 222.3008 175.7626 185.4985 111.5944 109.6232 289.6111 227.0390 228.4243 192.8162 319.9813 241.9172 125.8932 284.8365  77.3447 299.1495  59.0474 259.8992
154.8163 279.7694 108.1986 149.7938 237.2865 102.6951 236.9848 138.5526 242.2724 112.1358 287.9956 232.7414 215.1354 181.6606 148.1614 145.9302 125.5424  34.4073 240.8991 118.4935 106.2610 124.4523 243.3984 170.0566 191.1603 112.5676 229.9652 160.2045 197.8220 249.2581 248.5051 134.4030 171.0674 118.4225 144.7045 238.2725 247.1257 270.1481 139.9203 144.9795 229.5269 158.2113  64.5697 119.6169 202.5889 146.7981 249.2625  45.9343 277.9979 182.3529
 62.8080  92.3539  34.9704  56.6174  84.4219  27.4964  88.4448  50.6211  84.4126  47.2356 102.6844  77.1114  66.8672  63.8894  56.1271  51.4869  46.9320  20.0105  91.6140  40.9414  37.6223  51.5621  82.8218  53.8005  63.3082  37.1389  75.2630  49.0494  67.7956  95.0777  90.3084  40.9088  66.3807  50.4025  53.4760  78.2739  85.0677  92.3052  39.7011  60.1326  73.0940  53.7643  12.2201  51.8212  75.8678  42.3232  87.9264  28.0071  97.1952  55.7068
107.4122 201.8484  71.7087 100.2391 167.2693  73.2444 168.3754  91.7443 171.2833  72.7971 206.2691 165.6672 155.6330 124.9721  98.9933  97.8514  81.6785  11.7277 173.6514  77.6849  68.0373  82.5046 172.7447 119.6798 133.9258  74.4234 164.1269 113.5376 137.8399 181.6169 176.1701  93.6981 117.6868  78.9986  96.3242 170.3072 175.2452 193.0062 101.0598 101.1940 165.3039 108.0290  49.5697  82.1876 141.2689 105.8262 176.4712  32.2607 198.5208 130.9864
236.6282 193.9619 276.3937 187.5425  87.5427 331.5673 143.1312 205.8241 103.0511 244.4617  37.3780 190.6726 284.2011 166.1523 189.4848 207.8331 218.3198 322.0824 217.0071 246.7748 254.2853 235.8413 140.6155 258.0927 208.8219 266.7847 210.8177 283.7973 169.1742 259.2128  86.3167 287.6353 185.4567 253.4662 195.4094 203.7027 117.5026 115.3387 325.9537 260.8785 253.7741 213.3488 362.8958 277.1543 141.8999 320.2777  78.5904 341.6640  56.1845 290.7424
 33.3797  31.5738  36.0386  18.7749   2.0300  47.2223  23.0206  21.6960   8.5170  31.4303  16.1263  25.6167  42.1268  14.3543  19.1805  22.2535  24.2766  45.3099  37.8179  30.0009  31.3994  30.3658  17.0834  34.4258  25.3839  34.1127  29.2577  39.2106  16.8945  46.1492  12.4011  39.0458  22.5227  34.2325  19.7014  28.7175  13.0503  17.4930  46.9320  37.9357  37.3782  24.0952  53.1253  39.7209  15.5422  46.0140   5.3172  50.1341  12.0565  41.5979
 68.9509 328.3890 249.0695 143.9879 179.1480 297.6632  73.5983 182.1426 216.8602 127.5355 179.2800 287.6270 345.2562 199.8954 143.7035 204.1049 176.8996 219.3515  31.9441 222.7480 216.1703 112.2562 255.6603 289.1011 263.8529 242.3133 301.3600 302.7842 230.0278  60.2010 134.0541 284.7858  81.8865 112.4568 168.8473 302.7842 238.7262 261.9986 320.8796  82.7904 333.7356 231.1680 294.7875 112.3331  97.5697 321.6089 195.9403 203.4587 220.6255 325.6409
269.1208 104.1628 118.5815 179.7899 189.9617 128.9977 279.0292 147.0932 160.3101 221.1589 252.9994  78.8136   7.7398 131.5305 180.3194 125.8886 156.6504 207.1181 333.7956 123.8417 136.7524 229.2813 123.9099  53.2336  71.7828 117.3598  60.8177  59.7132 109.3801 365.6770 241.5754  87.0776 236.0049 243.2678 157.6509  69.4724 144.8314 151.5814  93.9368 279.7906  25.4093 100.1007 178.5095 268.3625 231.5350  84.9068 187.5670 253.6220 200.8838  38.6896
 60.9427 236.6434 187.6400 106.3918 123.4880 225.2134  41.1006 135.2552 152.3489 101.3323 119.5562 208.1124 254.3721 144.5086 106.3962 150.8639 132.7259 171.1513  21.1497 167.0854 163.1700  89.8660 182.4352 213.8361 192.7623 182.2214 219.0159 225.1445 166.1732  50.7047  87.3155 213.0579  60.6959  92.2300 124.9042 219.5295 168.9714 185.4032 240.6602  73.6053 244.3337 170.2627 225.6494  94.9712  65.1890 240.7406 135.5037 162.0726 152.5305 241.3587
139.6099 191.8362  33.6989  74.5936 153.9626  80.8543 188.7601  46.1788 152.5417  84.9038 215.4684 141.3698 144.1723  86.8905  73.6028  47.4129  38.5331  75.5912 221.7683  19.5305   5.5886  96.2663 150.5973  89.0727  97.9315  28.7448 141.0619  91.1775 101.9721 245.8071 180.1532  68.8246 123.9673 106.3729  57.6755 148.9348 155.5756 179.6024  99.4294 144.8218 149.4647  60.4427  98.1571 128.9044 141.7633 100.8300 164.2975 116.3362 193.5704 115.5993
124.5163 102.3045 129.7477  74.0278   5.4834 167.6748  85.6178  82.3203  22.5868 117.8593  51.8755  85.0633 144.3169  54.2660  75.4246  82.7642  91.6866 164.2754 137.2917 109.4831 114.9197 114.3279  53.6254 120.4802  88.1780 123.1577  98.1092 137.4444  59.3751 166.1461  46.1799 138.3327  87.2624 127.6035  76.1038  95.4995  38.4270  51.7137 165.0464 140.2120 126.7059  87.1025 189.3077 146.4386  62.4872 161.5528   8.0498 181.6025  31.3676 144.4044
 69.4898  86.3224  11.3963  47.2551  78.9553  17.3972  93.2500  35.6892  76.9601  46.5745 104.3933  66.2777  57.7440  50.4783  46.8117  34.4242  32.7066  26.6801 104.7824  20.0124  17.1846  51.9436  73.6898  37.7155  48.2622  14.1455  64.3186  33.9760  54.3364 113.3046  90.2872  22.7827  66.1129  54.3327  40.5171  68.1004  77.0638  86.1861  29.6012  69.8845  63.4874  35.9181  23.4408  61.5396  74.4555  31.5172  82.7512  46.0446  94.2513  43.9302
 45.8711  17.7289  40.8337  31.9462  16.0201  49.2356  34.8052  31.9463  11.4650  43.3758  19.6979  19.6757  35.7593  23.2057  32.2899  30.4636  34.7081  52.8355  48.0337  36.6757  38.7221  42.8135  12.2795  33.9478  25.5085  39.3165  22.9260  38.4878  20.6847  55.3675  24.0231  40.6023  36.5669  46.1885  31.1864  21.2996  10.1951   6.2794  46.3980  49.7539  29.9530  29.2293  56.3716  51.0497  30.2834  45.1085  12.9668  58.3882   8.8885  38.4218
194.0801  98.1098  84.8509 138.7288 153.8635  78.5327 208.3984 115.8045 135.6190 159.8795 196.0655  83.2051  26.4642 112.0625 138.8524 102.6574 120.0539 139.1565 241.3192  94.5086 101.3943 166.4642 112.5671  51.7214  74.4508  86.2108  71.4509  44.9640  99.9004 260.7035 186.5525  60.8239 176.0227 174.2347 123.7741  77.0917 126.0632 130.9973  52.3877 199.1936  47.2799  87.0589 109.8880 189.3405 176.5362  47.2980 153.1305 170.5341 162.8562  29.7519
160.2556 132.8683  41.7722 112.7997 152.0143  22.2146 191.6129  89.0207 141.0888 121.8532 197.4734 103.7150  66.3047 101.6790 112.4271  79.7278  88.6537  88.1948 217.2046  59.7627  62.4835 130.3355 126.3302  47.6593  77.8253  46.4033  95.6747  31.8939  99.0714 233.7311 178.8600  24.0877 149.4092 135.8286  98.2504 102.8285 136.5052 148.3400   5.2293 162.3624  83.3150  71.1063  55.5516 149.0693 158.2074  10.8360 155.4994 120.9178 171.7710  42.1218
153.1742 194.8642  59.9121 124.5674 186.2576  36.2877 206.6845 105.6376 182.8411 112.2872 232.5787 159.0881 130.9657 133.9950 123.5776 104.3318  98.7392  52.9275 221.4439  77.7496  71.9200 122.8540 175.6749 101.1608 126.4836  65.9515 153.6187  88.6871 140.4722 233.3769 205.2841  69.8037 154.6345 123.3518 113.9330 161.0470 182.6506 199.0769  65.5204 149.8924 146.6323 106.3013   2.6833 131.3833 173.6885  71.8001 193.4931  83.5062 214.8044 104.1758
 31.4692 300.8169 194.0164 120.8125 183.4459 230.2038 112.9766 148.7241 211.5304  79.7303 201.1384 258.5526 294.4003 178.4588 119.7652 169.3602 139.1931 148.5327  83.8291 175.6541 166.4515  69.3805 239.1726 241.5475 229.0755 189.8033 267.4833 248.9007 206.3194  87.2968 156.9473 228.6321  77.6047  59.6055 139.9378 270.9040 228.4448 251.8826 256.7528  22.4659 290.2675 194.5637 218.8099  46.8879 111.1046 259.0773 199.3327 126.2248 225.8598 271.4740
127.9039  65.8942  54.8652  91.1873 101.9194  50.5144 137.8706  75.8591  89.9547 105.0209 130.1590  55.3638  17.6921  73.7545  91.2582  67.1524  78.5979  90.9636 159.6091  61.4586  65.9880 109.4507  74.8073  33.2567  48.8953  55.8223  47.6000  28.3962  65.8734 172.4441 123.5574  38.8285 116.0434 114.5783  81.2121  51.4538  83.7242  87.2443  33.0856 131.2403  31.7877  56.8572  71.4309 124.6000 116.5938  29.6909 101.5533 111.8841 108.2404  18.4551
 56.3783  47.9527  44.1067  23.4443  21.1377  63.0366  50.8622  22.0813  19.4181  46.3657  45.8899  32.7195  56.3515   6.3781  24.0674  20.7860  27.4926  63.9360  73.1880  34.1294  37.2244  46.3276  24.4944  41.3123  27.1011  40.8176  37.6031  49.2208  13.3545  86.3644  37.4004  48.6894  39.5181  53.0705  20.4585  37.9173  22.5428  32.2291  62.2100  62.9794  49.8888  23.0581  74.1966  63.2456  33.6867  60.6684  23.8812  74.8871  34.5141  53.9046
  5.3266  45.3403  25.4583  16.0251  28.6406  30.8831  20.9285  19.5311  32.3483   7.4265  33.4972  38.0768  42.4545  25.3993  15.7918  22.7851  17.6366  17.5118  19.0712  22.9066  21.2170   6.5307  35.9235  33.8245  32.6751  24.9057  39.1847  34.6486  29.7984  20.4432  26.2268  31.1417  11.8976   3.9812  18.5055  39.9227  34.7021  38.6627  35.4091   2.9606  42.2791  26.7931  28.8421   1.4534  18.1153  35.8705  31.1805  14.4271  35.8199  38.4012
 39.8994  71.2171  31.0365  40.6232  61.1792  28.5484  59.9685  38.3099  62.5177  30.9614  72.7317  60.2671  55.4798  48.4117  40.2347  40.0987  35.2320  13.9101  59.6953  33.6707  30.8358  33.6688  62.8444  45.3071  50.5532  32.1458  59.5319  42.7173  52.2097  60.9010  63.3500  36.7513  44.7428  31.7699  39.6634  61.4988  63.6990  69.0805  37.2653  37.0509  59.1399  42.9402  18.5326  31.0757  52.4279  38.9847  64.0324  12.8423  70.7625  47.7462
 22.9323  39.9295   9.9455  13.6663  30.3059  17.2754  34.1704  10.2396  30.9699  12.4020  41.1777  30.4814  31.4089  18.8709  13.3963  11.9358   7.7681  10.7741  39.0797   8.0196   5.4574  14.7861  31.4923  21.0990  22.4862   9.4383  30.6259  21.2899  22.4403  43.1001  33.9327  16.8107  21.3759  16.2202  11.6883  32.0340  31.9971  36.6598  21.9496  23.4639  32.4200  15.2651  18.2684  20.1226  25.8245  22.4373  32.5474  17.6756  38.2315  25.9218
282.8660 179.1195 298.8847 228.1245 130.1832 348.3139 196.0100 239.2775 128.7021 285.7442  96.3510 193.1910 281.8845 195.7712 230.0280 236.7427 252.7604 352.8430 264.8451 273.0590 282.2517 278.8414 149.9889 269.0253 221.9321 290.0642 211.2588 294.0076 190.1089 304.2645 141.9844 302.8956 233.5710 296.1417 231.4804 202.3694 133.0273 118.3063 336.6275 305.6671 249.9235 236.0190 383.2982 319.6595 192.9541 330.0648 116.4395 375.6902  85.1541 295.4783
175.9344  66.0304  75.5801 110.8524 116.8312  90.9312 180.7316  88.2556  96.1681 142.9092 162.5384  40.3150  24.8027  74.8105 111.3167  72.9448  95.9742 139.1530 220.6721  75.2915  85.1264 148.1146  71.3022  27.8765  31.7700  73.3830  28.8051  40.2027  58.6658 243.9831 153.7159  57.3397 150.8823 158.7237  95.2714  36.0924  85.7900  92.3787  69.9295 184.3504  18.3150  54.2454 125.5800 177.2518 146.7465  63.7934 115.4902 171.5216 126.0570  32.7425
196.4542  99.8715  71.5738 129.4336 149.3423  76.9468 212.2086 102.3749 129.5022 156.8216 200.3559  72.5676  22.2514  97.8471 129.6247  86.4819 108.0871 139.9558 251.4458  79.1912  88.3883 164.1008 104.8764  25.7694  54.5808  71.6354  60.3842  23.6326  84.7529 274.8346 187.1644  45.2002 173.8333 174.0519 111.6647  68.2825 119.7633 128.5576  50.0212 203.3693  40.5725  67.6849 115.6366 192.8160 174.2242  43.0094 149.5211 176.7442 163.1384   6.9147
 96.4137  96.4137  96.4137  96.4137  96.4137  96.4137  96.4137  96.4137  96.4137  96.4137  96.4137  96.4137  96.4137  96.4137  96.4137  96.4137  96.4137  96.4137  96.4137  96.4137  96.4137  96.4137  96.4137  96.4137  96.4137  96.4137  96.4137  96.4137  96.4137  96.4137  96.4137  96.4137  96.4137  96.4137  96.4137  96.4137  96.4137  96.4137  96.4137  96.4137  96.4137  96.4137  96.4137  96.4137  96.4137  96.4137  96.4137  96.4137  96.4137  96.4137


4.8411 4.7938 3.8657 6.0134 4.4930 1.5649 4.7552 3.3018 3.5810 3.8203
1.7626 1.8649 3.4816 2.2562 6.8408 7.8951 1.8602 3.3280 4.1737 3.8203
2.7720 2.6226 1.0170 2.6128 2.5225 5.6101 2.6852 3.2424 0.5712 3.8203
2.6882 2.6336 1.8831 3.9031 4.0562 3.6652 2.5995 1.4825 1.8852 3.8203
2.3122 2.3933 3.1016 4.1113 6.1593 4.8377 2.2934 0.8335 3.5456 3.8203
3.7308 3.5762 2.1615 2.9917 2.0630 6.5156 3.6570 4.4447 1.7757 3.8203
4.5515 4.5810 4.4948 6.2016 6.4233 2.7124 4.4999 2.6479 4.5783 3.8203
2.2052 2.1128 1.0526 3.1520 3.6287 4.4079 2.1080 1.7058 1.1116 3.8203
1.6195 1.7333 2.8555 3.4242 6.1787 5.5993 1.6283 1.1085 3.4239 3.8203
4.0122 3.9322 2.7165 4.9142 3.3284 2.8485 3.9174 2.8985 2.3253 3.8203
3.7831 3.8839 4.6377 5.5937 7.5156 4.9708 3.7804 2.3307 5.0331 3.8203
0.6532 0.7151 2.2997 1.5465 5.6886 6.9364 0.7400 2.5008 2.9928 3.8203
2.3185 2.2253 2.5440 0.5076 4.9943 7.9511 2.3267 4.0932 3.0036 3.8203
1.2855 1.2486 1.3852 2.7465 4.6404 5.0056 1.2017 0.9614 1.8931 3.8203
2.7177 2.6613 1.8834 3.9171 4.0188 3.6468 2.6286 1.5261 1.8696 3.8203
1.8011 1.6918 0.6243 2.6531 3.7133 4.9042 1.7024 1.7647 0.9675 3.8203
2.5509 2.4531 1.2148 3.3909 3.3437 4.2127 2.4531 1.9939 1.0518 3.8203
4.5688 4.4375 2.7795 4.6936 1.2856 4.5437 4.4719 4.2643 2.0890 3.8203
5.9835 5.9880 5.5492 7.4972 6.6535 1.4584 5.9190 4.1152 5.4453 3.8203
2.3798 2.2425 0.5730 2.6688 2.9365 5.1343 2.2849 2.5922 0.1379 3.8203
2.6893 2.5554 0.8989 2.9818 2.6754 4.9303 2.5933 2.7405 0.2467 3.8203
4.0876 4.0184 2.9106 5.0937 3.6522 2.5710 3.9952 2.8293 2.5745 3.8203
0.9191 1.0708 2.6227 2.5878 6.0856 6.3609 0.9802 1.7776 3.2878 3.8203
1.7980 1.6513 1.2650 1.0470 3.9748 6.6902 1.7503 3.1670 1.7109 3.8203
0.7350 0.5837 1.2750 1.3438 4.6497 6.3029 0.6797 2.2680 1.9613 3.8203
2.6043 2.4569 0.8234 2.5619 2.6756 5.4982 2.5155 3.0362 0.3894 3.8203
0.9440 0.9407 2.2865 1.1387 5.5644 7.1878 1.0055 2.8459 2.9614 3.8203
2.3662 2.2191 1.5437 1.3305 3.6435 6.9024 2.3177 3.6560 1.7816 3.8203
0.6116 0.5881 1.5063 2.2211 4.9538 5.6753 0.5303 1.3805 2.1543 3.8203
6.8073 6.8016 6.2243 8.2520 6.9145 1.2225 6.7380 4.9689 6.0428 3.8203
3.5528 3.6163 3.9828 5.3192 6.5790 3.9731 3.5218 1.7518 4.2660 3.8203
2.6304 2.4761 1.3081 1.9416 3.0205 6.4359 2.5627 3.5957 1.2983 3.8203
3.8494 3.8240 3.2097 5.2143 4.7682 2.4414 3.7713 2.1741 3.1242 3.8203
4.4894 4.4156 3.2345 5.4314 3.5628 2.3824 4.3959 3.2524 2.8358 3.8203
2.2974 2.2226 1.3499 3.3898 3.8346 4.1656 2.2034 1.5071 1.4175 3.8203
0.9647 1.0000 2.4703 1.3592 5.7868 7.2486 1.0431 2.8339 3.1537 3.8203
1.3182 1.4554 2.8236 3.0712 6.2405 6.0449 1.3534 1.4844 3.4482 3.8203
1.6689 1.8215 3.3424 3.2542 6.7901 6.5782 1.7315 2.0626 3.9910 3.8203
3.3474 3.1968 2.1638 2.2362 2.9914 7.1379 3.2917 4.4465 2.0724 3.8203
5.2098 5.1517 4.0938 6.2769 4.2932 1.4971 5.1205 3.7575 3.7310 3.8203
1.7780 1.7228 2.5459 0.4836 5.4360 7.7988 1.8123 3.6572 3.1294 3.8203
1.3867 1.2509 0.4428 2.0446 3.9096 5.5103 1.2918 2.0026 1.1237 3.8203
4.6947 4.5425 2.9563 4.1410 0.9612 6.2479 4.6115 5.0682 2.3717 3.8203
5.1281 5.0527 3.8275 6.0285 3.6706 2.0780 5.0343 3.8679 3.3803 3.8203
3.5098 3.5215 3.3449 5.0917 5.4875 3.0506 3.4485 1.6371 3.4515 3.8203
3.1900 3.0411 2.1024 2.0283 3.1820 7.1865 3.1379 4.3577 2.0802 3.8203
2.2490 2.3505 3.2620 4.0597 6.4281 5.2114 2.2466 1.1087 3.7567 3.8203
5.4630 5.3439 3.7453 5.7670 1.9020 3.9467 5.3645 4.8344 3.0827 3.8203
2.6152 2.7426 3.8810 4.3854 7.1278 5.7863 2.6381 1.8322 4.4183 3.8203
2.4300 2.2993 2.0253 0.9561 4.1590 7.4353 2.4038 3.9548 2.3466 3.8203