100 50 10


21 5 31 8 26 9 17 10 12 12 24 32 17 7 21 6 26 19 20 12 16 5 20 9 21 24 5 5 8 20 20 18 7 6 9 17 13 12 32 29 15 18 6 26 22 31 22 27 5 17 17 5 20 16 15 6 31 5 11 9 15 17 31 23 35 14 23 35 13 22 26 7 17 26 19 15 30 31 9 17 10 7 17 6 29 9 30 26 18 30 29 6 10 6 31 15 16 12 17 8 

584 601 620 1019 683 1038 1249 1127 1269 750 507 303 991 917 875 706 462 1408 535 460 852 844 508 672 1497 1394 438 370 485 327 954 525 1181 335 481 795 641 1290 422 349 923 555 1279 1238 446 460 479 1352 619 471 

1703 1541 2769 4078 3653 2013 2462 1601 1171 1387 


 85.5894 137.4972 373.6460  49.1320 341.7102 206.8947 358.8838 249.8969 343.0049  12.6027 186.3359 271.0333 198.0729  41.6229 115.8907  13.6776 262.2783 215.2052 406.3646 438.0723 180.0016  71.8688   8.9998 425.8928 300.1977 420.0978  92.3477  50.1224  69.2333 265.8652 371.0234  20.7211 195.7632 103.7011  29.9324   7.4878 188.0165 204.7167 346.9838 343.2840 375.4193 363.1593 122.0286 249.9661  69.9950 366.4454 150.3870 151.7437 195.9620 313.7105 
287.4340  36.6588  43.2795 280.8386  91.3481 391.3282 239.7210   3.1172  29.8692 374.0934 113.5066 222.9786 133.5823 387.6298 354.4286 247.4956  18.2613  49.5228 268.2449 298.6536   8.1429 104.3729 115.5075 189.0437  67.7454 140.0115 426.2462 193.5640 224.6105  64.9044 334.5290 401.0531 143.5742 408.9855  52.5545 164.7791 248.1257 377.0809   5.1761 285.0229  30.2560  96.0292 353.3809 220.2862 373.9405  45.9706 104.9992 235.0002 199.5332 416.0365 
166.0975 304.8134 352.1390 363.7220 132.7028  19.8632 254.8159 311.9431 367.1166 198.9987 203.9870 100.1952 391.5968 315.7092 171.6278 333.8220 333.2865  75.2379 187.2963  42.8686  92.8939 170.9701 334.7131  46.4383  60.0150 130.9586 152.6783 337.2217 150.5080  82.2744 207.7465 345.7151 304.1264  52.7810 279.0552 344.6147 358.8911 280.8485 116.9283 331.9392  74.2513 340.0008 381.5514  57.5978 433.2441  81.8160 380.9197 326.7861  52.6143 103.3545 
  6.9751 414.5406 158.8129  94.7971 100.1300  46.0035 247.1063  82.0314 144.4114 252.1178 195.0018 353.1876 348.6018 444.1915 104.8426 336.1499 141.1255 349.1772  13.0431  33.4425 174.7808 202.3088 281.0028  29.4874 175.4930 125.7747   7.2350 442.5867  66.6938 350.0341 232.8934  70.4686 229.7641  91.7947  48.3301 107.6454 103.7320  27.8574 184.9996 398.4356 102.6797 154.9831 129.1396  82.9999 176.0612  32.0002 231.6972  88.0035 390.7285 333.0198 
297.0311 439.0736 392.4592 394.2778 352.6850 207.8362 169.3063 179.4296 155.0807 148.1409  61.3411 106.0995 121.9192 145.3224 132.9982 183.1458 237.7339 200.6211 236.8814 346.7309 145.9741 391.2458 251.9370 296.1070 310.0628 281.9168 246.9518 171.8692 392.1900  21.0012 111.2925 317.8642 430.5900 393.4726  20.9856 374.8561 123.9993 116.5264 308.8897 121.8931 146.7972 230.2905 193.4199   5.5555 129.9591  67.7265 164.8368 270.8702 402.1160 338.6707 
  5.8065 114.0414 424.6841 381.8904 179.8508 387.5649 257.0411  67.2358 310.0151  95.7799 356.9608  49.7643 291.4645 335.0074 346.0059 406.0809 292.9748 326.7796 224.9612 333.6697 358.9988 406.9787 242.8951 342.7533 308.0044 197.0068  35.7807 376.0001  49.4024 115.8269 117.0005  61.3246 121.0269 343.6111 192.3156  50.5072 112.8815 153.7912  42.3148   4.2606  25.0723 126.8055 441.0195 432.9817 381.0909 245.6416 161.7393 271.0131   7.5004  86.3881 
120.9559 180.0182 183.7946 192.0608 240.9166 407.9996 236.7632 277.4051 253.0335  76.4855 395.1931  28.8165 128.5561 238.6010 176.5155 141.7409 191.6757 252.6627 170.0460  34.9992 290.9917  27.1306 127.8661 159.4497 254.7521 103.8976 385.3961 165.3871 262.9299 253.4193 403.9870 124.0277 444.9288 439.3897  81.6451 386.2327 120.4932 364.0800 439.8699 312.9132 108.7845  71.6433 320.3370 307.0000  10.9814  34.5955 428.9328 317.4457 328.4635  51.1502 
211.6460 372.4860 253.0034 250.9835 356.9098 145.7465  30.6060 306.2486 288.2783 316.3092 313.9052 309.9387 275.4328  73.5074 214.2391 147.6355 366.0000 233.8945  47.0075  58.9883  47.0041 264.0694  95.0439 267.5492 428.0803 443.2145 421.9133 240.5223 383.9048 268.6076 162.1436  16.0001 193.0443 259.8973 272.4138 319.9835  94.4196 142.4279  70.0238 424.2506 175.5579   3.1506 171.8951 252.1145  42.6370 402.3880 427.9266 248.5945 273.6949 102.0687 
449.0553 408.4699 138.2779 365.2199 279.5363 300.1398 447.7722 204.4951 407.9853 106.2974  19.3297 350.6624  49.9841 198.8462 421.9388  33.7018 333.3219 186.5425 186.3860  21.9243  82.6033 350.1734 398.0411 427.7032 400.3152  44.9233 305.5675 129.9832 182.0000 435.0017 198.3482 424.9877 143.0165 439.0989 293.9223 128.0896 335.5514 445.3405 292.9176 433.0366 258.9032 336.4764  29.1780  44.8114 282.4526 381.6574 116.9423  57.0798 245.8438 398.9971 
182.1950 206.2787 198.0231 284.5101 145.8170 278.3844  35.8451 393.4389 412.5080 256.4187  30.8859 302.5302 355.0904  99.5876 374.0935  94.8269  75.8772  70.8476 409.0275 338.2772 303.5073  73.7209  85.1700 102.0069  17.0661  73.2198 399.7328 415.1752 404.8600 135.7654 245.2355 169.6722 106.6577 120.9948 293.2639 121.6808 131.1061 309.0792  93.2325 280.0877 148.6085 168.7525 418.6454 153.9982 243.9056 211.6365  40.0017 110.9126 209.2430 153.3913 
 14.7622 251.2030 391.3557 340.5257 380.4430 268.0357 147.5855 367.4656 408.3876 167.2716 425.9537 426.5642 421.0567 251.9823 242.9422 267.6141  48.4140 224.6844 162.5641 190.0917  61.7068  49.0670 297.2428  52.1825  95.7629 401.0182 442.5756 193.9506  20.5252  60.0516  98.2786 241.7030 358.4191 190.4362 450.3054  96.0106 355.2335   7.0165 105.1672 383.7012  51.6219 138.5314 114.3843 206.1580  30.1781 390.9991 246.3842  70.7468 235.2438 323.6214 
 53.5392 227.2273 422.1211  27.3694  24.0334 274.6809 331.9771 371.6268   2.9977 310.5383 396.2425 322.8319  15.0034 133.2600 341.6602 222.4126 309.0012 267.3051 299.0414 105.9854  56.5610  49.9681 400.5699 363.6560 251.0062 365.2925 310.9532 152.5736  40.1434  37.7050 377.3976 415.9963 345.3320   4.9727 213.1305 190.7340 282.9852 406.7153 403.0035 105.9631 404.0449 280.3292 331.6382 381.1032 262.9245  59.7635 354.9629 191.0096 310.2482 168.2295 
160.9927 180.9740  53.7011   9.3172 217.3396 360.7005 322.9004 346.3462 349.0063 104.9825  11.5306 323.1594  59.6491 147.2633  34.6930 441.4841  80.0641 169.4412 234.1543 444.6004 231.7615 280.7367 245.5619  84.0003 355.7291 165.9393 297.5285 353.3869 279.7918  83.1352 366.2857 193.7613 224.7034 202.4893 342.6161 273.4340  39.6000 242.1276 369.6440 137.9482 120.0780  92.9666 163.5462 333.5934 231.8822  46.0002 111.6348 147.9679 247.9898 107.0879 
217.3479 410.3224 443.0253 119.0182 192.5936 174.2611  82.6137  62.9877  50.8681 422.0009 341.4276 354.1674 369.4988 102.2499 357.9452 157.3984  78.7997 301.4497 223.8590 349.0756 244.9708   0.9013 427.0770 399.9650  66.8074 139.7738 234.5569 295.6378 110.7856 321.8561  93.0795 165.2904  13.0108 223.8083 427.9731 135.5006 192.6616 166.3119  44.8428 363.1236  84.0249 154.0336 135.4999   5.0435 229.8179 295.2388 115.5298 385.9930 403.9661 386.9631 
245.6946 345.4215 357.6792   6.0417 262.8767  57.6814  11.7535 332.2834 203.0116 272.4575 398.1193 268.8476 290.2850 403.2142 323.5505  67.8502 445.3044  81.2492 374.9141  58.7541 302.7521 356.8216 414.9970 144.9711 257.6819 396.4853 125.1010  82.9621 259.6055 214.7295 397.9977 355.8323 381.1613 199.9932 198.6248 333.9303 227.7561 449.0879 100.3618 253.6895  90.0311 243.9186 229.8889 126.4216  55.7877 370.0013 397.9093 226.6527 330.8148  23.0827 
157.3819 368.9294 405.2263  85.0097 332.0072 274.9095 220.8111 162.9643 216.1055 391.2507 100.0409 272.9964 379.5936 301.0466 268.2288 392.7641 255.9172 154.4354  46.8414 238.9895 170.5079  35.8135 318.2558 284.5774 339.7345 182.1830 305.4049 290.9993 283.7570 355.3074 266.0028 165.0443 368.2096 277.6844  50.9985 189.8752 222.8171 405.5419 249.0522 125.6371  66.1827   3.2479 277.5599 256.3041 329.3963 336.0960 181.4619 159.0539 219.9761 260.7529 
322.0612  74.0318 326.9222 374.2461 389.5444 412.5890 345.9394 206.9908  92.2552 323.6710 418.9340   1.9984 251.2257 120.4065 260.1392 136.0363 298.7133  57.2779 360.2720 420.0165 392.5424 189.8655 281.6767 294.1266 385.0666 137.1237  36.0841  18.1499 128.8086 189.9838 378.3798  28.1088 413.7917 256.9177 408.7719  55.9273 436.5341 171.9982 251.7079 235.5299 417.1850 365.8494 315.1349   2.0121 383.6514   9.5632 129.7687 112.4489  67.9660  83.2561 
228.1125 102.5870 344.9484 446.1402 141.4850 129.8826  85.3311 271.2846  11.3387  74.9014 385.8078 242.3294 341.0519 413.2095 392.8546 166.9341  67.0028 135.8331 168.6273 274.4657  42.3136 207.1533 331.5815 213.1186 129.9972 362.6102 131.1255  63.2971 371.9063 187.3362  50.0825 185.0007  18.3119 227.4139  66.5344 263.8941  88.2897 269.7689  33.5492 339.1986  43.6587 147.7469  56.0318 191.7181 312.7108 340.0130  62.8312  18.2311  44.5602 221.0791 
254.9022 186.1264 171.1168 159.6307 302.2701 376.7972 191.8076 278.2099  41.9454 319.5477 220.9979 360.0054 232.3155 390.1542 113.6312  49.7640 236.4593 181.6884 303.5128 108.7567 177.8923 248.2538 191.9361 265.7468 401.9432 251.9235 433.1393 235.3362  28.8364  95.0259 439.0909 351.6641 111.2380 169.7100 172.8077  27.0799 365.9927 114.0337 200.1174 120.1940 115.4780 106.7623  71.2731 167.7785 405.2324   6.7134 257.5698 428.5380 447.0280 103.6443 
408.3235 127.5463 439.3964 413.5773 248.9938 154.0553 443.9368 207.4671  10.2389   6.6830  95.5104 329.2281 193.4208 331.0118 325.7742  52.2563  48.0184 301.2716  85.9936 389.1173  41.5157 443.8598  83.5476 285.8981  60.4277 304.2537 387.9020  37.6433  14.2920 246.0864 398.6013 403.9713 134.4195   5.1425 314.7565   8.0458 107.2217 376.1214  90.0446 192.7229  82.4539 360.0123 257.6007 384.2221 310.9297 201.0596 155.8257  19.0237 237.0114  13.0993 
319.4917 379.3230 397.9387 177.0000 230.9399 260.2368 135.6683  56.0316 422.2481 242.7566 112.1256 365.9905 130.1844 250.1888 376.0804 136.9893  92.6386 267.9260 173.1457 122.2427 167.9974 239.5246 323.7104 106.8100  30.9619 195.9363  94.8862 300.5312 349.2393 229.0271 371.6852  22.0118 179.1525 228.4581 252.0595 412.7914 367.0042  76.6432  56.5872 207.7787  42.0012 360.8340 315.7731 402.8397 242.6629  17.7277  41.9052 282.0229 169.8856 359.2264 
424.6759  35.4698 130.0001 401.4466 137.9818 236.5951 304.0509 324.9821 266.9929 135.5379 163.9890 163.5504 353.9429 183.0328 237.3905  96.2846 122.2033  79.9459 331.6975 327.4439 224.9999 119.9013 229.9617  67.1738  86.9998 404.1733 242.5619 427.9999 391.8674  25.5892 303.0969 174.8156 203.3786 127.0896 438.4898 177.3637  16.9973   4.2736  70.9890 421.9907  46.1449 210.7523 182.2983 435.1926 186.0005 327.8233 344.1336 332.0641 343.7442 266.6251 
304.0201 234.0074 319.1301 332.5213 144.0909 367.8133 171.7326 438.8065 444.0263 299.7011 339.4637  22.1670  72.7061 390.0636  14.0635 143.6074  96.0267  70.0166 183.5491  40.0216 216.3457 435.7359  73.7137 313.0059 360.3417 240.7372 307.9374 145.2108 247.7454 359.0985 327.0339 357.6143 202.7744  28.6155 291.3840   6.9838 400.6704 202.8516 396.8688 177.0059 274.0000 435.6135 410.8312 223.8605 217.0672 284.0120 103.3463  88.8840 298.9823  29.0459 
311.1735  48.1929 178.2430  14.5730 186.0596  55.7403 301.0610  26.0345 351.7914 288.4261 169.5421  76.7463 246.0021  85.7229 204.9631 114.6872 273.6175 127.9509  78.7307 413.1759 328.9879  60.2780 415.6228 231.0657 329.0062 305.0895 314.5728 374.0877 442.2270 325.5407 132.0553 189.5579 172.8157 124.2093 116.9638 173.6018  36.9782 203.1134 243.9274 423.3149 217.7972  82.9423 393.6782 255.0023 414.2311 189.6515 231.9999 271.2663 209.7273 142.1483 
162.2897 104.9710 445.6001 132.1308   7.8946 205.6509  11.3170 380.7851  42.5807 261.3968  10.2293 249.5860  57.9876 416.9592 258.4139 421.0911 115.0015 312.0440 279.4703 366.8083 401.4700 443.1653 364.9460  91.5249 318.6960 428.1582  99.3893 317.3547   9.3518 172.2620 316.9454 221.9544 180.0012  36.9447 391.2450  89.1106  97.9200 358.9475 249.7451  44.0219 409.9102 382.7866  46.8910 135.9764 263.0161  28.0281  56.2458 216.3114 417.7085 261.1102 
203.4540 334.1050 117.6237 349.5328 402.1994 175.3366 431.7076 306.6757  67.5697 391.0005 277.0013 413.0998  90.2335 262.0908 377.4067 129.6034 366.2095 347.0964 279.1187  68.0241  52.4124 391.8500 274.4426 254.8276  60.9711 442.0270 392.9728 159.9847 423.0553 115.6227 372.4801 321.1106  96.1022 244.6890 424.3503 425.6218 341.9100   0.0097 217.9422 313.2162 120.6574  61.9724 316.8139 215.8271 117.9883 432.8687 285.1892  41.0016 294.6382 152.9720 
250.0570 401.8316 130.8437  36.6549  29.2980 236.2636  25.9162  16.7259 268.0022 127.4995 237.4897 212.9822  59.8681 239.9132 429.1688 253.0036 295.9307 111.4502 447.3558 322.4446 324.0884 250.9723  39.4812 227.6180 122.3686 172.2318 340.8783 179.2870 353.9266 347.0755 377.9979 370.1178  54.0085 116.9978  30.8943 440.0363  53.0428   6.1974 101.7647 298.0543 347.5090 332.4656 148.4680 213.8650 178.9821 399.2873 223.9770 134.3459 230.1832 225.9984 
 72.0370 277.6370  73.4995  88.2604  76.8975 377.6063 247.4036 329.6273 445.5079 122.2957 276.0068 255.9702 173.3112 249.0215 285.7447 366.3784   9.8354  15.9481 204.2600 373.1306  63.8247 133.4537  87.1493 291.1133 380.5945 296.2859 354.9847  94.7135  30.5521 125.4619 186.9921  44.1387 384.0028 253.3861 198.2958  76.3966  12.0724  62.4770 156.0005  10.4671 376.0110 158.4276 134.0951  50.0000 247.1587 201.0120   7.8696  70.5103  62.7135 423.3783 
406.9022 406.1213 355.1524 348.3947 314.8495 122.1010 443.2215  81.2368  22.6599  80.9765  58.5133 200.9996 130.1416 384.0035 120.6294 370.2963  16.5706 191.2451 102.6689 201.6435  31.7117 238.0004 350.1624   4.9402 359.1646 294.8818 162.1182   8.0049 427.0826 138.0134 287.8678 159.9750 157.9997 171.3022 300.0948 401.9045 399.0668 243.7806 358.9929 281.3113 159.4319 101.0801  42.0441 231.9702  98.1183 157.2804 166.1214 317.1173 178.0105 225.9956 
125.9726 425.5944 238.2263 260.9568 316.1212  10.0482 298.4854 209.5209 195.9181   2.9368  79.2833  23.8323 389.9312  69.0012 113.4222  89.6136 139.6515 219.8694 437.0245 156.5120 365.7264 433.3121  35.0444  91.9764 270.6310 356.0774  64.1749 174.3578 442.4774 376.0367  87.1596  74.2903  49.3121 225.0297  60.1999 115.0002 402.7877 262.8947 213.5356 434.3791 112.0659 412.4285 172.6063 261.4922  16.7073 449.9533 301.8728  67.0256 216.7671 449.9120 
165.0321 441.7439 120.8113 429.0601 256.1130 163.2416 314.9894 282.1276 346.9172 169.3699 114.9994 323.0107 311.7366  68.3975 308.6759  48.5025 231.9823  31.3709  27.8062 370.7146 434.1922 196.5890 357.1946 218.1532 217.1318 145.3032 142.2743 177.3281 113.8516 234.9480 404.0691 280.4272 209.5784  69.1137 396.7017 263.5591 259.2363 417.2614  13.7462 151.9999 178.6963 137.2455  85.9625 196.9939 332.4549  99.6750  53.6568 367.8369 112.7653  48.6145 
388.9479 421.4880 329.8849 133.8784 242.4913  23.8259 360.9906 292.2903 129.4059  82.0132  26.4587  47.6320 314.9915 276.0490 226.4132 154.9459 151.9339 190.2503  34.3929 353.0058   2.1394 281.9848 417.1939 256.6214 342.4851   9.8359 270.7909 411.0186 167.8614 279.7196  74.6911 396.7378  80.9689 316.7731 140.4800   1.9876  48.5563 319.5896 113.9985 157.2040 257.8209 111.7103  84.9686 291.2268 186.6485 160.2415 390.0081 116.0017 323.2309 204.5865 
369.9661 437.8417 118.9089 278.3099  48.4177  73.9992 435.7984 171.9126  59.5998 166.9549 249.7804 255.9983 129.1309 212.7511  53.6952 217.0358 301.3546 275.9090 236.1443 355.6550 236.5140 115.0727  49.0021 391.0951 110.3572 304.8508 446.3157  45.2453 441.0181  90.9503 403.1494 113.4894 438.2449 412.4927 386.3137 303.1545  92.6952 136.2730 270.5423  84.1058 182.9111 426.1108   0.6772 213.9622 362.2389 175.7399 258.5353  27.0001  74.5052 427.9645 
389.3972  13.7889 242.0553 149.0547 234.2995  50.0082 152.5025 334.0385  68.9485 389.2097 390.9879  22.6137 345.5472  70.1894  42.0163 216.9765 192.7147 124.1050 433.0489 443.2545  14.5805 402.9730 127.9947 186.2546 122.4850 339.0420 423.7631 326.9815  88.9748 280.9931 338.8750 318.6290 232.8769 425.6248 275.3972 270.7780 256.5184 122.7210 315.0363   6.0210 296.6947  38.5645 139.4571 336.5009   9.1951 172.8491 160.7346 410.1344 172.1408 350.9819 
129.0999 352.8701  17.9204 448.9661  91.4047 304.9095 395.5580 384.7263 223.4951 441.9997 311.9895 138.0168 278.9882 402.9726 328.0013 202.9970 299.5253 379.8025 109.1174 262.4974 280.9016 188.9194 187.0253  65.0515 151.7612 242.2444 333.7480 125.0004 223.4058  29.1792 164.6508 217.6912 211.5012 149.9904 284.4680 339.1824 296.7654 227.2898 254.9127 165.9996 317.8504 112.0204  76.6960 136.0236 404.5437 170.8423 160.6422 393.0091 256.4421 398.0138 
419.9998 152.5797 234.1874 414.9798 165.0001  52.9513 164.9993 164.2554 191.0792 105.1082 226.4958 171.3367 107.3022  48.0011  21.7022  94.9311 349.1324 379.9653  42.2774 115.0220 219.5599 418.9967 333.5148 384.2719  27.5374  94.4820 429.3513 442.2917 371.0901  62.0494 309.7470 400.3807 200.7620 190.8905 224.9835 204.4554 393.4104  87.1935 351.9591  50.4721 238.9370 101.0098  55.9932 235.3022   6.5856 186.2379 144.9485 183.1214 217.4273 241.8896 
161.1827  30.1830 336.9390 345.4939 290.8510  29.1096 132.8509 340.2718 254.0091 265.4460  76.1520 176.3581  36.8827 304.7316 242.0280 136.9996 441.9699  80.9243 108.2461 449.9995 371.7029 116.6431 164.5098  90.9434 233.9516  51.4215 332.3028 215.5541 447.7861 146.7958 322.4538 144.6518 241.5804 134.9959 140.4422 315.0675 102.8763 257.5711 340.4278 158.9357 121.4184 376.9950 368.9018 413.9983 133.4866  17.5816  93.2047 384.0178  30.7803 374.1993 
  3.0830  83.6977 400.9703 149.6784  94.3319 426.3172 196.5431   2.1674 102.2381 111.9456 170.1249 265.0883 299.8020 292.5528 214.4482  36.6520 131.9370 348.3347  34.1050 414.0901  45.4175 251.8542 381.8398 429.3232 278.9919 306.1134 378.9215 445.4698 376.4385 332.1189  81.6643 260.0728 422.0015 329.1151 256.1181 363.1846 331.0465 104.7015 386.7267 121.3951 242.7908 115.3232 448.9998 435.5495  48.8054  87.6631 283.2801 346.0637 375.5716 443.8699 
372.6585  70.8487 385.8404 146.9538 299.5531 186.3148   1.0184 431.1946 448.0054 222.6215 269.5343 374.7524 272.7802  72.0509 423.4410 134.1985 240.9999 177.9126 383.0199 383.9997 156.9187 422.5724 138.3052 362.4511 150.9830 119.6551  27.0177 388.0003 216.8770 147.8587 390.9404 251.0461 394.5881 374.9641 300.2085 300.9814 384.8987 119.0122   3.6943 408.0001 324.0826 256.6775 319.8150 273.2508 262.9992 413.4894 430.8307 304.0670 415.0006  94.9204 
109.9266 251.6274 198.0108 121.8021 344.4692 192.1014 334.8313 396.2545 301.9556 311.0549 130.4589 128.0766 244.5641 143.6069 103.4461 444.4393 111.4433 239.5166 270.0000 151.9725  25.8348 200.9332 215.6783 288.9818 151.8086 341.5894  96.6694 184.3114 234.8268 238.0001 179.8412 228.5067 447.1480 234.2790 148.4656 131.8511 329.2658 113.0291 315.6440 365.9423 340.3578 343.7137 125.3639 353.0037 270.7135 135.6975 413.9703 163.3195  30.3781  53.9569 
385.8309 305.9679 369.9891  35.9971 182.8042 115.7711 394.7987  56.0217  45.0016 441.7808 262.7608 292.1830 339.9710  97.0632 436.9026 425.4655 245.5954 122.7527 118.3309 447.1503 413.3106 122.3110 130.4513 340.5170  73.9989 449.2111 250.6561 232.9457 422.0935 285.1735 374.1953 251.0003 444.3486 337.5154  43.9982 246.0007 273.6968 383.0698 223.0023 181.5462  77.0000 167.2555  22.6846 394.9741 449.0444 104.6956  31.0002 162.0080 210.1778  21.0273 
447.3524 348.5307 235.9884 113.0159 205.6197 422.9060  70.7835  29.7556 149.0828 449.6280 233.8160 320.4775  87.5808  20.0184  62.0000 358.3116 327.9699  83.9957 182.0004 276.9939 267.6100  30.7279   8.7739 417.8077 223.8153 370.7788 338.9689 297.7353 443.1910 439.0385 203.4016 398.0421  69.3891  58.0934  99.1312 149.1842  19.3237 360.6616 153.7625 233.0897 406.3502 257.1635 373.2804  46.1792 305.8588  79.6237 132.0093 121.6031 435.9197  39.9026 
403.3384 149.5589 435.3440 444.0044 338.0215  10.6631 372.0132 230.9200  91.7274 262.6963 357.0114  63.7918  23.1869 364.5643 257.9083  82.0012  60.9964  65.9851 191.9487 355.4833 176.9919 143.5225  85.6250 290.9325 330.5388  36.2004 423.8165 305.9264 354.3975 186.7701 379.9919 180.1503 264.5236  90.8834 255.7325 373.7618 276.2688  81.1885 447.2634  85.2729 352.0455 131.5727  82.6380 109.0767 197.0908  36.9640  49.9787 375.1685  68.9175 202.2611 
  6.9995 181.8938 335.0105 370.4905 235.5896 383.5194 182.1226 435.4249 307.3643 435.9238 277.1441 309.0248 355.1260 105.7702 177.4107 290.9612   5.5515 128.7373 398.3820 436.9708 236.8140 112.8352 312.3170 139.1351  25.2370 201.0163  78.0015 247.2303 263.0023 377.8576 178.4877 394.6695 163.8934 408.0722 118.3531 438.9634 293.3839 187.6293 114.6776  16.0252 171.5261 267.1741  44.2846 229.0704 376.2019 328.0791 289.0294 385.3922 312.7521  84.7155 
443.9721 324.5436 168.3047  53.5799 164.8424  54.1532 125.8058  66.3059 192.9643 294.2031 190.4665 127.9656 344.9302   2.7113  37.6634  69.2594   8.9178 229.2154  38.2095  72.4592 326.8680 192.9994 333.9536 151.0497 105.7733 438.5601 105.1391 445.6862 194.0005 365.2432  69.1589  25.9423   8.0001  81.6877 199.8054 286.6229  75.0900 193.0513 420.3034 309.8981 421.9485  28.1335  31.0365 332.5396  85.9771 291.8634 160.8510  25.4178 310.0184  85.3280 
175.4669 139.4762 180.4039 266.5324 104.3156 254.6271  73.0334 307.5738   5.1691 154.3644 118.9802 149.5719 105.1308 242.4483 184.8243 231.9984 223.8409 188.3084 160.0145 241.1797 318.9374 205.0660 392.3683  95.1024 263.9769 212.5346 253.8402 172.9991 436.0079 289.0027 402.4855 252.5882  33.4420 307.8591 128.1503  18.2316 333.8939  25.0035 111.1102 412.2325 270.5052 320.0707 393.4595  94.5208 212.3058 236.2773 198.3893 206.3454  29.4724 218.3114 
 58.2787 147.4649 227.7268 281.1585 359.9582  60.0404 433.3692  26.9278 373.2253 376.7566 133.1042 370.2370 139.2095 257.0948 314.8583 227.5524 105.8720 225.0879 334.0954 448.4413 117.3442 411.9536  14.1946 190.0661 428.5933 369.5276  36.9897 215.0006 445.7225  77.7025 210.5982 120.2700 123.9139 414.9447   1.2909 343.5371 395.5421 409.9548 115.0168 179.0000 109.2540 349.1627 419.0540 204.8070   8.1771 344.0095 352.3849 266.1947 272.9564 374.1846 
424.9932 157.9689 337.8949 141.2687 249.9032  96.2278 184.1440 181.4138  19.5137 210.3109  30.1194 261.0317  26.1393 354.9916 283.9688 172.8069 132.2189 383.7286 386.8317 253.4870 416.1064 273.2977 170.8774 373.9229  31.6836 278.1674 390.3870  41.4781 114.9999 447.0170 196.4642 347.0135 283.0897 214.9908 301.2434  78.6955  89.0628 350.1392 341.7694 235.0083 423.4833 348.5650  84.5644 298.0696 353.7852 296.0034 443.8682 293.9896 107.2910 208.0000 
323.9577 160.0412 255.6247 187.9992 220.0241 176.8615 303.0001 447.0089 135.3050  43.8612 401.4829 318.3234 328.9897  82.0267 394.4381  73.9509  93.9163 427.0295  99.3050 304.4116 328.9375 269.0011 340.0045 208.9995  78.3296 157.2352 244.8422 407.2874  79.6356 356.8598 335.1105 344.5708  95.9786 142.0608 202.8417 339.5737 233.4744 371.4837 341.8785  11.2088 366.0051 246.7558 444.2273 430.0144 315.8163 438.0519 437.9541 346.1050 222.3476  31.2514 
368.0908 267.3151   6.0012 372.7730 401.6695   1.7804 410.2497 355.9399  46.1895 348.0960 447.9296 418.8065 220.8089 148.8005 223.0001 318.8524  78.6685 153.7734  77.0252 439.9685 126.8421  93.8560 381.7669 442.7628 394.1687 171.1315  73.7883 213.7502 360.2185  37.6694 320.6510 362.0978 198.6449 122.6769 236.6548 446.1848 228.1024  44.0162  20.0050 330.9638  84.1514 211.4834 206.9610  58.9993 254.0294  64.8304  63.0389  85.8876   6.1915 137.0004 
259.9512   9.7801 112.8234 281.0248 114.6449 323.5500 419.8976 175.9190 237.0005  58.6976 376.0985 127.7543 370.1483 177.0072 333.8001  16.0011 347.2554 129.2625   3.7007 179.9629 284.4469 149.3963 329.7613 272.3036  78.4703 144.6870 211.1682 347.2714 220.3651  93.8939 172.0023 160.3093 361.2614 243.0085 287.9667 145.4364 133.9566 341.9949 385.1781 277.9893 271.3856 120.4182 271.9630 150.3279 166.0250 217.4360 152.1629 366.1884 299.0009  64.9570 
167.8499 353.8590 431.9236 235.0375 211.0641  11.6286 155.6615 180.2364 293.3565 171.3046 416.0186 355.1943 414.3049 280.8494 271.9668  75.1871 283.1398  87.0517 290.0055 183.8234  93.0542 128.1172 357.0037 357.6352 423.7275 272.7296  56.4504  55.0703  36.0012  50.2604 241.1167 419.0439   0.0151 407.0008 116.6642 122.8769  70.0289 151.9940  97.9327 381.8373 193.5409 165.1638 358.7027  87.7405 388.9633 204.8786  28.7726 214.7343 371.9582  48.9992 
255.9304  15.9545 226.9983 181.2697 330.4466 179.3789 165.9865 391.0017 204.8578 431.8062 263.9822 300.7052 295.0316 117.7286  28.2027 210.6076   4.6226 147.4985 231.9535 170.0108  74.9558 163.1942  35.7527  32.3053 300.3323 121.5983 378.4248 234.0408 132.6960 125.6193 352.5889  62.3462 326.3916 261.1368 134.1099   3.7271  85.8602  77.1174 160.0234 144.5118 223.9363  19.1010 228.0000 364.9485  79.1056  63.9769  60.6141 419.0416  35.9850  94.8125 
386.2803 429.9643 363.4364  29.0220  39.5820 400.1485 312.8938 206.9394 410.6624 448.9999   5.8462  70.1994 330.0641 433.8591 339.9027 187.0295 134.5455 413.9876 191.0022 279.3621 276.2802 409.8317 112.3060  11.9837 213.6961 290.2802  84.1690 243.9999 376.5794 166.6366 135.3406 137.6026  78.6781 322.2108  68.4508 380.5179 331.1480 443.1033 287.9089 109.9831 402.9880  80.9023  67.6424 332.1975 189.7852  15.5726  61.9963 383.6276 393.7074 163.9916 
 98.7226 374.1923 442.7834   7.1420  15.2083  60.9324 146.6368 140.0867  89.0001 212.2972  50.9835  28.5371 246.2211  57.9927  63.9920 207.9817 285.2974  82.7834 232.3754 335.9392 210.2964 191.9629   8.5303 273.0709 435.4246 354.8262 197.6290 298.0319 144.1561  30.8613 244.8732  73.4118 167.9172  56.7127 355.7884 183.6959 381.1551 293.9919 223.0231 414.2557  58.5190 245.7330 261.4883  34.9647 130.1419  27.8423 334.1065  93.4142 201.6770 269.9790 
235.5225 235.9266 423.1273 305.1257 333.0299 345.1586 100.0323 419.0300 361.7200 214.0550 438.3048  87.7258  22.4454 243.7346 419.4128 352.9268 317.9963 123.2035   8.9590 367.9389   6.0001 356.1571 135.3366 426.4198 372.0233 398.8870 261.7197 281.9057 217.6394  94.1994 173.1540 259.5424 274.3584 316.1663  95.2190 114.2310 298.0193 375.0764 282.7095 420.8129 213.3159 356.9536 164.7920 346.3580 408.9301  58.6426  32.1894  54.6898 272.3170 343.7968 
242.5387 202.8562 141.1145 303.0966 444.0079 214.6422   8.4679 162.0570 402.3647 255.0905 320.0641 303.9904 129.6214 369.5729 229.9536 120.4570 385.6239 167.4292  24.0259  49.0524 297.7955 106.1098 370.5462  23.6851  71.1745 258.8779 222.6506 235.0318 377.8170 186.2517 354.5714 392.4514 246.9190 110.0389  28.9296 112.4411 154.9645  60.0028 245.7468 442.1662 209.3889 389.9919 252.0504  10.1743 340.0124 201.7582 117.2209 440.9818  93.0071 413.9066 
 67.1188 222.8682  18.8702 273.6894 124.7448 339.1250 442.3860  63.9876 228.8788  79.1840 181.6071  73.1029 427.0909 171.0808 266.8209  95.8649  24.8067  36.7818 287.3967 240.2191 178.9620 363.0366 260.7610 199.7857 254.3808 129.0723 448.8902 318.7199 349.8520 447.3715 298.9749 418.5148 347.5957 334.5010 314.9847 386.7135 169.6965 154.1525 148.5485 190.4481 310.7098 223.5642 282.8861 129.8050 340.8910  12.7944  35.5972  97.3643 428.9979 304.6786 
  8.7866 103.1061 435.0005 426.8166 212.6705 203.1269 301.0002  33.7725 193.6882 162.4387 245.2307 238.3557 248.5566 378.2197  66.6893 257.8655 239.5522 171.1767 249.2553 143.5524 206.0022  65.0034  87.0082  55.3151 390.0124 206.6346 405.3229  98.9208 416.1059  39.8864 169.1597 350.9771 262.5600 209.8949 192.9358 369.0107 196.7216 373.2251 269.0096 102.8781 200.4997 292.0420  12.2257 415.4689 122.2157 226.0898 332.4514 133.4826 377.8526  77.2369 
160.7400 422.4629 101.8254 403.3890 425.8117 205.0008  76.6453 269.6430 390.8691 228.6764 323.1297 233.9426 443.6266  32.3485 375.0094 196.2382  78.7191 161.0345 317.5654 163.6956 134.1151 161.1403 126.0662 231.6532 160.0369 341.9636 154.9664  79.2558 429.5782 116.2185  67.0708 200.3425 173.9746 399.9180  32.8161 263.5870 122.3280  62.5622 153.6139  94.1332 241.9235 221.4190   2.0771 229.0002 262.3692 135.0198 312.4749  48.7149  87.0028 445.9232 
255.5879  74.2600 136.5800 219.9189  63.9582  11.4266  74.0164   3.7684 152.5963 319.9902 197.4484 427.4915 348.4827 172.3388 374.1686 191.3443 218.0674 355.9916 414.0881 260.2378 436.5776 251.5302   7.9534 406.7081 252.8490  55.8838 373.4849 357.2963 298.3213 221.3240  28.3888 365.4324 199.3516 175.2032 335.8761  24.6906 365.0365 132.8612 346.4686 112.1666 102.8813 242.5160  27.9808 407.6652 102.5552 168.4775 216.4134 105.4887 411.8944 108.6365 
100.9678 183.1819 310.7278 437.9862 252.9050  69.6616 336.0043 284.0230 154.0037 211.3619 297.1592  91.9797 344.7608  34.4073 196.8465 268.8048 154.4722 113.5380  60.0051  96.6220 198.9475 290.0105 345.2187 150.2546 449.2786 396.7640  84.6141  22.7224 315.4348 176.0872  13.0992 398.3970 332.0383 384.9050 325.8302 242.9717  45.5159 275.2664 316.5091 207.9999 437.8462 376.3748  84.0137 110.6222 233.5099 399.0005 352.9058  61.8730 306.5145 151.6166 
323.9951 404.3157 305.0123 267.5147 419.9809 322.1872  55.0435  65.0250 366.6783  80.5004  43.0259 342.9558 124.4921  40.9299 158.0000 415.9174 109.0385 426.2426 394.7541 192.9162 357.2772  30.8862 432.0549 204.0027  75.0517 347.3527 385.9816 221.2255 429.2476 334.2278 377.8842 229.0411 339.4316 189.4443 257.2552 113.8724 298.9568 240.0001  36.2047 121.7811 348.0742 172.9979 385.1179 190.9999  62.9638 441.9903 112.0871 212.8767 132.0136 416.2976 
 84.1599 267.1153 354.6616 307.4143 237.9373   6.0001  47.2542 194.6539 362.7536  80.3779   1.0080 341.0112 263.9807  10.7956 387.0138 318.4344 358.5813 168.3224 416.0233 389.9031 122.4993  69.7328 186.0103 108.1390 426.1586  23.1341 109.0903 415.5661  60.0292 307.0000 392.5068 154.8780 330.1582 403.0084  25.5535 350.0001 413.4557 198.5513 411.4749  88.0610 160.0011 370.5653 181.3916 336.5785 206.7041 117.3640  24.9582 378.8112 199.9530 344.5797 
216.1271 333.9570  75.2943 416.8850  99.9661 338.0274 169.0300 414.3204  37.0080  20.0463 256.8740 186.9750  87.9560  47.9458 447.8818  30.4373 248.1531 264.9061  74.0036 392.8078  45.1957  34.5621 202.1360  37.3026 175.9882 391.9927 344.5654 211.6719 422.4927  48.2540 169.1243  80.6435 136.7443 268.9993  76.1493 132.8510 325.8005  59.9430  49.6484 315.7810  47.0791 239.3814  28.1342 303.0007 115.0319 403.5860 381.0109 233.9641 369.1390 255.2553 
316.1754 106.2288 342.9045  19.5459 236.9199 374.1048 111.8637  20.0005 305.7880 305.9948 240.1724 100.4301 143.1056 270.7967 147.3818  44.4037 334.4710  93.4261 179.2910 166.1399  67.8350 295.0121 438.6011 229.9362 164.4560 391.6682 129.3239 204.2723 349.2796 277.4382 206.4110 429.4319 166.3545  16.8212  19.5274 332.0167 238.9930 165.0107  14.6273 198.9701 233.8644 221.4698 204.5951 216.3643  59.3367 269.6280 155.9206 313.8591  53.5966 172.7326 
270.4942 387.0248 212.3208 211.3313  60.0006 318.4027 363.6389 120.6529 126.9587 203.8772 131.4110 228.9906  84.6637  97.1171 274.4264   9.7669  18.9064 145.2200 115.8221 336.5952 178.6845 275.0346 366.6844 341.1793 400.8254 264.4825  39.5799  70.0886 132.2051 102.4648  52.5882 422.9870 367.7443 272.1827 116.0251  97.2922  35.6554 319.3237 424.0012 290.3049 121.9362 444.7801 110.3073  88.9995 270.5738 264.7202 199.7352 392.6619 117.4458 281.3448 
 50.9446 282.4693  97.3426  36.9161 313.2801 122.6279 124.0284   9.4141 144.2702  13.5317 149.0912 430.7280 269.6722 266.9260 255.3050 449.3181  49.9298 261.4618 195.0740 108.7436 215.3042 204.7469 198.0016 336.8481  65.4179 205.8970 191.1583 235.0015 139.1312  68.5403 277.0491 191.1697 118.2744 233.6293 430.0008 184.3301 234.2986 389.1434 363.3115 139.2961 127.2875 173.7891 381.1270 410.0068 343.2051 127.0147  71.8703 383.9456 183.2948   3.9959 
310.9999  30.0741 435.2746  47.4135 373.0236 207.2670 213.6079 379.8858 115.7016 202.1026  24.0021  84.1495 361.0609  50.9991 127.0197 117.0728  18.6844 342.0362 189.7797 440.6950  44.9590  53.0075 293.9383 192.1480  81.9932 160.8220 129.7944 411.1102 216.0050 335.9995 414.4185 445.8104  46.4382 415.9890 336.1844 103.1742 195.4620 364.1818 419.1049  58.2783 289.8903 207.9820 130.0975 119.9715 164.0816 411.0695 360.9723 248.9779 254.1048  26.9614 
 48.9136 283.1213  72.0540 352.9174 153.4972 229.6844 405.9988  59.0111  79.0458 192.6763 215.0342 218.5307 302.6522 357.9199 320.2108 337.1784 253.3218 107.8221 211.2927 318.4984 162.3149 311.4858 239.2542  71.2711 226.6553 237.4485  79.7558 179.4498 256.8635  19.4128 269.4019 205.2992 159.9484 193.1620 272.1849 435.3219  92.8966   7.4869 157.4657 306.3130 215.9128 160.3242 386.5633 214.0760 358.2565  43.0977 268.5474 409.9815 414.1322 348.6250 
 54.0123   7.5650  43.4445  54.9731 133.9641 368.9478 300.2975 324.2618 356.4733 443.5868 259.6515 192.0360 432.8691 318.0002 394.3450 183.8111 202.1579 169.0341  70.0661  52.1107 412.8275 382.1792 375.3811  83.9906  48.5304 319.6936  59.9429  74.1622 276.8125 158.9230 256.1417  23.1836 111.9869 210.9790 358.5133 434.0332 398.5722 305.8105 204.1485 236.2302  33.7387 392.9877 183.5494 165.3848 241.3958 350.0323 360.7350  76.6133 219.7124  59.9817 
393.8808 254.0623 421.0165 324.0231 213.9663 202.1343 254.0059 262.1674 284.9338 221.5071   9.9728 282.8940 296.8725 401.2364   8.6701 335.1582 154.4258 371.2609 219.7809  91.9569  50.6486 228.3911 344.8513 379.0465 304.4683 333.4608 271.8785 353.0323 220.4107 169.0482 249.2270  52.1171 198.0362  71.9848 363.5069 225.2679  18.2650 410.9688 327.0644 407.6573 222.8463 236.7789 220.8664 386.0236  50.2603 319.1629 299.7343 425.0016 385.9964 112.0582 
 22.1488 280.7819  13.9366 160.0433 165.4558  41.2322 147.7386   6.8433 263.2890 314.9888 111.1758 372.0951 196.6656 366.0829 245.7645 212.3875  20.3902 205.2986 425.1421 291.4564 133.1848 116.1438 225.8011 343.7835 211.9732 104.6621 118.3153 429.8763 448.3544 174.6230 257.7903 376.0135 139.8546 347.0515 126.0005 365.9807 358.8215  21.8058  73.0274  31.0730 346.8267 120.5077 195.7527 159.5110 438.3300 337.0948 122.0001 383.2079  18.9722 109.2221 
207.4407 273.2647 177.9129 204.8448   9.6034 207.3025 280.8002 393.3779 385.8978  99.0598 104.9907 153.0028 194.8209 142.6939 300.7786 150.9596 321.6280  88.3477 333.2809 404.0059 263.9975 254.9703  95.3958 372.2861 161.3405 260.1787  61.5724  97.9048 135.0992 229.0904  59.5673 218.7372  84.0002 222.0070 248.2357 398.7380 214.7097 220.8723  99.4592 149.1329 100.7699  61.1437 249.7192 143.2008 387.3045 414.5102 388.2902 427.3552  55.6307 197.8177 
339.1552 278.9050 259.7920   4.9840 170.0107  56.4750  86.8937 233.9996 261.5033 131.2353 242.2559 437.7194 319.9831 385.5717 262.4252 199.6133 194.3067 249.6879 106.4937 335.6959  48.1587 167.5432  47.8546 337.9193 450.0252 100.9785 270.5984 173.9906 378.4765  21.8568 160.3703  19.9110 317.3322  99.9564 402.2160 108.1268 229.2207 142.5383 112.4621 353.3550 125.0003  38.0001  14.9229 121.9941  50.2301 356.2332 394.5892 443.8324 173.8124 383.9999 
121.4729  37.9264 249.5655 322.0034 377.4110  28.1481 256.1261 332.6273  42.7966 217.6385 355.2774  36.8212 300.5607 340.4543 146.0461  55.5461 157.8653  63.0216 402.0431 433.5485 399.0950  19.5548  31.9328 137.5881 225.1545 415.0350  43.6206 432.0908 236.0540 108.0286 319.0183 266.4264 262.0133 348.8207 102.0164  63.0122 153.9226 135.1455 297.0117 352.0026 116.4926 264.7913 300.9594 416.7167  35.9685  34.0842  58.3954 398.8214 150.9748 447.0083 
344.1166 267.9271 267.0063  37.8936 331.9307 112.2315 285.9664  66.6500 203.0433 441.4658  57.2888 417.6792 138.8816 158.4603 433.9530 220.0808 258.5061 163.0009 430.9477 127.0332 327.0827 384.6177  76.9612 132.0598 374.2008 264.9333 381.4539 337.0011  10.9782 421.0939  88.0629 392.9978 183.3647 342.3249 166.0546 417.7851  54.9973 364.0526 311.9992 128.0983 135.8213 318.9367  61.5104  76.6878  46.1933 425.1414 267.5216  61.0468 117.3734  70.0071 
105.3281  24.0966 241.0335 101.5887  51.9955 434.5004 107.3492 340.1942  79.0510 129.4283 314.2623 210.9471 438.9341 186.4799  30.0418 366.6757 313.9963   3.9995   6.6879 127.4018  80.4745 413.0733 112.3073  93.0254 354.2835 308.9624 369.8568 428.1221 116.2985 422.7643 166.8000  29.6141 232.6780 273.2550 323.1538 100.3908  72.9191 256.0041 198.6370 197.0106 230.6749 192.5082 320.9235  38.9267   5.5432  66.3569  94.8512 140.9457 420.9947  72.0179 
110.2848 167.2387  79.0385   9.8730 188.6686 234.1523 323.0030 188.2646 421.9091 450.9884 233.2185 274.5346  55.1680  14.1508 408.9821 448.5431 307.4503  52.6947 273.9201 212.9231   9.0379 147.1308 229.8560 386.1183 417.4993  73.8058 237.9093 325.9972 316.7121 346.5421  13.5223  85.6311 358.3904 252.9572 251.3924 443.7130 350.0757  37.8120 441.1314 116.9768 441.4718 301.6900 272.4743  85.3544 185.4020 354.5947 167.6018  14.4397 105.0771 104.7028 
434.0332 121.8968 322.0741 194.0488 434.0660 430.2031  36.4991 140.9102 391.7162  89.5492 173.3301 260.7865 399.0138 418.7950 225.0963 167.7265 100.7823  71.9371 408.6107 334.3289 259.3903 436.9222 115.0028 429.8050  32.5477 264.1312 124.6689 410.2480   8.8855  56.0953 352.1299 294.4261  38.9200 147.9702  52.8680 198.8522 165.8508 269.2376 388.5882 241.0639 112.4613 388.0016 428.9365  32.4477 122.6935 446.0637 434.9397 128.1406 302.9334  50.2201 
 65.0179 259.5895 166.8422 285.9544 133.3638  30.0001 235.8564 294.2474 356.2548 431.0000 367.8064 412.5435 433.7438 402.7890 296.7735 355.0316 424.0021 160.7959 231.8209 234.1188   2.3374 284.3378 297.5500 271.4351  19.3698  80.3632 405.8315 182.5741 173.3959   2.1450 160.9877 294.1507 394.7865 276.3859  84.1630   4.2554 260.2262   4.9848 149.2979 296.1590 367.7628 105.0517 392.3417 282.9631 158.9896  17.3211 444.9973 216.8558 359.4141  27.4740 
110.9045 392.3987   6.8410 272.9380 304.1857 112.4617 406.3425 394.9062 324.9486 266.0000  88.6378 377.8649 266.4024 238.1646 197.0018 133.0079 117.6302 449.4102 286.9978 157.1315 125.4741 125.0000 273.0901 333.9396 152.1314 114.5238 345.8337 348.0470  59.7143 243.3461  99.9819  85.8980 367.0722 419.6764 363.9977 193.0621 207.1491 144.9996 288.1782 407.9863 120.8137 180.0252 268.4504 298.7163 292.7365 410.8411 184.2303 214.9920 102.4575 239.0023 
264.8315 326.7713 167.9864 186.1392  12.3404 435.2995  63.9958 301.2460 115.5000   7.9530  92.7784 153.9721  74.6875 358.0018 198.0020 301.1145 399.8476 419.8850 107.3462 209.5723 300.7893 272.2269 386.1774 280.2392   3.2481 270.5292  94.9024  84.5004  57.0136 182.7510 143.9852 151.5943 227.4104 403.4043 177.9729  49.4441 147.6149 413.2974 191.3627 388.9920 442.5881  35.8632  41.6510 211.8863 369.7837 321.2702  82.9614 166.7567 160.9803 407.3368 
445.6553 254.7541 123.2215 326.0000 298.7691 127.3359 368.0000 242.0012  82.6560 233.1746 442.6778 337.3751 445.0952 322.6118  68.7801 222.8897 406.2814 199.5438  83.7809 405.3444  53.7976 113.0718  82.1772 190.7852 204.9972 219.3552 142.2734 280.4623 196.9511  78.3713 242.1537 324.8582 211.0021  42.7704 313.0096 186.3439 445.0251 281.1679 201.9907 348.7811 190.6191 299.2561  56.0881 144.8684 297.9103 377.9327 268.9984  41.4423 140.8856 123.0100 
388.5578 127.0131 169.8370 127.4580 296.4423 163.1869 361.6031 443.8170  12.1931 244.7971 121.0135 371.2476 238.5721 363.3622 222.4735 418.1826 101.0758 274.0452  90.7843 386.8228 331.5311   7.4640  13.6142 109.2111 225.9765 270.3608 435.3566 168.7842 351.2882 227.8905 448.4196 226.0001  93.0256  88.7675 134.7270 167.4814 288.2645 369.5937 362.5031 233.7278 322.2669 233.2455 323.9659  87.1347 294.7456 159.9729 202.8207 244.3700 411.6913  43.3718 
269.0012 184.4477 376.5694 335.0956 138.7403  86.0894 402.3638  93.7833  62.6965 303.9949 349.2090  58.8071 334.8011 365.1091 221.4824 284.9278 386.0464  65.0600 134.0802 294.3700  70.0864 302.5221 421.7454 373.9801 175.3504 296.6141 371.6388  66.0762 310.5711  81.3241 184.0724 446.1214 329.7557 219.3979 102.9401 298.0766 321.7990 221.6635 112.6143 281.9467 287.3039 388.2039 155.9426 433.0122 332.0435 372.8770 251.0178  40.9947  71.5459   8.1552 
306.0093 267.0129  69.7875 372.8779 207.8746 405.5147 429.9926 411.6280 332.6500  94.9835 192.9641 345.8614 348.5109 201.9987 160.1524 154.5567  25.9958 400.9029 338.0167 321.0980 239.0018 300.8905 392.4207 294.0012 250.2087 180.2780 262.4056 386.5144 222.9719 418.2163  77.6507 364.0257 268.9442 146.5232 389.9568 421.9956 292.0073  84.0705  10.3238 391.8592  54.4583 142.9175 293.3637 325.0232 213.9945  11.1719 169.8277 446.9854 439.2550 222.0705 
226.3299 381.8772 226.0123 363.0320 138.1415 449.0965 240.3879 194.0840 372.7627  81.7456  67.1027 415.2206   1.9896 252.1136 285.9995 425.9452 343.3063 166.9837 290.1179 418.7573 118.0164 225.7574 216.0179 218.4115 422.9895  73.3377 172.9931  30.4771 249.2425  21.6710 353.6284 184.3491 292.4471 205.8578 144.4107 304.5678 157.1773 434.4250 361.2906 126.4134 405.2685 205.2206 438.8901 356.1992 361.2994 122.4619 271.0162 427.0018 164.4619 326.3241 
283.0513 265.9282 213.5963 121.0000 332.5753 228.0001 123.1890 146.2256  66.3285 226.5163 359.4876 241.0210 223.6586 399.2784 127.0018 404.9463 247.0897 419.2926 287.0440  62.8963 383.0298 420.1086 158.0242  65.9747 283.2311 138.3692 225.7347 445.2604 246.9882 195.0310  68.0050 165.0072 250.5493  97.0220 140.0487  65.9947 259.3898 257.2562  25.5457 145.9176 373.3900  53.1790 308.1933 399.1496 322.1279 390.1981  36.8686 168.2047 159.0951  11.1684 
102.9103 269.1485 176.7408 436.1745 269.8103 249.0698  91.1783  86.0602 107.4867 237.2608 207.0505 324.1214   2.0232 117.0059 355.6002 288.5546 181.9855  16.0523 411.0769 130.6380 202.1542 177.7906 403.9156  14.3641 137.2485 139.7632 211.9368 105.5253  61.7091 104.7167 134.2657 358.7499 423.5229 129.9941 161.7455  93.9489  88.5088 142.9747 410.6526  95.3410 426.1668 134.9231 336.3161  37.0000 264.8598 266.9478 209.5458 412.8866 263.0981 291.0027 
 33.8121 381.5243 385.7087 291.2277 262.5006  94.1298 105.6104  20.2361 242.9710 210.1138 422.6578 388.1342 329.6513 227.3619 368.9201 412.7435 207.4613  17.3207 335.5665 333.9785 210.0002 411.9741 431.2775 339.0809 182.6220 379.0191 101.9214 143.9507 265.9838 226.0000  52.6449 239.3236 436.0907 385.0297 116.9044 229.4360 447.6351 262.2971 169.0691 135.3782 345.4621  42.9785 343.0298 194.5410  97.3122  82.9896 310.5798 193.8281 166.6887 124.4843 
195.5465  40.2971  41.7473 112.8174   8.9930 217.2474 130.9982 122.0006 346.2655 282.9386 214.6280 202.5053  93.5234  88.0029 133.1331 230.0606 104.8076  41.0332 250.9958 137.0020 224.2555 146.4297 424.3368 184.7739  49.0002 149.4479 411.3721  40.4031 353.4694 326.5673 111.0317 223.2898  24.4543 103.5482 389.9538 340.0866 122.7805  57.1032 341.0003 393.2476 415.9229 214.5410  57.0004 266.1079 128.8101 253.0250 352.9460 268.9136 344.1534 120.1779 
246.0051  59.8012 225.3376 228.1236 119.6229 135.4601 113.8070 409.6164 178.6394  31.2917 169.5881 335.7642 343.9843 314.7436 436.3809 110.6142 287.9951 175.7641 372.6564 409.0739 386.3981 253.2257 354.1344  25.5256 307.0181 439.0393   7.0069 433.0064 421.8898  58.9966  33.9205 393.4225  13.6179  93.4390  68.9999  42.5999 359.9506  31.0084 304.2958 330.1988   1.1226 174.9682 111.8867  94.3689 117.0012 412.2391 352.0150 443.7851 301.0839 229.0700 
377.1226 209.4547 178.2900 378.4207 359.7654  67.0000 311.8896  31.6212  92.7135  59.0314  16.7280 319.3374 228.1182 193.9369 292.5118 129.1322  73.5804  47.0603  46.0942 272.8162 217.9051 275.0011  55.3384  30.2272 218.0802 105.0045 102.4968 225.3772 307.0877 160.8966 287.5302 193.9839  18.0439 174.9984 350.2219 440.2744 318.5596 132.7798 330.6223  49.9998 145.0364 345.2518  18.3376 322.7962 208.2476 262.9572 208.6845 317.2620 219.6628  71.1768 
356.7948   8.3896 238.1185 131.9090  42.0695 167.9610 309.8949 162.0219  83.6523 302.7793 288.7040 180.1020 362.2836 146.0977 431.1104  56.4615   2.6750 217.7198 421.1648  41.5580  84.9807 248.8737  81.8475 269.6916 106.3230 340.0903 417.5287 180.3433 342.3117  11.0557 378.3483 124.1722 232.0417  90.0146 243.0598 423.9867 221.5116  65.5505 222.1366 402.9936 200.0900 109.6218 297.0002   8.3050  91.7016  68.8553  67.0643  41.0759  49.4272  35.2804 
189.2783 412.9563 162.3301 367.9202 274.2082  63.5102  56.7797 379.9997 131.7918  77.2963 267.2365 262.1130 446.0152 317.0030 113.1612 121.6864 254.0961 427.5462 210.1214 292.0460 430.0698 162.8323 321.2506 354.1017 237.5579  31.2096 410.8122 203.6428  57.7667 414.8583 123.9940 287.2816 103.6682 324.5888 117.4556  82.8233 394.6487 429.0426 197.2146 340.4565 245.8376 347.0221 359.0060  58.7566 380.8931 375.5119   4.2653 133.3641 144.3490 136.7514 
352.5436  43.1173 320.8758  33.6761 132.5821 138.9396 274.5880 286.4799 353.7555 158.6370 203.9836  10.7614 240.0023  30.1647 292.9710 312.2856 380.6886 317.6647  82.5533 327.9897 310.4848 317.0000 202.4597 386.5237  30.9976 370.6771  71.6033 408.3359 184.4682 176.3219 302.8173 339.4679 263.7987 171.1343 448.1398 172.3022 323.9918 372.9200 312.9987 260.8555 405.2146  99.7203 286.0060  12.1581 400.3980  24.0167 337.0905 360.6022 293.9665 176.7387 
350.6597  88.5117 436.9837 124.9762 280.8067  57.9666  20.0598  98.0803 375.0194 428.1511 124.4946 120.3580 318.9265 209.7524 122.6886 320.1177 280.1738 268.9280 125.5563 318.0864 353.9995 439.4209 135.4887   3.9085 274.0017 158.1540 252.2204 228.8232 289.9992 100.7784 289.9880 420.6463 315.9048 312.3856 355.9991 305.5939   5.9834 106.9769 439.6306  11.3418 206.2385 342.0952 267.7681 263.4833  49.9677 376.8767  82.8322 159.9995 291.8451 110.0004 
314.7343  76.1044 384.5747 227.5800  26.0705 112.9863 152.2659 282.3782 245.2378 419.2950 176.2202 331.5066 450.9965  70.0035  87.8458 144.4269 397.1833 312.2716  24.9270  25.9430 431.5181 199.8818 420.8698 364.3858  83.2089 306.4201 351.0007   8.5377 397.0104 435.6181 318.8013 287.9894  39.8761   8.9543  39.0532 198.9099  96.3985 405.7019 337.4576 119.0335  28.3396 104.1723 132.0660 403.3054 303.1820  51.0340 210.9450 100.6969 338.9132  70.9564 
312.6385  29.8120 107.6108  75.0000 174.3633 116.4880 219.1102  20.3242 183.9928 268.7397 322.3023  79.6384  16.4274  56.8936 156.0462 375.7380  36.9196 201.7724 298.0759 227.8772 160.3707 322.6713  49.4982 209.0005  22.0106 133.2887  98.5882 201.5964 352.9903 226.1872 306.2735  13.9713 330.2783  62.0231 205.4316 266.8417 447.5891 263.9015  28.2951 251.8282 114.5579 164.5545  33.3377 292.5870 203.4433  85.0183 266.1532 275.3712  97.5027 359.6945 


0.6104 3.4784 9.0729 5.7897 1.4049 7.6622 7.5486 3.2974 2.7666 7.2768 
5.1776 5.0247 3.9557 5.0080 5.8368 6.0011 7.5052 2.9161 9.5872 1.9416 
6.9964 7.7384 2.5718 3.3122 5.7087 1.0948 2.0522 5.5962 8.1928 3.0381 
7.9799 3.4700 5.9815 8.1243 5.0543 3.5199 4.8859 2.6952 1.8906 1.2475 
5.1593 7.1368 2.9125 3.5883 6.9050 3.5035 5.6178 4.7731 8.8321 7.3739 
5.9956 6.8366 8.7215 6.7638 1.9963 7.8395 1.7672 5.1683 9.7866 8.3978 
9.9506 6.2174 0.6552 1.0460 3.4508 9.9965 8.3802 4.9021 8.3035 2.0247 
4.4471 8.5793 1.0257 4.0529 8.8006 6.4960 0.0037 7.9660 6.0361 5.3759 
3.9533 1.5375 1.0405 3.6419 2.1723 3.9950 4.4921 5.2308 2.8940 4.7494 
1.3681 5.8419 7.4058 4.3559 0.0579 6.9609 2.8079 0.6891 5.9931 6.1133 
4.8079 3.2476 7.9894 5.9327 8.8422 5.9803 4.8217 0.3573 4.2004 5.9979 
2.7180 4.2779 3.1489 4.0219 4.1672 4.8204 9.0345 8.6367 7.0210 7.5207 
2.9315 2.9566 6.6627 4.8346 8.4719 8.4627 4.7734 3.7790 1.3568 4.5238 
4.4549 7.6034 4.9617 7.2274 3.9997 1.9730 7.8303 2.0001 4.6570 4.3167 
2.9993 7.7300 1.9243 2.4860 6.6369 6.8928 3.1299 5.0000 1.3975 4.2113 
0.4653 7.9463 6.5193 9.1044 4.1743 9.1328 4.5662 8.9891 0.2218 4.9820 
9.1483 3.0360 7.7688 0.8786 4.0119 6.6268 2.0689 8.4582 8.4116 4.5676 
2.1856 2.0000 1.5369 9.1232 3.8656 2.0598 6.2251 1.0495 7.9926 4.0117 
8.1532 3.9704 7.7891 3.9920 5.9661 0.7046 1.0310 2.4765 0.2540 8.0131 
5.9983 4.0181 4.1625 2.5160 3.9862 1.1182 5.1789 9.6762 6.0251 2.8823 
8.7681 7.0413 2.0066 6.9743 2.1841 3.5119 2.1882 7.1631 4.5007 7.2474 
3.9885 1.0165 6.3944 2.0008 7.2452 5.3711 7.4339 3.1976 5.0600 3.1660 
3.4959 8.9231 1.1638 7.7022 8.4060 4.9890 6.6506 1.9897 6.6091 4.1529 
6.5608 6.4193 2.5032 7.2611 2.2918 7.0338 8.7840 4.7016 6.0742 2.0036 
2.3632 4.9638 7.9740 5.4580 2.9983 1.1856 3.3766 9.6644 3.5959 5.1789 
3.3912 0.0494 7.4901 4.0796 2.4867 7.4902 4.3561 1.0828 9.9926 6.1432 
6.8605 1.1390 6.5752 1.7731 6.3628 8.5140 6.5341 1.4707 9.6010 2.8653 
8.5697 9.0468 8.4261 4.3940 5.3157 5.5312 1.3866 1.3855 9.7620 1.5222 
6.3973 3.7221 5.8456 4.4430 1.0000 4.9749 1.0129 7.9919 8.6908 7.6069 
1.8910 4.0328 3.5653 7.1858 1.4068 4.6881 0.0183 3.9659 2.9785 5.3811 
2.2681 4.4329 8.0842 9.7692 7.0774 9.1408 4.0455 6.6809 2.9502 4.2358 
5.5798 7.4767 9.7792 5.9832 5.4344 8.0631 2.5580 7.9428 3.9931 1.0001 
1.1822 5.9216 0.4800 3.9877 9.7748 1.5973 8.2609 8.4541 6.0199 7.0061 
8.1589 5.1231 2.8493 5.5444 5.9937 6.6360 7.2152 7.9359 2.7998 1.0803 
8.0002 1.9216 5.8865 3.0097 4.0379 4.0728 5.5960 6.7263 1.0490 7.8105 
7.0249 0.0198 7.1416 8.9516 5.7342 1.1048 1.5826 5.7100 8.0633 3.2131 
3.4262 5.3028 8.5947 2.7834 7.3680 1.0645 6.1831 2.0093 3.6202 0.0361 
2.0511 6.4899 3.9006 2.2170 8.1222 6.9970 0.2734 1.1697 1.2982 3.0001 
2.5255 5.6540 4.1214 3.3893 1.1843 0.0107 6.4384 4.4419 0.5938 3.6792 
8.7895 1.0580 1.3616 3.2216 1.2899 9.0804 8.8306 2.4213 3.8495 4.7951 
3.4360 8.3093 3.4641 8.1949 7.8253 1.0012 2.8606 3.9993 7.9837 2.7459 
7.8047 4.6300 9.8865 7.5858 8.4623 2.9492 6.0255 4.9703 2.9403 0.1395 
5.6306 8.0270 1.2206 5.9685 2.4791 1.2373 7.9761 6.0550 7.8982 1.8353 
5.2899 9.6139 9.9982 6.1339 3.2428 0.0000 1.0106 4.0510 2.9983 4.2014 
0.8851 1.0629 9.8522 2.9293 1.5697 4.0676 0.5774 5.8004 5.9317 3.9007 
0.4141 1.9446 4.9941 7.4855 4.6945 4.1191 1.3618 8.4292 6.4922 9.4756 
4.0695 5.0017 7.7139 3.9110 1.2209 8.0992 3.8950 8.6768 0.1413 3.7841 
5.9890 7.9391 6.4784 1.5457 8.5678 4.3300 5.9796 7.0194 8.6369 5.9988 
3.5237 8.0275 1.0707 8.0070 7.9764 9.5499 9.3719 5.9957 2.0392 5.8157 
8.9926 7.9178 7.5983 8.0344 5.9654 1.9999 2.0131 0.1361 5.8877 8.0583 
