100 25 5


15 5 14 13 31 33 8 22 32 28 24 13 16 13 6 7 19 9 7 25 34 8 16 14 7 15 14 14 34 11 30 9 9 10 23 8 27 8 22 20 14 12 12 27 14 5 9 19 18 22 17 33 31 5 23 23 35 16 25 13 30 29 25 25 26 6 15 18 15 14 22 30 7 13 28 14 19 33 5 33 9 31 19 7 25 23 5 29 33 18 20 10 6 14 29 5 35 24 6 11 

424 1452 377 1052 1208 998 1454 1163 308 415 858 1078 903 1433 1159 456 447 525 1279 483 408 1119 928 571 808 

1049 3619 3180 1012 3673 


367.0376 102.9591  25.3485 226.5736 249.2426  63.8681  16.6271 210.3168 230.9932  96.3839 304.8266 318.5000 449.4575 248.0310   4.6369 241.4707 337.0123 242.9816 333.4590 136.0789  95.1537 240.9768  76.3979 428.4136 215.3822 
132.9681 108.5793 185.0604  27.9393 353.2809 208.4853  80.0201 172.8022 240.8876 288.7562 118.1070  96.2655   3.9823 414.9983 238.9218 337.7388 112.9516 305.9987 344.5575 178.2813 380.4850 408.6641 260.9419 118.8497 221.0862 
256.1658 343.8180 436.7009 272.3381 120.0000  58.7713 268.0214 330.0347 166.8210 446.9885 246.0906 210.7567 381.6956 207.2155  97.7089 319.8937 372.6833 393.7793 271.0007 300.8880 400.1920 130.0097 180.6550 148.6628 328.6022 
256.3498 272.9580 271.4709 217.0599 287.0976  74.0085 274.0381 263.1174  54.6425 403.0792 378.3234 145.5456  36.0429 364.3281 215.1420 309.2491 310.3834 380.5881 140.1256 312.0670 442.9866 135.1102 285.9711  33.0172 404.5663 
404.3107 352.2674 436.0793 287.7794 417.3413  36.0709 179.1726 437.8018 122.8355 145.2375  20.1056  33.9511 127.8179 154.0000 372.9891 230.8310 416.9104 210.9747 414.2154 240.0772 349.5357 322.0016  70.9057 416.1029  72.0036 
291.0292  65.3020 336.2135 100.8007 432.4899 198.9892 223.9841 263.5775  67.2941 426.1318 392.1854 370.8524 196.0029 381.9979 265.5225 198.9999  72.3916 135.0000 412.4852 347.5294  83.8501  83.5549 213.3813 174.0999  53.8782 
311.2153  80.2964 372.9830 185.8276 143.3363 442.9432  51.7999  94.5275 135.9941 166.4617 349.6111 171.3822 177.6760 264.5470 380.6420 354.1580 379.9972 395.4292 449.9336  88.0496 371.9781  42.2079  50.1455 277.6050  82.9993 
 72.9608 365.4954 179.7562 317.8678 350.2663   9.3408  95.7325 101.6566  45.9919 366.1244 416.0771  57.1387 408.9214  81.4271 311.9819 217.3121  18.3048 328.5657 168.3570  78.2865 150.5900 441.4120 424.1345 403.9832 266.9909 
219.3504  53.0060 220.7043 416.7023  73.2795  99.0346 349.0234  93.8163   5.7462 297.1394 369.1345 437.3465  72.7642 168.4927 434.0789 362.9342 110.1960  19.2164 265.9293 322.9989 442.4063 373.1174 354.1921 247.7901 395.0029 
 80.0109  30.1829 217.9965 161.9196 372.9847 303.9824 118.2843  94.4054  81.0756 188.1341 334.2138 183.1873  41.1394   7.6706  18.4132 250.9926  27.0554 379.8145  82.2614 330.0864 376.0957 226.9046 172.7693 271.8928 426.9003 
  8.6208  41.1734 247.1736 349.6229 326.5093 407.2899 445.4139 407.5335  59.9865   2.6511  42.0232  21.1526 272.4550 374.8664 294.7568 433.8269 423.0844  80.6370 403.5856 429.2903 356.5363  31.0802 186.2120 284.0891 181.3324 
346.2307 317.0028 268.0000 374.4889  73.5810 428.3547 269.0008 270.8319 389.9276 138.5041 365.9167  95.1948 322.9053 309.8734 277.0339   5.9545   4.0621 331.5869 118.1435 317.8495  82.4431  42.2367 198.3556 204.5551 403.9531 
203.0009 335.9324 101.9752  44.5087 266.6512  42.9050  74.0280 308.5170  84.8066 312.0094 364.9976 267.7500 181.0632 164.9305 130.0369  38.9924  48.9862  37.9517 256.1948 243.6424 244.9980 350.9994 344.0028 295.6141 268.5730 
123.4289 262.4637 358.0880  12.1526 167.0386  51.1494 149.7329 139.4118  80.2441  13.0012 401.7186  23.5945 304.9334 260.0339 214.3052 146.8305 348.6037 359.5275 367.8307  11.1366 381.7553 202.1229 181.9047 172.0362 229.3736 
403.0879 279.0422 328.9992 124.9992 389.3112 147.9668 377.7850  42.2858 116.7044  88.5868 327.8391 415.5949 386.9434  69.1516  46.2558 172.5706 145.4054 403.0089 446.7372  41.6210 425.5484  40.0598  22.4973 191.9135 375.9277 
416.2261 417.0120 264.4564  99.3059 308.6626  72.0076 272.0239 232.0691  66.2895 368.1996 341.3354  82.0582 324.7440 351.7998  74.4601 234.3919 389.6062 310.1232 135.2799 212.0219 443.6629 398.7738 115.3685  82.0670 393.9544 
  3.9046 173.0248  37.4124  30.9818 225.8431 126.9927 330.7216 352.4838 162.7224  84.9046 270.5058 422.3635 313.6415  46.7454 321.8454  42.9786 198.0050 417.7114 167.9983  99.2669 349.5122 142.8015 175.6038 228.7609  85.3282 
383.0160 405.9769 222.6626 213.9426 250.0161 163.8225 202.9882 212.1087 288.9894 210.3931 161.4612 278.9997 254.0016  37.3921  54.1828 113.9125  88.0028 327.9261  18.9723  87.8979 151.9706 279.7119 212.9701 158.1359 116.0000 
215.1280  75.0953  62.9689 157.6979 129.9267 189.5513 322.6025  68.6444  50.1585 135.0044 415.1504 450.3940 422.7946 176.2608 442.0603 238.7959 250.0631 148.7267 324.5010  45.0001 230.2616 201.7014 380.5412 178.3532 433.1224 
201.3386 328.8409 181.0406 156.5929 316.5858 161.2465 440.1991 441.0094 219.0861  98.9176  47.0000 188.4821 140.0022 164.1259 448.0629 389.3573 401.9237 105.4033 400.1772  13.2797 147.5828 415.4060  64.0159 372.8836 416.8128 
252.8497  51.9661 111.7617  11.0933 117.4580  66.2286 122.5610 259.1322 229.0094 205.7820  95.9917 156.0610  97.3420  14.6080  51.3449 438.7960  67.0008  85.5952 256.8891 298.9507 366.4971 147.0202 142.9920 317.6506  41.0074 
343.6616  75.1610 293.4778  27.1675 148.2251 330.3134 392.0000 210.6025 107.4192 207.6034 165.0060 254.9118  23.4433   4.8807 322.4202 355.6111 267.9120 220.4258 373.1140 331.5742 374.1537 441.1178 332.7324 210.3131 203.2817 
179.6348  80.1258  67.2092 424.0699  14.5180 347.7947 225.4618 336.9977 291.4213 244.6968 352.8072 164.2982  55.7391 423.8082  82.5717 395.9121  87.6890 172.9025 386.6883 215.9822 428.3869 124.4024 267.8152  65.2427 149.8257 
237.9726 219.0201 305.2202 370.1131 418.6799 135.5193 307.9173 394.7438 437.7307  27.8723 271.8406  79.9800 157.2340 313.5870 165.5171 167.5968  97.0105 141.3827 332.7382 116.3836 385.8734 100.0117 306.9711 280.6549 256.1771 
181.9511 253.1315 290.4775 242.9785 242.0554 381.9131 375.9963 385.8433 209.8984 198.2538 130.9726  54.5874   2.0072 243.3484 378.2604  53.3550 282.9700 125.0153 144.9236 129.9840  57.8608  53.2976 124.9588 299.7503 181.7608 
320.8407 367.1164 172.0165  67.0042 102.0638 275.5579  91.3998  53.9787  62.3045 388.5971 415.9786  48.9468  95.4540 141.6047   8.0524  25.0054 268.8518 113.9977 289.9360 402.0002 369.8569 403.4566 331.6628 157.6644 168.2169 
358.2499  11.8061  98.9704  76.5075 113.5309 211.5309 288.7339 437.9515  22.4215 398.7220 133.9999 356.8879 151.3240 274.7134 115.2899 234.3551 151.2019 398.6466  46.9475  72.5136  27.0905 360.6055 198.1769  91.0043 162.8073 
193.3723 226.6876 165.9402 194.3450 318.5674 306.8512 184.1403  82.4928 104.6211 186.3153   3.1104 269.9936  31.9005  97.4264 350.9724   1.2369 304.9024 261.9645 435.4393  87.3692 395.1724 417.9510 322.4808 211.6229 219.1717 
163.0198   8.4178  95.1979 178.0952 370.9746 168.0009 222.9374 120.9747 269.4226 353.1479 309.9833 149.9420 339.0359 269.2943 286.3650 155.8852 430.3217 442.4465 300.5535 190.2160 416.0642 444.2093 256.9956 419.2046 156.8319 
174.2484 372.8111 313.9487  89.4579 308.0000  81.4967 168.1432 145.0003 237.0007  22.9066 103.6644 251.9972 238.8505 133.9583 124.3296  36.8863  47.7497 387.2618 142.8977  94.9931  45.8150 409.9390  96.2038 299.8009 263.4178 
 56.6355 434.5023 425.8807 144.0340 353.1051 356.6368  64.4030 126.7265 200.4464 437.0806  82.8521 278.7390 392.1876 264.1717 375.3205 172.3466 319.6694 303.4275 385.8542 352.2192 291.1147 188.9463 321.0616 338.0250 254.5132 
432.9998  77.2056 222.0318 357.0138 126.5822 346.7952  74.8224 140.0028 210.4131  28.2192   1.8258 328.9504 356.9983 304.7051 290.3539 106.0796  91.2189  58.9767 210.6442 125.4356 434.4214 227.0698 141.6693  52.8862 152.0268 
399.4923 167.1262  88.4178 283.1959  97.2962 338.8940 449.9017  68.8781  45.0034 341.1348 185.6302 175.0107 243.2497 383.8280 242.1322 328.7231 213.3191 420.0251 198.5825 317.0036 145.2307 236.5225 190.1034 221.0947 434.2707 
192.2678  74.1721 169.8359   4.9769 295.6154  60.1478 270.5308  22.0200 183.6965 448.4898 395.0432 325.4699 239.6710 265.9612   2.1937 222.2424 293.8270 247.0180 279.0299 262.7023 240.0274 312.9370  71.5637 428.3295 357.2819 
447.2153  33.1125 268.1821 250.9583 282.0815 151.0259 422.9999 204.7104  39.4592 206.1358 429.0275 147.9995 226.1173 312.3168 147.2838 427.9477 232.4482 126.0160 263.9582 136.3555 158.0911 184.8765 279.4847  69.6627 436.0443 
 84.0021 239.9578 441.4966 323.7844 252.0216 394.0407 377.9195  28.0896  12.9958 189.8122 147.7302 199.4283   7.6587  71.0362 329.8320 283.8024 123.9442  86.9508 296.9128 243.0384  83.3113 135.4426 209.4073 368.8938 283.7911 
 50.7284 220.5120  35.4144 298.0006 358.9562 377.2124   1.0967 154.8389 198.7896 120.8967 306.4203 234.5726 381.4139 421.9037 126.0993 417.0043 425.0380 135.5311 306.9814 296.9447 313.4718 102.4021 235.4045 289.8416 150.7105 
254.9999 239.7282 223.0232 347.2485  13.8819 163.7191  12.2201 298.9133  52.4916 355.0342 295.2443 132.6000 309.9546  19.6366 423.0084 422.5622  69.9848 155.0773  12.1620 107.2113 444.7181  55.3216 327.3101  45.0020  25.0015 
252.6675 248.4777 298.1483 136.1067 245.7838 198.4206  21.3369 253.5611 276.0130 370.8174 225.6872 413.9838  13.9848 204.8003 165.8543 196.3455  41.2093 225.7368 437.2277 205.0117 111.9937 107.5641 120.7395 159.8000 353.8516 
134.9405 289.0432  13.0243  21.2003 435.5479 381.0904  24.0252 405.7657 167.9981 137.1384 251.1384  23.9638 139.0063 426.2134 174.6299 400.1050 426.2387 131.7113  90.7916 291.9586 376.4851 258.1628 372.3161   3.7742  42.9227 
251.5700  57.7204 166.8895  37.1340  30.6033  80.0914  51.7735  64.3718 116.0362 352.4836 322.9610 352.6695 218.8168 316.2265  48.1492 382.0147 247.1740 161.1149   3.9049 219.9660 396.8180 247.9989 389.3121 398.4190 325.0698 
 72.2425 122.8067  66.0017 354.7071 329.9388  62.2889 325.0596 330.7220 124.2982 336.9947 409.0311 334.8054 440.0884  22.3763 148.5126  22.0549 211.0456 176.5013  74.3969 438.5313 285.3538  76.8690 303.3043 293.0190 383.9966 
266.9593 196.6839 125.6287 355.5213 204.9977 192.9824 352.6883 390.8728   5.4818 144.0694  76.0251 439.4479 226.3315  44.7105 425.3316 399.9293 265.8816 259.4417 340.3615 107.5885 320.6800 297.7555  10.0955 445.8940 420.5668 
277.0700 108.8851 117.4617  58.2297 418.0391 322.0000 384.5670  54.4283 173.0133  76.4567 277.6880  71.0059 343.5749  21.6444 352.0028 128.1222 226.9981 386.0004  83.0409 404.6429 317.9919 233.5085 317.1691 188.3402 151.0103 
152.0212 142.9363 365.9789 159.0029 432.2724  12.2203 187.8005 140.0009 279.6634 179.8658 442.6148  57.9978 366.9608 229.7109 350.9989 361.1441 364.1694 344.4063 408.3235 142.9926 146.5732 359.5580 169.6581 202.2474 255.7785 
170.4759  70.2340  28.2561 239.0043 244.9988 361.1723 100.5227  60.5658 229.0462 373.9979 182.3901 190.9955 377.4135 396.5435 174.1356  15.0735  41.0323  61.1500 159.6586  23.4481  85.0912 152.6946 415.3245 182.8411 338.3651 
 86.0860 209.8075  83.2524 168.7219 235.9907 221.0167 112.7037 442.0000  29.0738 291.1260 384.0709 148.5150 324.1276 138.6851 166.5929  81.1038  50.4408 179.4370 368.9831 130.4130 262.9816  89.8253 204.7276  71.4628 179.0771 
 51.6528 309.4297 220.3319 156.0880  95.7497  95.7806 142.9504 339.1771 448.4430 278.6601 260.2158  88.0044  90.6912 196.6655  11.9087 291.9213  79.9562 175.5978 389.5638  48.0990 364.9947 389.6345 363.9642  67.8609  60.0738 
237.7629 123.0740  88.0151 315.4644 361.7731   5.8451 449.1182 145.3313 287.8498 430.8968 261.0006 404.9768  33.1691  65.1086 209.4858 334.2534  92.1070 314.1318 122.0052 326.2454 116.0804 133.1671 230.6179 422.8121 370.3232 
328.9831 340.8777 359.2108 220.3300 418.5870 210.0000   9.9374  65.0548 296.4106 442.0001 279.2554 269.9085  44.8871 334.2039 296.5446  71.4050  84.0027 345.1666 201.1296 190.1567 357.1187  26.2814 302.1524 336.0134 278.8786 
177.0279 448.9930  33.3127 126.9595 303.1922 370.7363 188.0537 119.4740 271.3853 138.6967 114.8502 302.8224 165.5404  19.8859  23.4060 235.7554 278.4914 323.7457 178.0011   4.2031 100.0359  15.0705 163.9457 330.4505 140.4503 
 43.9487 210.7711 350.1822  16.6718 360.9985   3.3770 442.6113 199.0952  76.4871 168.9865 425.8281 334.3898 428.2795 221.0001 305.7976 361.3568 267.6711   5.3644 170.2035 252.3978 190.9325  11.8694 325.0002 242.0259 243.4132 
322.0258 175.4190  30.5307  60.0129  58.8829  89.3947  58.2008 136.5957 128.1180   8.4393  61.1166 327.7958 355.2034 305.2037 112.9456  81.0000  66.4561  60.0299 413.8063  94.7473 225.0054 145.4656 336.5230 147.0000 351.9705 
328.0741  76.5723 149.9806 115.9956 240.2722 273.3394 386.0317 135.9197 204.5327 306.7112  24.0005  54.7580 422.3635 364.3724 219.0062 118.9937 378.3049 101.8050 373.1525 299.6952 447.7810 226.7442 362.9472 402.9894 127.7686 
281.1072  35.7563 342.8681 262.4143 350.7350 139.4054 270.9883 400.0440  39.8612 444.2696 155.7657 114.0230 402.9993 259.1097 133.2134  12.2542 396.7382  50.0052 382.2095 412.0346 323.8327 420.2491 130.3937 157.7861  19.7509 
322.5340 200.0131  76.7549  18.8313 444.2446 433.1050 264.1405  32.6848 402.4842 325.3752 281.4357 289.6470  11.0021 419.5969  74.3377 192.6634 170.9231 381.0570 236.0756 115.3849 127.8556 283.6297 151.6850 396.8783 181.3995 
442.6512 228.2136 362.0323 310.8407 259.9750 226.0124  39.1933  97.5007 400.4424 143.7680 328.2538 106.4342 219.3565 136.3174 384.1181 230.8320 234.2744  12.9450 144.0228 412.0414 166.4375 124.3879 327.1886 410.1088  82.4840 
377.9679 433.0901 314.7988 286.3994  87.1098 306.0976 275.1568  18.1071 136.0280 281.5496 263.0042 331.3882 185.2983 128.9997 217.9933 359.4187 304.4121  20.0976 343.8078 369.6426 285.4920 370.1939 117.5408 356.6847 345.9399 
172.9996 373.3173 168.9949 152.2790 291.0061 259.8929 407.4637 205.5142 384.9125 268.0542  25.0095 292.4365 310.7258 370.3695 302.2811 303.5090 426.6632 384.4258 113.6345 263.9642 426.0083 156.9959 421.0159 243.5802  18.8651 
117.5682 206.9744   5.6450 422.7038 204.3203 381.0367 268.3825 159.1769 174.0051 445.3478 319.6005 161.0907 263.7972 194.2788 394.2172  92.7512 314.4361 101.6363 314.2484 321.3100 167.8511 345.0378 260.4210  62.9045 267.7995 
417.9864 339.0250 165.9722 347.7121 417.6648 436.3226  81.0294  51.3887 256.0033 285.4123  18.9779 149.2558 432.3774 228.9721 195.0537 402.7691  20.5239 394.0369 234.7798  50.0017 144.7451 244.9965 304.0233 349.8738  29.8220 
258.5182 359.6213 151.5566 196.6813 172.0063 150.4900 183.9936 270.9556 115.7165 388.7388 268.3550 235.9963 113.4015 319.0868 380.8279 128.0069 259.2733 332.4399 291.5161 286.9617 397.6243 435.2147  67.9839 425.1781 167.1479 
299.4872 253.4658  76.3398 429.6891 242.1417 166.9940 327.9564 408.5430  53.2154 103.3917 334.0632 228.1755 239.9805 256.1797 320.2368  85.6287 156.9988 272.8862 239.1358 201.0584 410.0984 375.9140 149.6074 180.5345 105.3684 
215.4246 427.0410  32.8567 318.1177   3.5808 438.4265 146.9995 411.7098 252.0974  75.8240 250.0356 287.1928 275.1420  60.6880 415.0791 403.2045 145.0459 443.7654 305.2714  25.3861 227.9764 413.4677 315.6014 230.0020  76.0000 
323.8077  14.3442  10.0081 269.2865 207.4132  81.5282 430.3885  54.4120 265.2153 209.2872 283.6802 243.0907 243.4870 117.4635  71.2302 392.2104  46.4680 379.0338 109.9333 305.5902 199.1997 281.3497 426.0348 422.8981 104.7556 
305.8608 408.7898 218.2837  93.5723 401.6833 410.0420 242.0001 313.8059 399.8281 149.0298 401.9991 262.8147  51.8848  42.1186 124.7820 372.8949 102.2778 301.2679 352.9837  47.8601 140.4269 232.2591  53.4496  71.9824 405.8318 
 90.2597 318.7364 177.9227 107.6620 303.5752  74.9420 263.0103 311.0256 180.9458 339.2773 394.0250 409.9702 102.8852 118.8230 187.3165 133.9416  35.7138 307.1768 209.1038 286.0953 120.1218 110.0131 439.0899 421.0196 279.7643 
445.9978 115.3238 167.9798 317.1104 399.2625 138.1482 345.0198 268.4066 108.4469 304.2668  99.8359 318.9462 310.0106 422.9987 222.0044 243.9877 429.9880 406.0354 386.0633 255.5292 431.8224 223.7216 226.4560 326.4978 403.5863 
  0.9366 344.7951 220.5324 414.9098 221.2417 255.0623 104.0580  85.3489 125.2910 171.3139 378.7582  74.0722 249.7606 237.0002 208.6194 102.1060 307.9972  70.9745 285.9903 109.0008 424.0008 289.2636 208.9877  60.2895 429.8967 
 28.0597 110.0082 282.2360 232.1132 443.6707 149.8162 314.9999 351.7984  52.7988 167.3580 185.5140 308.0037 396.9732 301.5286 290.1226 261.4054 393.3550 367.3114  79.0633 307.9668 305.5648 316.1839  94.0872  43.6393 306.2423 
120.3448 310.6775  55.0610 327.2714 238.1309 423.4664 208.7449 119.3761   0.6189 396.2190 288.7011 113.8691  83.7156   5.5802 316.7797 239.0052 417.0269 273.6212   6.4423 301.1106 387.7192  10.4387 362.9661  74.9514 337.0153 
407.8419  28.0775 298.8204 236.9096 432.8409 138.9992  12.9782 374.8735 342.5155 429.8948 136.5877 234.0356 192.0821 122.3993 438.9533 316.0027  43.5158 121.9957  64.2734 317.9995 280.0497 321.2712 281.8263 428.1256 365.3349 
274.1895 314.5697 271.8052 423.1313 448.8016 348.1489 161.9276 340.1855 134.6704 438.0232   8.8978   5.5100   2.5933   3.7880 144.9855 144.9168 142.6040 434.9788  72.2704 108.7571  85.8820  51.9265  39.8859 394.1929  90.7353 
242.4431 447.3029 294.9932 239.0466 269.0608 125.5799 328.6524  49.5875  58.0662 210.0416 112.1065 441.7006   8.0083 422.9625 322.4359 341.6374  29.8352 381.1744 229.9275 338.2716 301.8019 348.7378  43.1032 309.9455  34.0001 
386.9491 194.4038 308.4539   2.0165 378.8809 188.4657  91.0136 408.9095 214.6181 113.3117 416.5379 232.8744 314.0548 376.2093 371.2995 157.6107 439.0595  14.9959 443.2972 192.2446  92.9488  86.7684  21.7353 111.6290 206.0904 
361.1366  28.9789  88.9876 167.8369 431.9799 347.9931 273.8861 236.1494 289.5633 173.9997 259.2813 230.6781 144.6267 118.2650 424.3551 195.7351 441.0120 277.1652 348.7497 104.0136 378.8982  15.5861 237.0151 316.3958 220.9732 
295.8553 424.1693  43.0387 443.4687 243.7790  67.6588 236.6386 383.3034 224.6470 281.0552  68.4272 286.1777  18.0256 331.4307 338.8529  52.0769 139.3221  67.2358 439.1545 271.1342 263.5046 221.5417 416.2367  83.9493 326.0722 
273.7878 219.2519  18.1404 101.5494  23.0981 277.5825 316.9631  15.9375 208.3633 307.8573 306.4138   4.9553  36.0024 140.9999  86.8607 259.0336 269.6112 131.1257 366.0553 173.9742 190.2152 408.7787  56.8940 403.9722 292.7956 
436.1857 105.0195 237.2172  26.1270 186.1899 273.3317 277.8471 105.0244 214.0658  66.4300 223.3428 121.3568 130.7183 235.2264 346.3223  52.9224 408.8259  41.3974 214.0862 305.5048 298.9241 350.0439 384.0012 236.8874 374.9789 
261.2527  42.8359 304.2091  55.9965  42.7086 364.8380 180.3686 445.5981 102.0100 134.3482 219.8695  67.0174 264.9597 185.9998  34.5676 367.5858 203.3530 234.5971 257.4474 113.7274 256.5950 120.8024 110.3306 298.5713 274.8266 
403.8658  30.3695 381.4383  69.1583 383.5162  17.1219 344.4344 197.5147 104.8115 369.4801 262.5009 215.1695 380.0123 229.1101 431.6855 163.1644  32.6442 211.0029 183.8562 226.9877 376.2716  70.7659 315.0279 298.9964 259.1066 
 56.7357 397.2847 229.0068  76.7784 156.4298  29.2963  23.9663 126.3378  27.2888 239.8170  37.7986 136.9687 247.3913 145.4263 137.4675 329.2786 304.8981 109.4913 151.4032 302.7443 423.6454 171.7969 217.9364 110.9879 300.0000 
192.1543 395.8365 374.0000  42.5823 253.5814 199.2716 436.1928 143.3893 156.7624 353.8975 236.1591 345.2499   4.4608  80.9594 349.0068 435.0008  75.7380 131.2308 246.8282 311.0695 221.9536  18.4578 378.0382 173.0497 293.7257 
139.9824 324.6289 439.9396 160.4488 327.6389 358.0182 343.3715 224.1977 205.9963 342.2191 325.0844 185.3381  60.1069  73.9004 224.0731  94.0029  27.9984  71.5302 450.9485 195.0001 277.6498  96.0819 394.1648 187.1048 331.4905 
228.0257 393.0169 222.0489 170.0016 383.4208  61.1655 261.8368 203.5152  90.3051 342.2438  93.0864 339.2349 140.1243 192.9806 387.3613 178.9896  49.4053 216.9865 102.3315 180.4394 210.8359  27.9518 368.9102 430.2435  51.2391 
 93.4177  23.0291 426.8371 248.0318 372.5383 247.1687 346.0545  69.5821 328.4711  67.1057 368.0866 293.4317 397.0758 177.3835 265.4690  82.1235 181.6689 382.9936 318.6553 346.3185 236.8839 440.9976 118.9963  25.9701 336.9557 
298.3351 346.9997 151.8509  71.9283 413.1227 434.8550  98.0002 397.0165 155.7993 359.9660 442.4706 405.4796 187.9892 156.4028 265.1190 220.9844 386.9457 286.0254 240.4920 287.1172  21.0000 267.2686 394.6359  19.9609 437.0231 
189.8004 341.3861 242.1139 409.0755 257.3276 325.9634 266.9789 229.7835 319.2625 405.0023 170.1694 138.4256 396.9461 234.9879 252.9584 379.4710 420.2746 132.9296 349.1898  43.0009  85.7637  68.6383 438.9667 195.7960 151.0218 
170.9977 326.9836 408.8580  50.3073 239.5616 354.5133 139.2889 307.9204 400.9987 155.9084  54.5014 400.4688 379.1231 180.8870 433.9832 423.5803 362.6447 312.8072 332.7890  87.4096 378.7893 162.0409 383.4417  74.0497 301.9977 
325.9797 281.9470  32.6375 180.0618 262.0198 126.8498 372.4321 216.0109 433.9977 418.9022 168.7480  83.6688 350.0318 165.2636 226.9096  49.0053 185.0467 220.3286 169.5063 156.5976 110.2089 121.9299 256.7696 158.1828 307.9997 
331.9131 236.9930 101.1070   1.0176  33.0793 400.0802 319.0690 101.6759 121.4104 237.6345 298.9648 349.3911  14.7204 357.4066 408.9040 221.9965 213.0008 382.2635  35.7817  56.5937  27.5208 385.4200 102.0693 279.4623 379.9812 
429.7964 353.5288 309.6381 448.9092 301.1078 288.5472 227.5812 143.6453 244.9865 143.0000 193.3486 204.3718 413.4045 438.0002 249.0016 230.5733 149.0071  24.1103  64.2776 121.1535  67.2203 429.0130 225.4958 225.3153 345.0180 
275.1420  66.0184  35.5809 338.7695 285.6093 282.5458  28.7409 270.1402 125.1439 359.6174  89.4793 242.6371 239.1478 250.8317  87.9089 225.3794 240.9157 158.5341  29.7312 291.5581  29.8732 256.0694 441.9722 176.0249 243.1747 
 62.4110 366.2350 258.0176 226.1888 346.4287  83.5008 267.0729 301.8116 267.4304  70.8372 356.7454 141.5498  59.0638 274.4935 109.5364  85.9955 349.0051 203.0008 316.5637 417.8773  81.1484 338.0017 277.7264 147.4180  36.7542 
 14.1513 114.1388 157.9119 160.9191  75.9815 131.5741  18.9218  75.0051 396.5947 360.2448 383.0982 382.6065 385.0664 254.9709 206.0936 434.8082 359.9131  80.9770  15.4226 349.3228 244.5405  97.0517   2.0197 110.1761 446.5560 
288.1622 311.0345 346.8561  68.5362 433.6029  50.5453 435.7920  26.7900 429.0935 111.9483 264.4441 230.7736 340.0016 404.9021  23.8576 127.3645 395.6142 312.6968 150.0699 230.1629 429.7224 188.4633 166.2246  46.4443 310.2487 
266.9951 203.2983 231.5319 408.1440 323.1794 383.3291  92.1393  27.7454 248.0607 220.9283  64.3242 257.7285  73.4614 141.9956  37.7744 332.0000 140.3118 237.6440 309.2595 250.6164  11.8162   8.0764 194.0195 157.3647 394.0110 
265.0642 128.0379 166.9097 177.8513 347.3788 176.0072 156.4549 255.0269 281.1485  97.4451 376.0291 372.6968 181.8261 150.9571 198.3454 248.8211 411.8054 314.1031 234.9011  34.1076 294.7655 166.3151   5.6516  67.3246 385.2965 
 63.7458 185.5397 263.8808 315.9999  61.0418  39.9978 330.8140 180.1158 163.0073  39.5683 368.9278 121.1682 264.7685 419.4356 346.7553  79.2500 295.2624 254.0190 306.8458 409.0732 341.0249 137.6216 184.4637 377.9765 261.8015 
  9.8726 140.9204 136.3462 219.1747 259.6484 426.0435 296.8327 163.2125  44.4834 140.6705 228.9999 361.9852 448.9783  49.9663 139.2263 397.5970 154.4665 321.1542  88.9927 168.8283 208.7971 428.7339 259.0045 242.2517 194.9631 


4.9271 3.4765 6.9194 6.9645 7.4114 
1.0764 0.5636 3.6946 9.9995 1.4936 
5.2030 6.4334 3.0185 3.4819 6.3653 
6.0721 1.2720 5.9899 0.6371 8.0567 
9.9594 1.1757 0.0413 8.9641 3.3465 
4.8698 2.8015 1.8699 8.4279 4.9879 
1.2274 0.0269 6.6651 9.5947 2.8482 
6.0629 8.9976 5.0062 6.0529 3.0054 
7.0236 2.9930 3.9706 8.3701 2.3365 
6.9984 1.2744 3.7640 1.9660 4.9971 
8.4844 7.9979 2.9723 9.5146 2.6168 
4.2737 5.7028 8.9102 3.2894 1.6761 
6.6470 9.2190 3.3783 4.2214 8.0200 
8.8174 8.4264 1.5242 5.9506 6.9666 
6.4752 5.7387 1.8027 3.8234 1.6979 
5.8693 9.1046 3.8809 8.0036 2.1070 
8.7619 5.7502 1.7492 0.3223 0.0635 
0.1692 4.1747 8.5249 5.9963 3.3182 
9.9973 6.9139 7.0301 6.0200 9.7220 
4.3571 1.8780 1.3149 8.6211 3.7205 
2.4208 6.6106 6.0279 8.1509 2.0362 
1.2544 6.9017 8.7731 0.0601 8.6424 
5.8456 8.9209 7.1459 2.1068 2.3844 
6.6460 7.5358 8.2849 4.3556 1.0703 
3.0299 8.6148 3.1298 5.7492 4.7102 
