100 50 10


17 8 34 10 8 30 31 12 5 24 7 5 9 14 9 10 5 31 15 33 11 27 6 33 21 18 7 8 6 28 9 32 26 10 26 19 22 12 15 9 25 31 25 8 18 12 26 6 8 13 31 12 16 24 14 14 6 30 23 26 26 10 12 18 11 22 25 22 24 33 11 6 11 25 24 27 24 7 12 19 18 25 27 21 27 31 35 11 23 6 12 8 27 28 8 25 29 35 35 8 

1208 480 1395 579 1114 1365 370 897 535 1010 1180 781 1107 1387 683 345 704 416 366 1079 1452 591 1280 542 870 1413 1263 641 1288 451 1415 939 1331 549 664 939 865 602 857 488 462 330 763 975 485 551 895 384 806 1159 

1428 1099 1695 3943 1320 3416 3148 1066 1235 3926 


331.9995 169.0568 133.9997 113.9958 147.9292 402.0376 235.4269 375.1320 404.1437 187.3992  52.2845  24.8871 393.6626 182.2174 372.9762 436.6150 150.3772 135.0009 428.2270 119.9456 268.6469 364.2645 301.8251   8.8513  98.9012 276.6052 132.6512 180.9094 214.0366 439.3532 108.6654 375.5868 429.0820 404.2541 187.9619 152.0074  26.7013 384.3382  16.7913 290.6622 348.9754 319.8404 284.0785 162.0271 397.0018 443.9970 171.7642  54.3651  73.6942 134.0642 
102.7256 102.0001  44.3649 162.4116  55.4849 158.5693 205.0993 190.5587 165.7559  60.9783  15.8128 182.3698 310.4503  70.6787 281.5146 127.6709 351.7693 425.8305 378.0193 424.7105 305.0577  23.0762  25.1941 435.5982 195.2686 157.0091 189.2713  26.2536 215.0044 311.8696 283.4202 302.2903 235.5238 336.0277 394.9515  35.6852 345.1499  74.0645 374.1067  15.1343  31.9958 244.8982 324.5045 396.0421  51.1041 247.1484 175.3532   9.9999  22.7778 188.5419 
 24.8888  29.0012 140.1900 169.3514 219.1221 272.4391 337.1580  51.0362 435.1390 370.1480 201.5312  39.1450 338.0436 416.1145  75.5740   3.6523 147.0880 438.5232 133.1691 196.9797 292.8230 233.3778 286.9710 333.4522  12.2973 434.4848  14.7658  41.6833 216.2976 207.0371 175.7618 361.6189 131.5386 402.0404 170.9485 441.8429 180.6034  35.3541 256.2143  69.9312  17.0995 102.5007 209.0510 188.3939 353.6201 445.8353 117.4446 362.5382 201.5959 259.8328 
325.0323 325.8281  40.3726  34.3448 203.3816 361.9122 103.9509 292.8910 377.6389 447.9422 157.1595 326.9562 211.9433  39.3900 338.0704 395.4343 163.2200 364.4201 240.9545 353.3410 137.9999 172.2988 129.3383 211.9747 219.0835 124.7891 342.2120  83.4528  54.0629  67.8158 279.2059 235.2446 251.3374 245.9565 205.4616 145.4806 341.0251 297.4036   1.5225 307.9991 393.9999 148.0063 107.7520 240.3914 366.4208 382.3034 176.1756 314.5675 403.9121 101.1651 
101.4513 331.0632 261.1051 215.2091 192.3121 223.1218 395.0136 424.2944  48.9920 195.6950 380.5580 373.3441 379.6152 399.1193 369.5371 295.9423 131.9750  47.9760 426.2299 173.6650 116.9997  23.9632 317.0275  62.9635 431.8673  87.7683 247.0430  36.0731  99.9116 112.9422 209.3284 243.1013 259.7506 357.7459 444.9949 161.6892 416.6830 227.9562 186.9936 375.1218 384.6941 110.3975 344.5825 384.2866 308.3500 347.4268  87.0136  11.8551 325.7343  10.6119 
113.3124 123.3708 303.6070 146.0301 137.2738 299.0180 337.8042  22.5785 171.6934 370.2269  13.9134 258.9974 232.9461 423.0005 169.9450  58.5231  68.1495 318.5391 300.6358 204.7951 368.0070  25.9171 114.6367  82.4528 437.0011   5.3346  63.8113 190.4029  69.0764 177.5785  47.9835  50.5514 109.8779 385.4675 151.1048 221.8949 277.5728 429.9932  28.0569 105.0074 358.6431 110.0338 164.9328 257.3900 321.7037 249.7868 331.0162 278.9955 217.0151 277.7784 
344.5804 236.9503 310.9976  90.5749 150.7545 419.0429 439.1209 225.0054 350.0119  56.9992  53.9854 131.5870 256.0976 356.1898  74.7391 354.2702  51.7956  53.2260 194.0887  31.0950 143.9921 288.3567 144.6213 336.2430 208.6956  48.4265 149.4049 334.9088 442.9917 112.9569 358.2601 183.1741 210.0004 307.9836 336.6885 329.4609 240.4264 185.1365 228.9977  49.2277 266.4284 342.1925  84.8000  45.7552 373.2836  41.7045  96.0178 185.9388 327.7982 250.8177 
389.9939  22.0361 435.0718 178.6012  36.1437  63.7347  30.7135 199.9657  96.4928 204.9995 389.4579  34.1861 220.0864  76.8983 400.5664  50.9996 185.1335 234.0069 312.4835 266.2362 118.9956 297.0081 357.0442  75.9804 355.6021 148.1823 296.5982 199.9743   1.7336 176.1846  17.7317   4.1018 319.9987 150.0364 191.5540 382.9763 434.7447   2.8315 265.2736 114.9245 362.0880 186.5307 319.9938  42.1072  88.6299 183.1099 408.4328 346.0578 262.0277 178.5273 
193.8805 341.9514  65.9481 426.7138 330.9948 386.0108   8.0182 167.2964 348.3897 102.0218 246.6586 197.4686 144.5588 375.1685 324.8743 182.0460  68.8380 138.1036  41.0615  67.9531 183.7181 199.0818 187.1695 178.9170  34.7547 238.9335 308.8121 180.4446  85.8635 381.0629 387.7036 265.0540 264.9658 104.5807 221.2344  72.0953 281.2608 219.1537 138.8448 417.0275 135.9167 232.9055 205.0694 297.5424 399.9895 266.9457  24.0469  31.8867 169.9972 218.7798 
160.1716 437.1232 136.7193  23.7226 304.7688 421.1930 301.8119   7.7287 181.1230 207.5712  29.2373 137.7109 353.9234 175.3365 191.5435 341.9762 176.9457  41.0755 286.4394 422.1131 337.9644  85.1072 268.0096 231.7754 336.5787  58.7824   3.2087  39.8072 211.4046 362.9490 413.0200 145.0068 233.9328 211.5389 127.8609 154.0001 193.2967 445.6431  20.3140 354.8121 342.0203 392.4406 169.9596 147.6466  58.3759   8.4174  65.9864 378.0525 158.9006 340.9538 
 74.9897 221.4133 345.4718 391.0169 438.2035 290.7989  96.1451 435.8591  83.1916  35.0762 419.1356 110.3489 375.0005 244.3152 374.9804 384.6559 138.2107 284.5162 262.6655  42.9362 323.8071 376.1731 255.7357 426.0689 370.9911 393.1096 120.9983  60.7860   2.6348 184.6371  50.4561 336.0001 170.4203 262.4452 375.5745 155.2732 272.6049 424.5288 310.2107 394.8124 307.2326 327.0235  92.7315 102.9487 341.5675 119.2109  22.9979 137.0443 341.4570 164.8667 
 74.9845  92.8404 111.1584  96.1138 185.6441 271.0000 399.9585  60.9014 147.8904 351.7196 380.6312 270.2472 160.7805 204.4142 219.0346  58.9545 287.9963  62.2635 442.0635   5.8213 435.6847 233.8423   3.5401 191.2482 198.7160 375.7628  47.6783 174.6077 113.5126  96.2671  24.5746  18.9820 198.4395 387.9638 438.5813 329.4104 414.0178 317.7780  37.3894  29.1523 221.1068 353.6971 211.5629 317.0276 369.6168 216.7284 300.8310 171.9870   4.1598 364.4505 
209.3926 394.9731  28.5062 106.1133 191.1457  70.9407  95.5644  42.1307 149.5201 218.1949 167.0008 179.9388 251.2887 125.2654 120.8476 376.6790 446.1548 277.4914 226.8495  72.4634 115.6560 383.1070 408.3304 380.9479 161.0876 309.0972 167.7209   6.2456 220.0008 362.9099   3.0001 233.4434  81.7844 436.0897 262.4409 229.5717 195.1139 385.8224 302.0796 203.9814 302.8971 373.4902 139.0792 114.1347  26.0761  99.7072 322.9496 301.9305 127.9096 392.5154 
435.1530 296.0411 413.2980 124.2437 335.7567 348.7640 137.2150 291.3155 252.5147 216.1147 344.8503  45.9941 415.6944   3.6080 216.7740  57.9821 248.4826  22.9855  55.0805 146.7697 180.9978 254.0742 423.0009 444.0540  81.9917 347.7699 337.0879 220.7799 293.9268 221.2808 343.6517 162.1739 244.2989 417.9893 250.3896 400.5804 434.2725 368.9200  73.0185 409.0672  38.7522 117.2986 111.9785  46.9485 442.5337 359.4066 304.8172  66.2435 256.0909 230.1385 
 79.9056 144.2054 411.5155  29.0099   6.6850  21.7731 313.7854 157.2807 265.9748 343.1478 227.1030 302.0861 263.5072  37.9058 180.1496 290.0090  19.7815 209.0021 422.8971 114.0704  82.1841 100.5325 300.6045 431.2289 252.9818 147.4849 300.8051 126.9994  59.6353  25.6635 298.9973 107.1978 303.5711 288.4892 188.7312 193.0733 401.7657 343.0262  72.6176 360.8932 182.0791 425.0185 350.7206  66.1270 386.9563 117.1997 181.0386 411.9709 387.0094   4.5093 
274.7281 225.3695 173.0441 205.6962  85.6376 344.4726 209.0344 194.3550 378.1645 268.2807 433.7651  43.0871 361.8865 241.8979 136.8427  18.9987 115.8488 210.7555 282.7921  96.0365 125.0443 318.0362 158.2774 402.5349 327.9198 294.0645 329.6618 322.9200 326.6852 104.2695 319.4706 383.6377 156.2682   9.9903  97.9617 441.0432  85.0755 212.9045 346.5955 129.7567  73.8727 390.4646 406.9978 214.6805 204.5303 292.9017 149.0603 308.0582  82.3473 214.2737 
 14.8040 443.1410  81.7615 313.8209 111.8943 391.2479 255.9839 348.2038  58.0934 303.9063 347.9751 310.0058 398.8211 363.1140  50.4208 387.8414 311.6285 139.0544  83.0221  40.1408 101.0663 250.6722 388.1680 111.7029 319.7896 199.9878 351.3030 149.9564 404.7842 434.0163  76.6568 120.9893 442.4484  69.6849 256.3719 319.9519 107.3103 251.6164   7.3241 105.9831  92.8126 346.3896 447.9902 358.2976 285.7444  91.3098 117.6430 384.3973 115.0177 247.6143 
203.5901 101.9364 290.4364 418.1722  21.3791  50.1358  45.9230 172.3410 194.1664 294.1912 283.7746  21.9976 436.3093 306.7270 217.9534 296.4362 254.4497  87.7284 234.3903  96.0136 133.9769 441.5669 314.6180 185.2544  71.8464 205.1240 398.9084 389.8354 338.2443 391.0034 253.0023 378.4931 142.3692  30.8301 269.0130  29.3363 431.0061  78.1473  94.8867 327.0199 171.3536  43.1923 381.5422 145.9937 335.9998 279.9591 177.3424  97.0119 112.9655 330.7013 
312.2623  73.9947 134.2556 251.1493  55.1744 107.7404 320.0035 161.9370 398.0103 417.2650 427.3354 250.3950 188.4944  48.1405 228.0704 186.5673 405.7224 297.8320 109.3440 363.8175 175.8006  62.3958 208.0539   2.5645 370.4266  59.2095  27.8133 213.9992 326.1391 428.1392 249.7977  60.6529 426.3056   9.1893 108.5741 332.3025 101.3547 294.7182 111.7329 267.0684 257.9942 264.2205 283.0312 432.8071 219.2722 385.7013 323.6943 203.0783 136.4908 165.9703 
350.9720  75.0607 346.0081 263.3688 129.9723 384.1121 391.9966  25.0446  37.6570 143.3608 153.0886 181.6484  87.0004 442.4295  29.9785 212.9468  12.2278 110.2173  71.1411  52.3971 257.7364 298.5076 164.6418 357.5430 153.4349 409.7116 171.9991 374.9360 388.9506 271.1538 275.1211  28.7745  14.9565 167.9834  31.6201 329.6769 393.9636 240.0365 280.9268 400.6627 251.9564   1.7995 111.9336 392.9085 129.5936  37.0595 188.4696 189.1521 228.6261 379.8971 
376.7522 179.3052  42.5206 299.3547   7.1455 333.2601  12.1409 127.4692 342.4479 243.3032 120.9920 113.0240 182.0086  99.0003 106.0511 175.2697 107.3571 168.2534   5.2528 155.9930  97.9930 176.0582 207.0001 436.3064 220.8612 318.9449 409.4577   9.7403 353.1068 323.8108  56.1997 116.6365 354.9993 345.6520 198.3790 411.4344 432.0741  90.8612 398.7202 321.6832 195.0456 322.9633  93.9401 449.5410 303.9721 407.4492 308.4283 434.8456 284.7090 156.2317 
323.8027 363.9260  46.2990 245.1082 248.7322  27.2616 319.1774 180.5480   1.6106 188.0538  83.9502 284.0012 249.0331 119.1223 170.5942 368.8727  93.4999 228.6806 137.5803 329.2372  18.6550 199.6053 394.4553 395.6099 372.0878  17.0071 444.2146 100.9391 194.6689 197.1646 250.8177  40.3372 271.5750 263.7828 352.8982  45.0073 442.8741 328.9171 430.2806 137.4211 122.9881 389.5276 257.4134 297.5655 392.3948  97.5959 142.7895  82.3440 373.0035  59.2461 
337.4214 416.7274 389.1317  54.9837  31.4471 425.9852 103.9764 439.7971  70.0106 187.7349  54.2920 170.3218 249.9884 359.9154 308.1085  93.9722 154.1861 388.0011 229.4372 201.7970 107.0511 326.0008   9.9746 155.0029 433.2843 112.4957 133.6715 193.6825  71.2120  42.0136  40.8818 391.9538 430.2432 149.1136 428.9970 272.1837 223.9856 108.4626 412.0000   3.4995 342.8979 347.9564 369.6033  52.0016 338.9433 325.0153 174.0577 434.1445 207.1060 262.5312 
 46.6311  10.9677 270.1395  89.9959 349.2502 118.9834 143.9854  34.3146 325.1412 120.1788 105.4220  81.1131 274.6512  23.1013 364.5311 246.2973  91.7892 249.8940 346.9890 227.0098 359.6857 414.2385 432.2417 160.5328 445.0768 182.9709 144.1302 115.0153 126.9490 420.3033 104.5887 195.5288 235.1479 424.5137 224.2311   9.0407  96.3696 108.3688 291.9140  16.3754   5.0805 223.9358 211.7098  17.0237 357.1844 427.1535 186.0735 423.5230  14.9209  87.5886 
332.9657 113.0520 177.0012 245.0772 440.9965 288.5806 228.5718 176.4338 342.8687 290.0094 188.0000  21.4737  67.6246 275.0213 335.9976 372.9893 156.1789 249.3114 220.4267  21.0108  43.6823  80.2798 189.6897 378.5217  89.9491 135.0742 125.6471 397.9444 298.0551 212.0271  77.0911 444.1692   8.4893 179.9361 273.0237 383.5662 439.6487 144.7963  91.2516 374.5729 189.1070 408.9947  87.8895  86.7848 216.1842 296.3468 314.1718 237.0910 438.0724  46.1483 
 39.1535 221.0028 222.8457 261.1299 443.7344 113.9013 441.9660   5.5802 292.8410 425.0394  94.1366  67.8356 175.7805  79.0880 123.8783 208.0000 429.7384  14.8780 157.8423 103.3619 346.8510 394.2465 113.3358 214.5384  91.7801 379.2804 412.5171 347.1090  81.8835 132.0415 108.9008 171.9940 325.4139 436.0007 360.7643 333.4773 271.2278  41.3193 233.8113  79.9369 323.0511 371.9856 340.6956 130.0084  24.7304 179.1788  52.8132 443.1611  71.0149 230.3160 
 41.0009  32.5952  16.1024 203.1341  69.0723 333.9711 214.9803 322.4923 159.2392 138.6094 140.6782 361.8954 354.0432 147.0289 315.9851 133.9806  94.0007  49.4682 139.6703 138.8248  81.9629 373.0584 318.6179 191.4287 270.8726 324.0050  53.3622 239.9867 179.2048 219.9459  45.1104 300.6047 349.7910  59.0625 317.2345 323.1536 320.7788 344.9621 195.0594 415.4579 298.6499 209.4565 396.5810 302.0043  93.0362 299.3642 161.4576  21.7149 228.6532 158.0877 
 84.6142 282.1257 220.5342 441.9999 276.0934 114.9368 360.9476 263.2618  58.7899 177.0610 331.9783  33.3242 147.0510  46.0135 177.0506 375.2261 268.1346 107.0180   3.9992 338.9935 205.8949 158.7991 333.6694 353.7674 288.0008 338.1386 433.0011 311.6533 167.9984  16.7623 396.6585 335.2332 121.9649 370.6839  84.0768 381.4041 297.7195 183.9138 214.4838  30.0000 308.0000  21.1065 353.8491 316.0948 320.1173 374.6521 149.6787  48.7088 266.0576 240.5446 
279.4578 144.2965 355.0314 218.7527 123.9987 209.7830 256.5384 133.1778  45.6027 345.5702 118.6037 377.3566  49.6380 268.7534 286.9715 192.3982 354.2044  34.7610 295.7668 253.0000 308.1322  58.8866 141.5070 427.8509  78.9688 298.8934 360.7648 290.9761 343.2448  87.8365  70.9915 443.5122 206.5238 138.2685   0.2190 381.4055 157.0567 386.7806 353.2426  72.9762 201.9903  86.1675 438.1503  41.4682  93.0162 242.7164 431.1527 261.9993 383.9720 396.4712 
370.6049 202.0448 327.2277 428.2990  77.1547 151.0267 331.7493 126.4599 130.8058 411.8268  38.1181 255.7091 240.6438  49.4782 209.6208  64.4810  68.8586 411.9587 373.3482  79.6520 404.7472 349.6443  19.0484 227.8408 341.3116 248.7693 143.9016  28.4992 389.2712 124.3064 319.7274  41.0137 154.0696 422.7334 219.0249 145.8639 115.0433 383.9178  43.9880  50.4258 120.0034 395.7817 127.3154  45.3974   1.4577 216.9330 448.0469  96.0231 280.5436  94.0080 
198.1990 421.3023 381.2270 369.8330 322.5019 370.0230 169.0053 382.7136 203.1528 194.0288 379.7126   6.3693 211.3859  49.1675 116.4446 422.5636 115.3111 270.3532 312.3756 165.2373 330.1424  14.7013 397.2805  48.7319 421.3020  41.1672 361.5662 191.9445 165.7806 265.7638   9.4580 181.3982 102.9511 162.1787 351.1025 406.0029 314.9582  23.3558 325.2854 253.9329 259.3572  67.7038  69.1187  66.0001 414.0468 257.5614 332.9849 430.2128  46.4041 337.9747 
305.3022 403.1125 281.8053 186.4881 105.2911   6.6961 382.8114 352.7283 101.4835 231.9396  48.5558 293.0165 166.0964   5.1981 409.0908 354.0030 126.9418 316.9789 282.7381 427.2012  41.4889 226.4554 230.0892 377.4400 375.2421 204.9494 159.0072 319.6766 292.5088  35.0000  61.6173 433.9997 237.9991  53.5167 117.9238 429.4645 371.8329 357.6372 268.9263 207.8946 225.6636 119.9880  78.8473 212.2322 123.9801 236.8010 159.7912 193.0630 305.6764 292.6843 
247.9629 183.3024   8.4847  33.4035 182.7997 283.3496 434.9016 214.1564 327.0523 150.2873  74.6954 364.2513 190.8865   3.8812 105.8694 391.8691 194.9656 256.0483 339.0439 107.0179 155.1227   1.1831  47.0023  27.9456  41.0216 277.1027 336.8787 204.0482 291.9138 365.6780  84.1091 188.4218 132.2512 250.9889 361.2854 117.0496 121.3044 152.3556  97.0197 151.9740 440.3538 303.1055 227.9868 108.3569 113.6296 115.2363 343.1103  89.1498 360.3317 267.6575 
 73.2564 162.7215 141.7190 398.2639  41.3923 108.2217  82.2220  68.1265 266.8427 130.6813 129.8415  66.0052 229.8257 281.1268 406.9396 335.0023  70.5160 291.6678 400.1431  41.0060  96.0082 265.2772 275.5377 164.3187 301.9091 315.5745 234.6720 302.8602 295.9583 336.9565 365.9941 339.9914  68.2733 425.8644 302.0674 157.3892 337.9765 329.5214 278.4671 128.4071 203.8455 411.7109 246.8204 270.8949 381.2201  55.0972  91.1699 210.7614 171.1026 388.9974 
283.8666 236.0000 121.6911 366.9890   6.4141   1.6589 312.1537 286.8214 311.9121 199.5004 390.3566 257.3625 297.4953 258.5788 183.6449  83.3089 365.0133 144.2791 221.8890 228.2357 316.7115 201.0858 217.2425 202.9610 413.4797 332.0765 246.4776 444.9957 107.3789 111.3419 372.9999 137.1490  43.0742 422.3034 450.7558 330.0805 394.3934  15.7379 344.9638  86.1142 212.3358 151.4622 264.2954  63.7508 275.2098 433.5256 215.7994 310.6290 408.7380 102.9372 
274.5055 223.9191 443.0883 295.3656 155.5619 268.0001 224.0027 330.4922  81.5890 110.2437   8.5618  16.7338  69.2056  68.6756 216.1999 438.7898 119.7786 220.9869 424.2376 390.0196 411.7076 289.8511  71.9051 412.4618 341.1135 387.4684 228.1667 117.1482  26.6678 212.5251  72.1718  79.9711 439.6510 384.7005 263.3703 237.7906 372.2635   9.0190  66.4811  71.7788  35.2056  70.6793 102.9804 326.0013 404.7540 357.8907 334.0051 422.0083 434.2770 113.2567 
 84.9747  66.9210  61.4108 220.7380 365.1485 346.8591 423.9100  90.5741 351.9732 169.0805 110.4002 142.7200 421.3445 101.9950 190.8055  65.0675 305.8257 405.3105 423.4183  28.8358 346.2869 445.9608 369.5579 340.6830 389.5718 117.3641 161.1279 389.8607  36.7753 127.6837  58.9639 154.1233 400.7189 122.2713 296.8082 289.7499 327.3372 120.6111 403.0599  95.0268 205.4712 208.4828 163.6572 271.5678 196.2625  13.9509   4.8122 402.7434 341.7196 176.6704 
 54.8699  90.9099  18.6534 362.9942 172.8173 132.8502 443.0069 161.5715  27.3545 424.6117  38.0008 304.0626  12.2634 419.1455  13.1654  30.2458 213.8487 353.7527 437.6297  85.1172 448.0900 159.1731 439.4918 360.1137 145.6717 254.8586 377.3875  47.3431 376.1477 214.9059  81.0612   9.8527 417.9984 147.1275  26.5334 343.5332 230.2373 282.9920 183.9886  61.7968 141.0385  11.2210 431.9607  14.7840 144.3761 439.9001 233.5345 174.0905 446.4579   8.7334 
214.4110 406.2103 171.9024  23.9559 162.9984 245.9199 202.0546 346.2026 157.8791 130.2866 146.9091 187.2207  34.1672 181.0219 189.0582 334.7726 224.0469 118.0074 249.9998  85.1026  82.9966 143.9224 370.3234 227.5306 376.9834 170.0915 126.1148  90.3184 315.1221 191.9483 376.9593 292.2856 220.4784 164.3164  18.0162 343.9370 390.9101 271.1109  13.0053 370.4214 147.1748 208.8730 423.9301 205.4277 442.3148  87.1612 445.9050  66.5536 203.0050 292.1144 
319.0975 293.4251  59.9856  11.7697 402.2035  89.9066 247.4995 363.8424 421.2290 250.2975 143.8016 178.0995 103.8043 434.1787 136.3402 263.2618 135.9192 325.8739 152.3027 224.5861 172.9999 247.4664  72.6228 409.7725 255.8105 258.7609 379.8373  85.7738 105.4272 296.4215 186.8647 140.7573 311.7919 203.4995 136.9946 272.7526  24.0335 223.3055  31.4780  79.1441  85.3048  97.5276 313.0265 341.0004 160.0186 209.3854 277.2097 400.8563  74.0570  94.0149 
258.0014 350.8862 272.1111 414.7388 294.2654 312.2615 380.9423 314.4379 171.9963 184.0321 449.0008 155.0297 295.1478 103.0771 315.7016 198.5145 151.6710 249.5059 273.5059 261.2532 176.4866  91.0705  33.9058 223.0021 262.9880  49.2186 195.4917 393.0603 409.1504  41.0035 426.5335 209.2781  23.7804  63.3897 380.5627  59.9037 175.4785  48.5566 293.5286 441.6380 242.6949 131.8439 114.9190 230.1598 385.3314  74.7722  34.9949  25.7953 290.9358 180.8929 
198.7783 217.9232 304.7387  49.4358 383.2723 343.6607 138.8340  33.9399  41.7699 110.7361  29.1134  71.5092 293.1029 141.4304 260.2369 224.1187  87.3993 355.3363 241.1478 176.8952 286.7161  76.2972  17.2833 384.9277 291.6268 305.1300 416.0027  42.1240 257.9135 433.1947 310.6003 120.2667 225.1098 250.4567 332.0002 359.1637  87.4596 434.0177 359.2083 315.8856  48.9996  55.2794 251.7609 287.0167 187.6520 280.0255 447.3404   3.7190 156.9958 408.9094 
138.3280 376.5713 384.6889 272.2984 292.9481 238.2260  71.3559 147.1071 327.9046 266.7794  76.9862 354.3762 313.0462 312.9984 223.1744 378.2591 248.6436  59.0521 163.1408 288.3869 175.5756  79.0380 330.0096 169.9987  42.3695 427.4182 270.4525  16.6876 248.8102 263.0104  13.7638 119.7959  23.8229 146.8607 351.0335 302.8061  38.6707 151.4915 281.8950  72.6352  72.6883 370.7810 195.1515  88.6706 140.9239 358.2624 407.6097 148.4379 134.9226  82.4494 
 97.8222 335.7807 287.9869 159.7914 339.3958  41.0000  65.0007 368.6099  74.6908 358.7076 206.2843 331.5579 339.7453  29.3783 359.2882 145.2522 209.7344  28.6898 215.9902 399.0001 290.7720 296.9619 411.9867 164.9206 317.5453 282.3708 423.0986 215.0693 119.8454 268.9328 346.4055 287.3683  86.3230 284.1573  26.2392 109.0604 437.8023 188.5078 187.9835  10.8169 211.9202 161.0013 438.0315 176.4432 197.0009 411.2426 405.0604 319.4133 169.0366  75.9268 
164.0221  95.0012 194.0273 158.2041  31.9621   5.2863 249.6443 335.2457  22.0484 225.2259 310.1728 123.2083  68.0195 344.0505 269.4876 200.4521 178.2982  29.7742 275.0638 362.8455 171.9942 258.6429 130.8566 352.9539 423.2274 310.5968 343.7640 449.3155 422.8763  65.9687 339.0690 144.2004 312.0097 332.5814 264.8051 322.6212 140.9993 316.7132 147.3443  80.7512 389.1524 424.9998  34.5727  55.5859 185.9086 103.9616 111.5942 240.8154 362.9656 205.0178 
218.4858 257.4207  46.4555 192.7198  80.9870 317.0000 436.1544 330.1682 128.0552  51.5425 240.5343 226.1054 317.5431 120.3545  81.0003 218.9991 425.9059 207.9718 408.0001 107.2904 101.1212 264.9840  12.5090 252.5355 244.9311 432.5893 166.2987 136.0386 198.4922  19.6641 172.7409 371.3927 370.6696 450.0621 233.5642  59.6841 404.7891 167.3118 411.4060 383.7641 393.0442  39.9985 117.0108 117.9066 289.9630  76.9723 267.5561 398.9821 217.8214 396.9852 
 79.6223 170.8544 428.8411 186.8684 346.1595  33.8121 443.9854 446.4473 449.0083 298.9314 365.5953 143.2857 128.3514 446.0256 356.6131 101.5937 390.0873  46.0583   1.7848 187.1514  91.5116 437.9545 119.8522 398.6134 214.0273  48.8777 386.0105 347.8553 376.4895  65.0780 383.9711 389.3958 175.8606  44.9845 322.1134 230.0000 409.0289 352.3108 152.8849 180.0628 301.9666 176.0030  11.0315 228.7672 115.0470 448.8416 197.0131 233.0490 203.0445  35.0238 
118.8972 322.3406 390.4918 185.6220 433.8729 319.9988  92.2966 398.9224 185.1821 182.2444 300.9666 312.2109  11.0517 238.3059 101.3407 438.2539 385.7103  58.4041 143.2475  22.2792 140.1949 181.4665 440.9840  76.6565  75.6499 349.0202 366.0960 297.8426 424.6898 257.9947 436.3158 291.0119 101.8213 412.9690  70.6442 413.0248  28.2679 439.3304 359.0345 132.9506 425.7459 371.9772 446.5000 166.1057   9.0104 343.9270 347.9948 446.9206 427.2786  55.5168 
450.6495 159.8156 177.3161 443.0002  52.9138 196.2944 118.2498 202.4420 230.9789 178.8173  68.2488 130.6363  34.0725  82.8583 216.1828 111.4109  45.3238  80.5054 403.3152  28.0028 215.9291 276.0490 233.9880 449.0495 259.0015 356.6379  38.2108 388.6887 154.2506 404.8655  65.4211  50.2740 449.8613  22.5327 132.5419 329.4422 392.3240 312.6036 264.7563 314.2591 308.9948 291.9020 114.9405 448.6692 134.8260 208.8427 423.6851  78.3982  61.9183 419.1311 
167.4348 262.9049 262.8955 126.6971 187.0998 385.7910 431.4195  71.4855 351.7030 324.3413 260.0058 307.6931  90.2010 263.9398 433.9509 119.5077 346.0193 123.8816 277.6653  91.4668 362.9998 298.9870 116.9999   4.2300 212.9743  65.1582 129.0949  15.8914   7.0082 420.3924 130.2451 229.2488   1.5864 243.7193  70.4677 177.3496 395.1589 251.9816 118.9513 325.1089 160.6389 202.5820 358.9878  45.2695 123.1047  71.9535 420.6142 400.0043  35.4522  84.5137 
424.6348 207.0000 447.0486 395.6846 254.5059  55.1232 356.6711 398.0000 336.9538 140.3995 196.1834 444.4497 364.9993 373.0495 396.9999 326.6606 243.9019 376.6057 168.5343  13.3809  96.9423 310.9929   0.1729 423.9730  34.0870 344.0407 421.2195 308.0702 413.1655 392.0052  69.9426 128.7227 105.2619  42.8107 170.9985 135.9852 157.3564  92.1028 117.9832 213.9556  71.8982  14.0193 354.0199 256.7446 326.0090  99.0979 149.9515 149.1525  60.2261 118.4399 
349.8401 107.4506 340.9866 219.7228 233.7786 137.8398 129.0007 360.0442 153.9118 105.1063 434.3170 417.0005 320.1750  64.9125  37.8264 187.8041  14.0064 129.7697 423.0061  37.7569  23.1229 273.6138  98.9995 272.0123 362.8475 148.7963 213.5529 354.6558 122.9797  68.1311 334.1584 249.9884 413.1341 423.0278 110.4143 428.7896 248.0942 278.2441  69.4912 371.8700  30.5135  12.0072 321.6698 448.9746  21.5781 261.0680 391.8064 313.0695 282.2804 354.0145 
 38.8507 441.9679  95.3935   7.2019 262.8064 344.3427 114.9184  59.0426  34.0758 304.3705 175.6280   4.1034  57.3072  80.7614 220.6071 212.2607  77.1363 400.9395  36.0064 448.2945 322.1271 266.0102 202.8174  61.0068  97.0636 439.4528 314.0196 445.1826  83.6935 357.7012 193.9615 239.8599  51.1061 320.1041 327.4043  87.0002 349.2977  51.0000 146.9332 362.9999 275.5500 442.9836 189.1920 393.3029 121.8054  88.9661 146.4601 258.9973 240.0794  60.9999 
423.5343 145.5062 398.1413 118.4767  27.6835 267.2369 214.4810 364.7713  65.5965  82.4904 186.4833 435.0552 130.9949 127.9225 429.2794 144.3283   5.1059 272.0004 204.6716   3.4218 149.7568 100.7889 212.8937 387.9937 393.7854 426.8129 256.2810 323.5071 133.0673 183.7020   0.9834  51.8869 415.5966 322.0175  71.1667 104.0004 393.9024 294.5570 161.8735  95.8920 413.2480 414.3141  65.4224 241.9480 293.4516 264.2962 339.3685 366.0735 311.0068 174.7402 
142.0369 103.2624 125.5712 175.0492 323.3317 103.6932 295.1305 208.9653   4.9406 443.9921 395.8072 239.7536 255.8049  99.7383  17.1111  30.4277 442.9753 383.4101 372.5418  76.2852 388.8137 140.5290 142.3226 374.1106 340.4849 424.7916   3.8005 177.3858 115.4052 187.0891  78.9516 367.9227 298.0765  69.9369 134.9280 450.3899 255.9783 270.9822 208.3640 444.0608 446.7350 131.0009  53.0151 295.9607 327.8700 232.4063 325.1346 383.1223 307.6378 144.8852 
403.2949 260.3367 390.8075 286.7044  25.8680 225.7140  15.5811 388.0388 357.1137 110.5534 440.5567 341.9202 202.9797  92.1137 331.0070 249.3569 343.6631 311.2957 121.8358 400.7909  93.7346  54.8277 305.8657 230.2082 302.3773 438.9610 292.4255  95.9619 159.9689 270.0005 155.8415 446.9666 292.3753 247.9947  83.5669 304.9067 112.5543 250.9708  73.0081 257.9591 394.9835 409.6884 297.9978 112.4467 336.4746 378.9027 212.1763 358.1483 279.5144 399.4280 
300.0001 192.3398  13.0180  25.5726 292.7013 219.7787 185.8402   3.0524 293.4513 329.9638  79.1394 354.6261   3.8870 114.4654 276.7782 315.3571  22.0273 270.6801 278.3538 338.1547 336.4794 249.9132 146.8948 132.1795 203.9476 238.0724 393.9771  96.8329  51.1230 298.9294  26.2223  22.4263 256.7469 428.3921  98.4773  98.5403 237.2847 326.8142 444.7693 226.2772 201.4136 127.0910 257.9205 423.3771 180.1458 204.9726 445.8262 317.5586 413.3153 405.7730 
204.9903 409.2772  71.6707 117.0840 366.0001 445.4580 210.9966 371.4071 105.9445  26.0232 264.0091 234.0584  96.0343  22.8374 199.8478 439.6516 121.0394 444.2310 115.3369 399.3318 124.2723 278.9990 280.1677 134.2838 435.3025 325.7900  93.8303 360.8721  56.5517 448.2197 176.5965 415.0001 212.6625 107.9926  80.3969  84.9892 437.8247 239.9163 299.9416  61.1517 209.8361 191.0180  68.7584  67.0828 201.8072 319.3879  45.6225 188.1061 416.9892  67.9688 
206.1267 382.8817 415.1190  46.3213  33.6129 278.8379 253.5474 212.4717 227.9638 288.7634 344.1151 191.9902 331.0001 442.9804 358.1391 411.4060 449.9547 268.7470 209.0062  24.1305 439.6961 227.8720  67.3979  20.6834  41.9241  45.9966 240.2222  38.7141  88.2484 273.3291 308.7834 240.3060 400.6809 119.7027 363.1139  45.7185 340.1976 382.3889 436.7285  15.2776  77.6301 165.7536 401.4734 112.0443  87.5441 352.6128 141.2607 151.4273 181.4619  76.6214 
171.7130  47.0802 410.9271 254.9892  45.1413 185.4201  49.4477 352.5126 377.6698 370.9851 158.7612 210.2551 291.0603 416.8646 161.8324 291.0210 341.0462 167.5056 173.5378  11.5234  10.9463 340.1842  45.8303  64.0238 114.9342 145.9956 340.3246 124.1547  67.3712  60.0022 262.9087  75.1826 255.5966 120.4991  17.6751 410.2177 325.4300 362.7061 391.9140 337.1475 225.0974 437.0405 265.0097 144.9092  65.9724 317.8978 199.9936 378.2937 212.7742 110.0185 
327.5202 336.7473 311.5070 417.7888 440.5805 244.0131 373.8512  35.4931 136.9992  79.4603 373.0964  31.7994 224.2260 120.1588 211.0001 202.9835 388.0412  79.8842 210.6076 247.8775 399.7463 432.7782 317.7626  82.8494 444.8613  40.5443  38.8967 133.7373  56.9451 320.3297 267.8903 128.2836 224.0346 388.1843 284.0255 282.7340 399.3185 328.9557 247.2724 247.7496 290.7293 352.5563 378.4515 429.0542 439.1874 332.2538 340.0012 106.9966 430.1595 265.0486 
 44.9125 329.0829 369.9878 189.0986 179.7132 226.7790 335.5156 127.4201  71.3431 400.8505 362.2340 253.1834 164.4928 376.9640 375.7068 444.9816 367.7104  66.8774 151.8170  42.8362 180.4758 284.8863 379.7565 204.5705 318.7463  82.2034 444.0740  32.8969 313.0278 239.9230 370.8141 436.1829 112.0002  19.3573 166.1594  41.9631  60.3205 262.3550  57.1409 208.6024 126.5632 123.3162 291.0001 202.4917 399.0036 289.8988  36.0054  60.9572  38.7529 375.0011 
346.0049 360.1258  55.0150 323.8465 400.7137 141.0000 331.5579 257.9892 324.5281 323.7642 429.9264 416.0217  13.6843 243.0496 147.0236  91.7272 375.5245 236.6789 225.2695 210.0069 150.4098 143.6386 350.0806 291.0258 105.0094 378.7613 263.9760 385.1258 168.1629 333.9474  18.0666 238.0274 227.3998 190.0001 315.6428 315.7192 213.1030 116.9670 285.0691 230.8611  61.9854 443.9946 440.0287  64.1990  41.7010 422.0008  66.9166  39.8607 206.3102  59.8471 
101.0939 364.2125 197.9026 265.0368 254.0496 194.0159  84.4755 279.5349 250.3318 183.8003 195.0862 372.0980 398.4215 341.9673 368.0415 425.0385  30.8121 277.3466 271.0167 104.9597 318.2964  84.8210 111.3657 228.6378 197.8025  61.1343 418.0052 257.0275 416.9956 269.0273  78.3647 208.8311  39.8305 295.9906 292.7460 352.0689 148.9575   1.8690 119.1146 115.6244 102.5655  38.3558  92.9707 371.0106 103.0731 287.2450  89.5730  55.5272   6.3758 405.9632 
228.4846 426.5862 135.0255 361.3097 374.1565 349.9277 350.2369 118.9708 232.8421  35.0132 295.6283 112.9688  19.9797 215.1234 201.6831 294.8843 180.5877 206.8552 445.3612 433.9140 202.8157 284.4131  29.7353  86.3951 101.7712 422.6531  40.8870 106.0033 416.0002 337.5407 215.0873  99.9061 288.1092 237.9476  38.1949 162.3754 120.7025  26.5931 219.2960 294.0364 432.7512 388.3427 337.0026 137.5304 243.4122  83.9363  35.9942  18.0910 163.3481 219.2837 
390.5083 147.6865 148.1347 179.9284 423.0002 228.4784 198.1891 271.0985  35.8771 386.7609 303.0278 346.0640 196.0520   6.9196 189.8851 230.1775 261.4616 116.8850  67.7995 382.6433   5.9241 221.0583 100.9710 336.2417 375.9045 410.0803 169.0798 242.0681 318.0581 124.9038 147.7556 193.7384 394.0367  31.0791 233.7208 116.9907 147.9155 354.6772 258.0511 376.4064  91.4041  90.8413  76.5003 443.2279 288.1226 142.0239 137.5084  90.5197 412.9700 135.4841 
305.3533 268.9446  90.0641  41.1109 186.4570 268.0522 224.0642 153.7396  10.5361 409.9109  52.8100 188.3784 349.9400 358.9999 321.9489  88.2899 432.4044 385.5897 206.4280 245.3636 337.0002  29.0270  37.6026 172.1216 205.6285 432.3345  29.8318  91.1016 317.8123  57.2191 439.8940  32.0006 363.1300 437.5621  63.9480 446.5865 392.3891 262.9484  85.0016  41.9637  80.9359 118.9947 215.6837  46.0765 229.8042 144.3974 128.8769 142.7717 127.8177 403.3242 
361.5870 158.6705 147.8428 144.0012 411.0015 215.2124 199.5442  23.9086 292.9667 317.9369  33.1694 191.9482 401.8417 173.9658 248.6625  30.9294 388.9988 352.1216  66.0081 422.9650 305.2952 117.0036 144.9294 268.9632 420.9684 176.7193 168.0069 234.4032 413.7981 280.3783 107.1858  13.9229 107.3634 159.7376 196.0545  96.1848  56.2614 269.0000 361.1884 207.6701 164.8742  33.3303 376.9704 360.9956  81.0045 284.0005 393.5431 248.8653 117.0415  85.0843 
343.6611  53.2684 185.9124 158.0016 151.2369 393.7738 381.5388 414.0201 361.0002 139.9402 322.0709 406.2141 285.6910 145.8153 267.7267 138.3448 274.7035 343.9569 410.1696 288.9118 286.6366 159.2775 433.8924  74.0178 198.2858 170.7393 232.8155 366.3454 434.3512 313.4048 252.9713  71.3493 207.6380 320.8585  69.1771 206.1645 314.5129 208.9976 446.4899 419.6511 288.1527   8.4498 448.5795  78.9941 104.9732 393.1745 252.9112 327.9915  74.6958  98.4682 
400.6955 401.9966 275.4494 220.2056 192.5493 271.5135  55.9417 314.1834  28.4043 226.3504 192.7888  77.0725 297.9205 106.7654 176.9237  79.8562 163.9826 405.9959  50.8563  62.5551 411.3317  32.8642 227.3578 173.6560 387.0469  95.1152 293.7394 338.5495 356.3482 366.3704  38.0321 436.9263 399.9667  28.0666 372.3441 382.0161 227.1477 305.0165 314.0000 396.3980 218.9428  66.0059 284.2021 112.5735 263.4038  86.9762 213.3384  42.9933 281.0888  59.9272 
389.5147  41.0005 257.8944   9.4399  28.8656  47.3688 284.4741  19.8642 294.6282 274.9262 156.8456 120.3860  25.9702 117.0000 395.3432 205.5672 349.9989 370.9988 161.9093 176.6604 102.0193 288.3978 140.4196 315.0094  80.2590 273.9836 191.3517 335.7407 104.9052  49.8002 253.6383 131.9847  12.5425 209.3566  65.5951 357.0874 416.3359 329.4918 182.0068 201.2598 101.9259 146.9679 390.8615 295.5311 107.9536  53.1273 400.2011 428.5542 327.0948 340.5725 
329.8155  16.8390 153.6550  46.5228 297.0257 267.1842 199.6098 145.7780  96.6312 300.9879  99.2973 116.7996 345.0433 294.6762 402.0200 200.4670 267.1314 200.3557 422.9988 432.9866 312.0000 278.9958 343.8304   1.6614  23.4856  61.9891 348.6240 437.0000  70.7142 303.8499  83.5645 100.1518 193.9196 107.5797 204.4958 443.9633 193.1875 272.7525  91.4955 115.6848 379.0000 226.9964 347.0001 248.8811 393.9906 245.6438 156.6283 280.7744 205.2858 113.0881 
324.5788 237.2465 102.8562  73.7193 111.2684  33.5742 328.7372 202.7126  85.3248  94.0800  28.3543 228.7305 268.8076  10.1957 253.3499  12.9174  13.8466 101.8846 332.0665 239.1229 295.9172 138.1503 160.9852 172.9769 285.8132  91.1227 126.8557 106.6121 390.5385 329.0185 230.6538 365.3710 422.5962 340.7359 311.7095 126.6838 120.9299 289.5706 349.3343 422.6180 362.8638 404.6947  97.2654 420.9984  44.7747 409.3616 418.6646 133.9972 129.8148 326.0199 
133.8917 270.1735 260.8469 318.8520   4.2054 300.7962 142.2386 387.9029 361.6286 103.7208  65.7096  86.0274 138.8463 104.0243  90.0342 260.0334 371.9764 255.0669 360.4991 349.7805 298.8110  76.2560 354.4561 188.0692 207.9988 212.3111  63.5336 393.2108 205.5639 116.0147 396.3487 109.9119 182.5476  72.8111 441.9063  74.1079 297.8846 138.9568 254.0701 417.8167 380.3317 197.8473 218.5711 248.6719 193.9915  44.8063 161.2611 142.9936 141.5079 103.1587 
110.5468 422.8499 279.1925 211.9126 203.2094  13.2015 341.3613 192.0153  19.4728 298.9172 427.7009  78.8114  96.6022 388.0074 268.1482 112.2325   5.7919 244.3774 174.3638 380.6366 239.8074  15.4548  19.8689 163.8159 428.4853 345.9204 274.0828 234.4801 380.0297  32.8890  33.3434  18.8004 348.9545  86.3896 423.0220 268.0002  68.7462 333.1747 346.0727 391.9825 116.9926  35.6702 232.8464 399.5811 338.7524 151.3899  75.5456 387.2264 223.7619 419.3887 
387.7435  23.8667  60.0004 269.5336  71.6712 124.0841 375.2743 379.5176 281.9330  42.1691 228.0003  77.9634 277.8699 379.1276 267.6883 291.9714 390.0000 397.0489  89.0069 162.7334 209.0218 326.7141 127.9878  27.6155 347.0525 380.1249 239.2373 255.1172 376.6625 176.8214 261.9926 162.1173 319.0001 293.6092 321.6652 113.2050 289.4196 309.9973   9.7722 335.0387 374.3494  45.9057  65.3813  79.2967 300.6243 271.1775  25.9668 247.0554 384.2550 320.7268 
 60.1762 242.8728 308.9881  33.9660  92.3773  99.3684 374.9702 318.4766 340.2551 224.2768 404.9956   8.7945 122.1109 331.0775 271.8782 266.2781   4.3464 182.6294 406.2118 225.5949 362.7680 294.0382  87.0993 265.3388 105.0003 432.2989 413.7834 231.2393 172.8179 165.0230 435.8070 273.8019 322.9972 401.3109  14.9683 380.0694 317.8700 227.4952 304.2282 413.8260  43.9296 377.6760  31.9126 348.1928  80.6907 331.0149 279.1350 187.4496 158.4327 228.1997 
419.9663  99.9710 112.6304 323.3201  32.0333 176.2873 178.9722 403.0269  47.9940 448.3354 329.0313 360.2300 219.0540  56.7316 382.9533 197.4900 318.8454 129.9364 392.8543 402.6132 392.9336 146.6168 171.7958 325.9989 208.0828 372.0311 380.1824 364.7080 360.5711 404.5882 302.3864  69.9229 429.4512  56.0234 210.0451 422.5445 107.1623 251.1319 294.2378 384.5104  43.9987 195.8546 227.0521 224.7747 297.0381 274.4922 134.6885 357.6206 144.6442 237.9970 
 91.1180 349.2904 260.6013 164.3623 377.6561 385.1099 360.3701 265.4639 396.1309 119.3973  98.1222 257.4350  50.0108 441.1236 349.0105 240.1982 237.3031 204.7160 191.7696 329.9215 201.0643 181.6428 198.4618 190.2388 228.7101  72.8876 427.6877 362.1110 352.0045 362.8424 319.1571  36.2671 438.6151 223.1975 245.0030 320.2253 131.9742  85.9088  86.4321 388.9852 293.6223 328.0109 329.0545 179.5306 190.0730  94.2944 366.9902 241.1309 324.9684 122.4402 
 97.0289 356.5860 197.3032  18.7905 292.0631  75.3828 304.6637 281.4856 267.0437 390.8525 113.2081 114.3984 380.2392 275.3348 385.4802 203.5141 422.0083 442.5820 273.3056 277.8568 324.7270  20.0485 260.5820 235.9393 271.1623  40.0513 420.1273 298.8697 391.0006 287.0033 418.0338 160.1408  75.8330 250.4060 190.0121 310.9275   0.0219  37.5398 286.0494 264.6132 314.7194 246.2392 190.4746 365.7220 253.2946 291.4327 344.6421 360.8777  63.3117 379.3760 
273.0107 401.7141  61.6877  58.7482 180.0044 123.9318 224.0002 110.0624 339.9997 171.0051 160.8951 419.4772 204.0002  31.9195 104.1248  35.5952 398.8897 308.9932 288.9612 330.7798  67.8957 234.5421 225.8203 446.0034 110.8950  36.7614 129.1317 299.0002 169.9977 420.4051 304.0068 249.4491 318.2198  48.9771 234.4736 235.9711 158.3047  49.4301 391.1410 343.5049 381.3902 248.9505  35.5307  46.9903  78.8136   5.8596 345.6535 371.6636 280.9993 342.5002 
296.0344 245.7855  10.9373 135.5314 290.0803 430.6034 112.2307  40.5946 266.6756 168.9338 431.0179  93.9685  52.9998 147.8168  82.9787  88.1998 362.4317  92.4452 446.4968 379.1321 253.6104 105.0264  64.9762  13.4330  39.6782  25.6759 255.1069 410.8566 251.8377  95.7402 298.2213 275.9654 256.7676 316.0288 370.7871 264.2291   8.8687 430.1346 341.0632 285.5583 319.8258  31.9210 375.7553   0.8263 196.9723  26.9453 198.1589 313.4377 398.0409 262.6096 
410.5662 270.5336 296.0051 169.9476 436.4402 371.6786 330.8645 136.6543 230.2590  84.0943 432.3861 234.4623  35.8500 355.8317  46.5499 367.4487 246.2440 114.6282 118.7783 168.9424 421.5122  83.8405 299.5085 287.7783 202.8607 218.4419 173.5890 432.7905 141.9965 327.6131 398.6305 206.6975 138.0277   9.6304 374.7996  67.1273  34.0135 438.0000 394.3636 337.0005 138.0466 174.5346  51.8565 444.7453 402.2641 447.5729 426.7498 119.9095 265.9163 267.1085 
113.9511 246.5088 411.1315 326.0083 194.8509  91.2176 137.0000 106.5050  58.0890 128.9938 296.9209  86.8341 309.3179 109.3835 149.7556 266.3897 319.6474 410.9806 355.2430 213.9009 315.7996 118.2668 296.9988 131.9542 171.3166 113.3376 244.5325 430.9955  89.3612 211.4857  50.4704 298.1013 204.1993  18.6648 267.0021  41.0072 296.0273 290.9724 222.9227  20.3883 103.2254 318.9746 136.3969  13.3758 109.1746 413.5981 277.8240 261.8597 350.0147 357.6452 
386.9983 253.3290 188.1526 339.0015  96.0934 121.9517 242.0016 166.6641 107.2855   4.2169 370.4971 364.6558 152.7525 341.0150 132.1772 251.9097 253.7917 322.8412  62.8773  37.4560 310.4287 385.3965 385.9563 380.1657 215.9956 350.0348 197.6216  33.5230 225.3705 215.0342 217.8870  69.2046 356.6035 308.5544 381.0091 246.9730 390.9726 409.0416 428.6216 361.0389  23.8223  30.0950 125.0187 400.9272 274.7379  55.6456 392.2792 133.3457 321.9226 281.8115 
 33.2783 348.9460 442.5656 292.1989 420.3697 163.0636 287.3235 330.4248 177.6886 146.0273 364.4271 415.8813 223.6041 426.4116  68.9836 279.4111 178.1687  42.8266 326.3806 428.0869 259.6713 437.6971  84.0146 211.6960 398.9383 322.0387  66.2807 100.2505 112.6700 350.2017   1.3954 190.4474 401.2916 208.1570 393.4303 450.9848  34.8582 318.5570 172.1300 281.2197   1.9856  39.9685 143.2034  97.2964  34.0004 322.7263 203.2306 285.9167 310.0023 240.0089 
301.5651 365.9369 428.6368 152.3774 325.6844 139.9448 173.0005  38.5227  50.4509 259.9491 112.0550 255.0030 432.7729  62.9556 272.4690  99.5497 283.0131 318.9946 181.1687 323.1097 444.9232  91.0494  90.6266 234.7897 265.3114 285.0051  36.0466 183.2682 117.9365 143.5679 143.3693  65.7399 162.4656 383.7446 387.1012 428.6470  20.4497 413.0017 209.5626  83.7453  41.7740   9.0360 258.9262  82.7188 243.6229  10.9175   5.8464 159.9938 339.9291 318.8976 
 34.4621 380.3717 387.9303 248.7725 398.8246  14.9517  19.1771 382.8983 265.9916 255.1514 119.0001  57.3151  43.6441 191.9997 145.4867  96.7867 299.9998 125.3927  99.6195  16.9983  16.1621 281.9682 314.8766 113.2040 388.1639   5.8659 287.2467 204.0376  55.0701 251.8511 230.8938 442.9991 132.6378 338.0508 291.9664 193.9562 162.8171 110.7614  19.4628 139.2464 367.7287 147.3726 382.8913 294.9561  25.0002 212.9743  93.4404 409.6433 142.2449 330.2154 
129.9607 444.9811 274.3827 268.0738 314.2552 416.1948 164.3835 173.0181   8.3311 309.2132 247.9976  62.7837 182.3643 416.3976 261.7896 393.9770 259.7563 412.8766 434.1882 416.3217 170.0809 226.8078 297.8353 306.5729 239.2961 240.6157 255.3635 272.9797 324.1499  33.3631  81.8703 351.2678 384.7843 396.9851  45.9198 319.7788  35.8513 413.9982  80.6015 104.4480 102.7320 415.0333  58.8505 441.8436 316.8781 397.8460 229.0003  27.1784  46.4467 265.8783 
168.1131 314.9956 107.9987 235.3712 358.0133  58.4690  20.0525 362.4213 217.3061  42.1727 151.0037 241.4425  96.7738 213.8653 263.7944  17.9890   4.4807 152.0629 185.7915 233.0133 326.8585 239.1479 173.1858 270.9856 375.2105  91.5006 324.9995  27.3429 108.7295 260.1671 290.2439 238.9240 417.7329  67.9102 184.5643 183.7629  14.9058 384.9729 327.6051 296.7996 358.0017 202.0134 340.3818 275.2531 352.6352 287.3366  45.9018  91.5449  35.3776 407.9531 
146.9099 438.4552 130.8690  13.1437  95.2787 247.0539 224.9998 310.1405 409.1439 446.9359 153.1634 283.0179 298.9474 306.9225  50.1362  38.9977 402.8691  24.2522 219.0118 359.6238 228.1447 428.1162 413.0153 261.9849 206.8516 140.0169 295.4108 432.8001  26.4264 396.1980  79.5133 271.0062 340.3306 258.2866  50.3759 108.5877 214.3445 175.0960 411.4977 417.7628 348.2094 398.1405 437.9992  52.7626 335.2047 339.0570 206.0017  39.3735 378.6502  63.0977 
440.0254 310.1482 239.9339 309.2731 378.1227 442.9585 146.2608 350.0793 256.2536 205.5796 118.6268 449.3953 382.9206 101.2794 231.6791  87.9462 134.0000 247.0890 405.8161 146.9732 412.1795 196.0421 179.5143 405.0195  28.9926  27.3582  75.2038 313.3281 121.8158 433.3185 116.9985  53.6419 443.0005 133.5300 325.7115  38.5894 188.0632  54.8392 373.0982 373.5901  49.6814 364.9458 251.6019 396.9132 354.7553 431.7743 448.8054 139.0105 201.9768 132.6286 
271.0046 270.9820 134.7218 230.4265 126.9998 278.1696 104.5712  42.1768  74.1057 183.4051  30.0521  55.0000 418.0080 214.0070 431.7396  73.0165 107.3469 354.9022   8.6749 427.3990 307.0614 358.9224 369.6876  13.9095  87.2087 199.0336  41.9049 105.0043 163.5178 443.0156 299.1342 100.9919 427.8567 108.1235 402.0084  20.3688 393.8328  89.1146 265.0132 230.0064 253.1875 370.8612 155.8428 161.2912  23.0000 219.8676 174.7780 106.2727 447.7741  10.9806 
220.0609 417.9803  75.9954 305.7074 216.0028  74.2032  89.0001  10.2735 407.1486 191.4637   7.0296 224.1280   2.5061 220.5949  31.8358 388.8059 305.9824 151.4709 223.0009  95.0790  54.9998 138.3684 263.7890 379.3813 365.5807 201.4252 177.1057   1.8170 403.4918  28.3105 149.9821 352.1777   7.6367 247.2917 160.8519 194.0216 286.9787 229.4284 372.0023 241.2092 146.4845  62.8019 423.1682  47.2165  54.6286  10.0045 303.7970 298.4118 218.9123  41.3733 
105.9160 289.0391 174.5887 350.8973 310.4575 101.1890 180.7007 373.0001  71.2278 419.5595 437.5632 185.9570 444.5475 137.5220   2.9836 250.6161 243.8772 196.4036 106.0005 210.9999 211.1319 141.0029 384.9479 254.2446 240.0837 407.3415  30.5892 441.7789 322.9324 321.0085 333.0258 354.8500  59.0238  31.4925 330.0001 246.3297  50.2932 392.3856   2.0948 205.7812 135.5897 423.7702  29.7030  83.6064  52.8925  96.8053 403.0728 443.2707 272.0178 125.6898 
213.8766 227.9280  89.6635 123.8693 184.3488 141.2980  65.7039 436.4454 140.9211 415.0231 329.5721 181.7131   4.6774 428.7525 329.1582 210.3206 330.2172 207.8322 385.8343 326.0001 421.9197 344.6631 378.8692 301.9372  10.9295 438.0230 371.5898 333.1872 209.4111 175.9429  11.8787 231.6101 215.1917 388.9532 386.2708 334.0000 226.9999 261.7577 363.8505 341.4026 410.7466  87.9767 301.9297 440.7199 159.6443  28.0053  37.2713 267.4757 160.3848 350.2259 
273.6434 307.7629 321.5438 153.4138 248.7275 191.9957 335.0300 226.9881 117.6458 317.9979  73.3395 284.8655 144.0945 412.0244 112.2146 448.9799 109.0572 373.0793  19.3388  66.9387 389.7874  70.1070 151.4030 240.7450 110.1567 288.2168 152.9750 372.3856  36.0198 277.3875 244.8635 242.9958 163.4127 306.7217 289.6713  77.3153 365.3465 213.9995 204.9972 241.3561 158.8322 150.2859 255.9730 201.1181  68.9927 303.8397 134.4685  64.0148  10.9064 304.6246 
241.0231  12.3699 324.0256 369.5673 206.4956 127.0037 183.6360 370.4694  94.2218 246.7511 270.1842 333.1602 120.9936 362.9726 163.7692 118.9854 196.7997 300.5281  97.2551 220.5002 100.6591 278.5111  28.2624 198.9650 223.0061 397.6766 181.2642 338.8944 194.0051 344.1108 363.0429 171.8322 407.7110 374.4625 162.1027 199.5498  50.1515   4.9306 396.7840 246.9835  75.3656  46.0171 162.9906 141.9847 125.0121 277.8522  27.6879 409.8049 176.4203 364.5295 
 64.6489 335.9417 327.8052 399.2805 310.2263 115.3928  79.4561 214.5186 163.4553 230.9171 439.9747 414.9164 120.3101 412.0596 292.3252 421.8373  80.0001 222.0073  76.7582 387.4620 272.7329 112.5815 366.8299 277.7532 180.0774 410.9303 251.2977 183.1223 309.5458 438.0715  18.4421 368.1411  86.4051  40.3109 265.7626 312.5544  87.6304 269.6096 268.1013 417.9608 415.6419 249.9207  51.7914 193.4417   8.2855 336.9018 310.3118 340.2367 155.9977 102.9298 
125.1540 348.5592  55.9930 424.8773 161.0001  70.5455 204.4508 229.5264  17.0936 383.8405  28.2609 261.0971 228.0070 225.0486 329.4855 196.3029  53.4916 450.9903 227.9455 309.6773 442.2156 141.5965 165.0103 191.5790 357.0022  75.0886 405.8455 376.5218 322.9310 306.9746  31.1774 333.9982 143.0698 323.8808 251.3902 113.7789  17.4654 296.1214 253.8179 229.3774 233.1056 255.4536 109.9978 282.2684 388.9972 365.2361 164.8966 202.2303 425.7350 151.9721 


5.1583 3.0145 3.8939 5.5623 4.7275 3.9622 4.0009 8.8402 7.9679 9.7448 
4.1695 2.2604 3.0240 8.9665 6.3027 0.6775 6.9797 2.9296 2.9891 5.3692 
3.4067 6.7611 1.5743 8.9388 0.0061 8.7458 2.8702 1.7207 4.4265 3.8133 
6.8108 1.6497 0.2545 1.1022 6.1582 3.5881 7.0121 3.7888 4.0131 7.6024 
1.8862 7.4359 5.2346 3.3740 5.5362 4.7112 3.9301 2.9940 5.5319 2.6146 
7.7974 5.0693 5.4496 3.3116 8.9745 1.4318 6.7208 2.6298 2.7739 3.5225 
9.9342 9.9638 4.6040 8.9191 1.9979 5.0011 8.8890 9.5523 8.6928 1.6392 
2.6514 0.7879 1.6605 9.9509 4.9940 4.9939 2.3836 1.5798 9.9853 4.9992 
9.9198 5.9964 5.7902 3.8168 2.2493 1.0074 4.2377 2.0000 9.6293 5.1688 
2.6940 4.5269 3.3858 5.0310 2.9823 5.2498 1.9094 2.1840 1.9562 2.0319 
5.6691 0.1825 3.7975 5.0357 9.3049 0.1528 5.0640 4.0392 5.2482 8.0810 
5.7444 6.9928 7.8219 5.7528 1.0311 7.0029 4.9337 5.9274 8.1218 9.8773 
4.4732 8.7379 1.3948 6.2924 1.9818 0.0049 2.9940 3.6308 5.0868 4.3480 
8.1053 4.0033 4.0483 0.1525 8.4115 6.3127 5.6520 1.4277 8.9751 8.8162 
6.2393 2.6017 6.7974 1.7456 0.3582 6.0540 5.0451 4.9621 3.4200 5.0017 
8.9972 6.0880 7.5477 2.0569 3.8264 3.4731 4.9367 7.3127 7.6211 6.0493 
6.1077 7.0358 5.6200 1.2053 9.6442 6.8657 8.2803 7.9985 6.0006 5.3793 
4.3507 0.8403 4.0081 4.2054 8.4445 7.9921 2.1360 3.5296 1.6861 8.1272 
2.5826 0.2106 1.1355 8.6221 2.9995 4.7439 9.2628 5.6499 4.9770 2.3307 
1.1920 0.9622 9.4670 3.6065 8.4002 4.0284 7.9516 7.9261 3.0036 2.7207 
7.5218 2.4575 3.6278 3.9209 2.0255 7.0669 6.0167 7.0493 3.3038 6.8363 
6.1347 7.8809 3.3774 2.2380 3.9395 3.0550 0.8126 5.5000 8.9463 4.2084 
7.8351 7.3481 1.9994 4.1397 7.6094 3.6241 8.4027 8.7697 7.0034 6.8898 
0.9889 5.2261 6.0231 6.9540 3.0770 7.0804 8.9263 6.1574 8.9309 1.9111 
5.9609 1.8871 6.1503 8.9894 5.8932 6.7495 3.8063 9.8809 4.8940 5.0181 
3.8260 6.1015 8.9664 6.3280 4.9641 3.4438 5.6862 5.9989 3.9891 4.0123 
3.7302 2.7536 4.1219 2.0004 2.0161 1.8235 7.6522 4.8162 7.8568 1.9829 
9.8420 2.7144 8.4607 1.8131 1.1590 5.7014 6.2930 2.6533 7.9966 8.8704 
9.9336 3.4767 7.0515 4.7332 6.0045 7.1920 1.8509 1.8400 6.0835 3.4295 
3.0403 3.1250 8.1583 0.1404 2.7499 7.5788 8.9454 7.0069 9.3468 8.9361 
5.5806 6.5855 6.8594 4.6536 6.1833 9.8071 5.9120 6.7963 3.5624 3.1064 
4.3756 3.0237 2.2318 1.9563 6.1152 6.5582 8.2285 7.2559 0.3299 7.9621 
7.3855 5.0016 5.6028 0.0027 9.9978 0.9113 3.2565 5.8370 1.0317 6.2862 
4.3057 5.7566 8.6752 3.3213 6.9999 4.0049 9.3385 7.0437 6.7132 5.2461 
2.0490 3.0157 0.5700 6.4339 3.7642 4.4036 1.0579 7.9848 6.1681 2.7013 
8.6358 0.8678 8.0421 6.8820 2.8507 6.0661 0.1682 3.9659 9.9689 8.0107 
4.3584 2.0834 7.6182 3.6570 1.4067 7.0631 3.0107 0.7659 0.7033 5.9725 
1.9269 4.6914 3.8259 3.1409 4.0497 7.4551 8.1875 7.9482 5.5945 0.3628 
2.1390 7.9661 9.0550 1.5798 6.9983 3.1177 1.2979 2.4923 3.7911 3.4300 
8.7014 5.4181 8.0895 6.0698 3.7401 3.7834 1.9807 8.0200 4.3309 5.0298 
6.5814 8.4129 6.9489 3.9461 9.9063 5.1822 4.7073 3.6713 7.1053 6.0356 
1.6704 9.6012 0.2110 7.8787 5.3428 3.9727 2.2963 1.0028 1.3752 2.8305 
7.9129 2.9680 3.4536 6.2817 9.5381 1.9143 8.9771 2.0604 3.0036 3.3915 
5.5252 6.8067 6.0360 7.1258 7.9363 2.0430 8.4931 3.3555 5.7150 9.2123 
5.7437 4.0168 2.0543 3.1489 4.0012 2.0387 8.0070 6.9672 3.1062 6.5648 
3.1848 9.9373 0.4868 6.1404 1.9977 5.2654 0.3174 7.0120 8.4705 4.7269 
3.4735 2.8000 3.8451 1.0723 4.9371 1.1732 4.4763 3.9362 1.4124 3.0992 
4.7948 2.1987 3.2035 1.0443 1.7829 7.6426 2.7796 0.5158 6.4202 1.7630 
0.6866 6.4720 6.0721 7.7868 5.9918 4.9688 1.1442 4.7400 4.9833 1.7635 
9.9639 7.6387 8.0296 7.0803 5.9510 1.7463 7.9309 4.1545 2.6900 0.1974 
