100 50 5


5 19 21 21 20 30 23 14 26 27 34 28 5 16 31 21 24 6 16 29 15 7 6 29 33 25 31 13 7 30 6 29 22 35 32 10 14 27 22 26 22 31 21 19 7 31 24 14 12 14 34 12 23 27 23 8 6 10 22 34 20 14 26 18 15 33 10 11 20 15 19 28 34 16 25 6 16 27 6 32 26 26 30 18 16 35 8 16 13 7 21 11 19 19 29 33 21 8 14 18
1278 1163 821 921 1260 972 500 650 1134 976 1218 348 928 1051 1234 936 933 1130 1329 1140 1328 970 1075 919 497 1213 1163 905 1251 1280 970 601 1049 1125 883 1292 1070 1167 401 1018 864 1305 1025 1207 987 527 1159 472 1093 1316
1111 1364 4347 1389 1607


  9.0068  30.5736  41.0000   5.2154  42.1364   9.5131  29.9790  39.7435  25.7738  41.9233  12.7525  17.3451  35.5951  41.0424  36.7851  10.5688  37.3960  23.8873  17.5825  30.8847  14.9861   7.7500  23.7362  37.6391  20.2293  51.0055  45.2873  18.8310   4.5222   7.7006  22.0082  14.2071  52.5054  10.7141  40.6511  42.1438   8.1137  42.0236  32.3846  29.8316  29.6176  16.9462  32.6869  43.0814  38.8295  18.3600  36.4558  28.6749  41.0567   4.5541
136.1351 172.8746  22.8008 144.6543  27.6990  96.9268  43.4282  29.8880 102.6943 123.0022  99.2786 165.9679   9.6881  43.6376  13.1773  96.3560  43.1902  74.4802  73.0732 100.5998  79.7785 136.1399 125.3197  92.5331  93.5406 119.9159 134.5094 105.7961 128.7701 103.7428  49.4365  79.0512 124.1212 121.5550  91.8070  34.6884 111.6174 135.9341  15.0496 131.6119  21.9325 104.5561 197.4542 138.0873 132.0356  87.9189   5.8931  93.7185  29.5766 116.7812
168.2016  22.2848 229.2589 147.9408 229.2116 143.3333 217.0539 240.1692  98.0824 132.9725 113.2385  60.5561 204.1822 202.3904 206.8296 128.1110 185.4913 209.4572 176.1581 111.1027 136.2557  98.3296  70.6506 142.9600 105.8771 186.6976 139.2750  93.2575 149.2189 138.9210 167.6453 148.8491 191.8077 173.9364 157.0633 247.0246 115.1553 120.3654 192.3281  73.7112 186.0255  97.0384   9.4500 123.7244 108.5194 192.4993 212.2278 112.7544 216.2980 128.0174
167.9015 220.6220  20.5113 180.1860  28.5631 129.7537  52.3338   8.4523 143.0260 161.5131 136.8557 211.2061  36.4173  64.4977  36.2060 131.7115  70.6162  90.0809  98.5625 139.9883 114.2292 176.4130 168.0374 128.1558 132.6424 150.9937 173.3629 146.0316 162.5510 137.4743  79.2713 110.9508 154.8898 150.7505 125.2959   8.7925 148.9674 176.6529  46.1833 174.8416  52.6032 144.2775 247.6793 178.7120 173.3671 109.8621  27.3750 132.7625  42.7044 152.6342
169.7603 144.1746  70.6025 170.3062  66.2945 120.2087 105.4296  93.8275  72.6837  66.6069 103.0412 159.4001  55.3913  31.4274  53.7926 110.2065  20.4216 129.6114 113.1012  58.6965  93.6432 141.6895  99.7503  35.8987  79.4071  63.8799  77.4499  91.7834 155.6505 125.3777  80.2160 102.7949  69.0889 158.4550  31.6948  94.6803 121.3369  81.8411  54.4518  95.0810  60.7157  95.3184 172.8872  83.3607  80.9605 134.8708  63.5575  57.2915  50.8051 134.1648
212.1473 166.6969 136.6190 208.2019 134.4864 137.3518 154.9885 161.2589  55.4319  93.0174 103.2981 183.3022 103.3834  94.0394 105.2111 118.2293  69.6685 176.7125 141.0144  44.7754  96.9413 158.8137  95.9198  51.1674  63.9732 128.1390 114.1397  82.0010 188.1823 143.2458  95.9611 115.2476 137.0695 198.6580  65.7664 167.4615 131.3171 107.7819  91.0069  96.0946  89.9480  87.9220 208.6348 112.5000  97.4945 175.1766 116.1713  35.3771 114.4306 152.9238
112.3474 187.1044  79.3050 123.6547  85.9751  67.9902  35.1057  71.4741 110.9175 160.4299  81.7588 162.9858  58.8355  95.5040  64.6987  72.2160  85.4542  47.7924  36.0044 119.0227  55.5220 121.3672 130.6297 125.7614  89.5598 174.6898 176.3886 101.2588 104.3361  76.4656  19.4578  48.1629 180.8268  94.6986 131.5138  82.3545  91.2616 171.8155  46.8754 146.8478  34.5031  96.4169 212.7750 175.5503 162.7394  56.3068  59.5913 107.7348  85.9932  93.2817
 96.1220  85.6235  55.1013  95.7278  54.4616  61.2005  63.5398  66.0578  33.2779  51.3325  48.3892  89.8937  39.2392  37.7253  40.2911  53.5717  26.1384  75.0100  59.7354  30.1114  42.3647  75.6728  51.6532  30.2562  33.0901  63.4569  60.9761  42.2533  85.7213  64.5291  37.6798  49.7097  67.5172  88.9241  35.0599  69.0938  61.1738  58.9540  33.2201  53.4576  32.8090  43.9636 104.8354  61.0260  54.5657  75.5768  45.1506  25.1946  45.6213  70.2718
189.3289 190.8180  70.9738 193.1401  69.3708 126.4277 100.7945  94.2119  93.6004 114.9500 112.0238 195.4370  43.0573  42.5591  43.9431 116.7840  22.8859 131.3914 111.6212  85.7235  93.7299 164.1636 127.5106  73.2628  90.1765 120.1802 131.2730 107.5800 172.9524 134.1401  68.9490 102.3819 126.9551 173.1299  74.6214  98.4494 134.1368 132.2153  36.0913 130.6484  42.0606 109.2155 226.4270 135.2642 126.9016 139.2360  54.3251  78.0069  53.1425 147.9546
248.7151 125.5605 185.9626 238.0405 181.0227 184.6346 214.6868 214.0882  70.9037  18.2585 143.7983 178.0725 160.7917 134.1509 160.4854 163.4876 118.0320 233.3314 198.3829  45.2063 151.0275 179.4273  91.3127  43.4734 102.7037  86.0131  34.5821 108.4163 224.2792 187.1928 160.6557 170.1731  92.8788 241.0126  55.4053 217.2710 167.0279  21.6067 153.3191  64.4984 155.0160 118.5312 164.2108  26.1217  18.2045 228.8877 172.4757  59.0659 160.3341 189.5842
273.7811 364.9512  41.2803 294.6409  53.8114 214.0920  84.6293   9.5986 239.6110 270.4197 227.4725 348.0645  67.6455 113.0279  67.5035 218.2842 123.2494 145.4711 162.1975 235.1918 190.4282 290.8391 279.7359 216.4017 222.0411 252.9621 289.6028 243.5506 266.1312 226.6196 133.5659 184.1397 259.1784 245.7513 211.7698   8.1883 246.3236 294.9104  82.7717 291.3205  92.2152 240.4040 408.4747 298.2562 289.5139 178.7042  52.9462 223.3262  77.5319 251.3876
205.4988 233.7658  47.0408 214.1226  47.6864 142.0420  86.5712  70.6272 129.2406 153.3411 136.4241 231.5735  15.4025  43.3639  17.1419 136.5694  36.6287 126.9907 115.3450 122.9761 111.2742 192.3950 164.4856 108.4714 120.5458 150.3715 170.1988 139.1969 191.2664 151.4513  72.9861 115.1971 156.8992 185.7016 107.3116  75.0954 157.6490 172.6626  16.2400 170.4832  31.3762 139.1070 271.2639 175.7223 167.4976 141.6485  27.5484 113.9517  36.1731 168.8941
 14.3341  27.3995  34.3001  12.6694  35.2568   4.9822  25.2361  33.9025  18.7019  34.6705   5.1703  17.7496  28.6231  33.4587  29.7560   3.0004  29.7150  21.1929  13.5434  23.5700   7.5107   7.9756  18.0594  29.9548  12.8102  43.2713  38.1189  12.0889   9.7495   3.9322  15.4251   8.0112  44.7699  13.6538  32.8907  36.1671   1.7889  35.1390  25.3626  23.8918  22.7175  10.1116  31.1512  36.1817  32.0693  16.6854  29.7122  21.2285  33.8402   3.4384
104.5167 150.7996  30.2891 113.6005  36.1221  75.3354  20.4099  21.8099  93.4559 116.6896  82.5541 139.4166  24.4229  53.1925  27.5507  77.5351  51.8768  47.9266  51.4917  94.3936  64.7723 111.7415 110.6740  91.0912  82.5950 116.8334 126.8554  92.1836 100.1620  81.2296  37.9305  61.2825 120.4953  91.6040  91.6800  29.2516  90.7685 126.8462  23.8835 118.4827  23.1138  90.0311 170.3285 128.9058 122.6018  61.2405  20.3860  87.7257  40.7306  92.8860
240.1180  38.8738 275.8542 216.9344 274.4200 184.0262 271.9532 296.5994  81.1063 126.5032 132.8487 111.5763 239.9240 231.0507 242.8964 158.3029 206.7877 271.5170 223.1126  94.2956 160.8315 139.8938  49.6097 139.7729 104.4005 205.3232 138.1463  91.4253 210.2860 181.0570 198.8200 182.7089 213.1630 241.1635 160.4426 305.1509 147.4378 110.4270 224.0873  37.9937 217.3958 101.4799  83.9963 116.0684  91.3254 252.8179 252.5406  99.2276 253.9163 172.1279
122.4127 156.7361  61.4339 128.3074  64.8193  74.2325  53.6360  66.8067  81.4047 118.6976  72.6418 146.1982  36.8848  62.1504  41.5885  70.7853  50.3882  73.0018  56.8181  84.3199  51.9787 113.8597 104.0278  86.2957  67.5626 130.1717 132.9990  80.6411 111.2124  81.3115  23.0522  54.0990 135.8103 108.1565  90.8640  74.2824  87.1358 130.1709  23.1610 114.3536  13.0555  78.6940 182.8550 133.3313 123.0123  78.7010  42.2888  74.8911  59.2193  94.6096
 17.4673 186.4510 182.4298  36.9725 189.4780  45.7009 118.1980 169.6250 147.3811 222.2230  82.5021 126.6311 160.2941 193.8809 166.3728  63.9698 179.0221  81.2310  62.4120 169.2136  77.8092  78.8154 145.7229 195.6194 118.1800 257.6381 239.1312 116.8802  22.2360  42.9459  96.6041  64.5618 264.7239   7.8469 207.8994 181.7198  65.8917 226.1714 146.2264 173.8178 132.4976 107.3970 199.3106 231.0932 211.9079  53.5539 161.9120 157.2777 188.3167  46.5996
 33.8811  13.9279  50.9020  29.0752  51.2222  24.7421  45.7217  53.1416  16.1019  32.9520  15.8684  10.7988  43.6313  45.0304  44.5781  20.2014  40.0659  43.3802  33.8597  21.9457  22.4882  14.1189   8.7299  31.8132  15.1754  46.9992  36.2335  11.1893  28.1540  23.6920  31.7368  26.0439  48.7058  34.6038  36.0332  55.3173  16.8882  31.3171  39.9898  15.0872  37.7955  11.6667  19.0230  32.5597  27.3002  38.7094  45.7360  20.9111  48.0217  21.1690
127.4505 166.6525  14.3582 136.6404  20.6003  98.0371  39.8345   7.5404 107.4919 121.4876 103.1297 159.7349  26.1873  47.6867  26.0097  99.3547  52.2446  68.5945  74.5253 105.1107  85.9635 133.3756 126.6014  96.0689  99.6955 113.6091 130.5260 109.9220 123.2000 103.9128  59.3874  83.6329 116.5996 114.4322  93.9102   8.1459 112.4818 133.0178  33.7270 131.7037  38.7732 108.6343 187.3092 134.5882 130.5149  83.4415  19.3077  99.6266  31.1454 115.4220
230.7265 175.1247 128.5407 227.5615 124.1976 158.3118 162.1310 157.7880  72.5174  75.5476 126.2550 200.2170 100.5435  77.6621 100.3819 140.4516  56.8467 189.0589 157.9667  51.2283 119.1406 179.4172 111.4762  29.6155  87.3049  98.3374  94.5440 103.7438 207.9690 164.3689 112.1824 135.8739 106.8936 216.9450  38.6092 161.4782 153.3453  94.3316  93.0498 104.0195  96.6327 110.3590 216.7658  97.7726  89.1324 190.8002 113.1000  49.6781 102.7149 174.1686
 47.7222 134.7264  83.0632  60.6670  88.2923  39.2384  38.2723  71.3931  94.9618 134.8768  61.7368 106.6220  72.8112  97.8260  76.5689  50.1110  91.3425  12.8860  18.7019 104.4545  48.2394  75.9042 101.8306 113.9052  77.5059 148.3780 145.5566  81.5505  49.3099  43.1575  41.4611  37.2930 152.5111  34.9503 119.0547  79.0062  59.5370 140.5503  65.9388 116.4483  58.1277  76.4891 147.4466 143.2955 133.2518   4.6597  71.9032  96.6475  90.3818  53.2542
 31.0954  63.7866  29.2149  36.2574  31.7187  22.3537   8.3488  23.7235  42.1596  58.2422  30.1651  53.6882  25.0045  37.1594  26.7078  25.7989  34.7929   5.3905  10.0188  45.2687  22.4980  39.9185  47.1724  47.7465  34.9084  62.4477  63.1194  37.8475  30.5599  24.7560  14.4405  18.4005  64.2818  25.2000  49.4746  27.2796  31.2142  61.5816  22.3173  52.8879  19.0878  35.9416  70.8464  62.7477  58.6721  11.1397  24.2621  41.7488  33.0540  29.9777
 38.1408  48.2849  13.5105  40.2092  14.5443  24.8534  14.2144  15.4441  26.3802  35.1033  24.8015  45.7930   6.6025  15.1573   8.0241  24.1666  12.7200  21.7024  18.7382  26.4579  18.8308  36.5575  33.2297  25.5780  23.0160  36.6675  39.0266  26.8423  35.2629  26.9344   9.8533  19.1113  38.1842  33.8418  26.2408  17.3893  28.8904  38.7576   2.7659  35.6858   0.7637  26.3996  55.9115  39.5684  37.0633  24.4456   8.0357  24.0003  13.3191  30.8611
166.7114 166.9216 127.0034 165.4670 128.5593  94.2857 120.4227 141.1112  62.6756 128.1918  68.7643 161.4594  91.9099 104.4145  96.3782  78.1651  81.1845 133.9543  96.9490  71.4248  55.1412 126.4380  94.1411  89.4602  45.7879 162.6587 148.8630  65.0176 144.7937 100.9204  56.2966  71.6306 171.1983 152.6194 102.7640 150.2371  94.6494 139.7899  74.8138 108.3102  66.4600  65.2726 203.9444 144.8982 127.0203 129.9501 102.4751  56.9420 114.0865 112.8339
142.8141 277.7691 133.1631 162.7703 143.7679  89.3350  48.8634 114.8703 174.8056 252.0237 120.6307 233.9093 107.2886 161.5565 115.6437 101.9550 147.6100  44.8217  34.1498 189.8146  83.7056 170.6390 198.8466 203.2939 140.8033 275.2386 275.1662 155.1116 135.1925 101.2648  44.5696  66.4342 284.1164 116.2359 212.5261 131.3404 128.4442 267.1706  91.4553 225.4110  74.2273 146.4940 311.9629 272.7647 253.1109  56.7494 106.5982 173.1327 146.1885 126.0535
 38.6822 204.3901 171.8824  60.4866 179.6978  46.8148 102.2748 156.5697 153.6721 228.5866  88.5664 147.4824 150.5012 187.9283 156.8734  67.8832 173.8133  62.5745  47.6366 174.3217  76.4089  96.3136 156.7881 198.0892 123.0091 260.7773 246.4068 124.6645  42.9898  48.2817  86.8512  59.5530 268.0332  17.5018 209.5729 169.2369  76.1269 234.6108 136.6501 184.6661 122.5064 115.0448 220.8061 239.5851 220.5745  33.8323 151.2217 161.4808 179.9684  59.2927
141.9803 103.3807 266.5504 115.0764 269.8861 105.9456 226.4044 272.4766 106.8938 201.4621  71.1421  39.2820 229.2097 244.8264 235.0188  86.8443 219.3865 206.2125 158.0118 139.5003 106.2848  38.1753  76.3494 189.3014  88.9705 270.4858 219.6719  69.4358 113.0459  98.1795 157.7994 119.9203 279.5370 148.6737 210.6926 285.0625  64.0561 195.3271 209.4008 112.4565 195.7838  64.9796 119.5013 201.8464 174.5771 178.3370 238.7109 130.9158 255.9639  80.7810
 33.4244  77.6460 124.0987  18.9341 126.8800  42.5243  95.9235 121.2754  76.4260 118.1237  46.3481  38.3471 109.7423 122.6871 112.7688  43.4568 112.8346  79.4537  63.6858  90.2460  55.2137  23.3841  67.2623 109.4724  63.9337 144.3177 126.3742  58.3503  26.2861  37.7477  74.6799  54.4450 148.2042  41.7351 117.8382 127.4844  34.5712 116.8657 101.3181  82.9600  94.2522  54.1228  79.0674 119.6269 108.2600  64.7668 112.2264  85.2360 123.6048  28.6074
 73.1541  34.4913  56.5278  69.8923  55.0067  56.9107  65.1498  64.2840  26.9547   8.5170  45.9570  51.5083  50.5078  42.4258  50.2733  51.2878  38.8823  70.1061  60.9676  21.0215  48.4369  53.9304  30.2479  19.6142  35.4732  23.0881   6.1735  36.3157  66.6812  57.4069  51.2666  53.4717  24.2713  71.4741  21.1286  64.8670  51.6937   4.0775  48.8901  22.0412  49.5602  39.0407  43.7424   2.8734   8.2318  68.8520  53.5095  24.6696  49.5559  57.6178
131.5533 115.3600 284.7495 100.9521 288.7244 115.3753 238.4034 287.4823 135.7741 226.2764  93.3019  25.2036 248.9973 267.1948 254.9804 102.4442 242.7536 212.5563 168.0485 167.2376 125.4251  39.9011 104.7172 215.5416 117.4181 293.9541 243.3771  99.0841 106.4256 105.8558 175.7306 134.6094 302.6880 143.5443 236.2526 300.3276  77.8163 219.1801 229.5604 138.1727 215.4535  93.7230 119.2665 225.4254 199.0800 182.4920 257.4701 159.0492 276.4179  84.9297
 35.8056  23.0806  37.3778  33.3719  37.4494  22.0344  35.5832  40.6488   3.8179  23.1362  12.4801  24.4906  30.1953  30.6920  30.9747  17.1067  25.7329  36.3212  27.3208   9.9408  15.4916  21.0770   8.0277  18.9501   3.7321  34.9430  27.1958   4.8466  30.3121  22.3201  21.5002  19.9377  36.7272  34.4190  22.9965  42.4970  17.5680  23.5501  26.8283  11.9790  25.2036   6.8752  30.8437  24.7974  19.9273  33.6609  32.4968   7.6235  33.9700  22.5830
201.2458 257.3348  42.0990 213.8103  49.0589 140.7468  63.9718  51.2259 150.5681 184.4984 144.0915 245.9477  16.3046  68.3441  23.1801 139.6479  64.9820 109.5148 105.2045 148.3406 114.3181 200.3382 184.6699 137.9772 135.8256 182.6954 202.4362 154.4361 189.5999 151.1178  68.1599 113.3904 189.3440 179.2050 137.8846  59.5602 162.9196 203.7594  17.1591 194.9840  26.0678 152.3855 294.6140 207.2080 197.2377 128.7629  15.7270 137.4594  49.6578 170.9291
 71.2206 103.8589 170.8392  55.8852 174.4561  44.2501 133.9061 170.8970  82.4962 153.5419  32.1185  55.3408 145.1767 162.9119 149.9003  34.4495 145.6422 115.8147  82.5331 105.6387  52.5579  12.7543  71.3323 137.5676  60.4460 196.5595 167.9626  51.6930  50.1001  37.9575  89.0497  57.8500 203.1434  73.8823 151.6649 180.6049  16.2339 152.8622 130.7996  98.1962 119.7384  44.0907 117.0940 157.5338 138.6000  94.9432 150.6732  96.7592 166.9085  25.0839
303.4199  44.1860 338.0808 275.9734 335.5202 241.6838 339.1962 363.8805 120.8007 147.8790 183.9885 148.4437 298.4490 283.3487 301.2093 212.6966 256.9968 340.2421 285.7349 128.6820 215.3777 188.7049  89.6663 173.7418 150.7216 237.3537 155.9233 137.0128 269.8191 238.1361 256.9670 240.1954 245.3238 305.5209 195.3596 372.7474 199.8748 124.6241 281.6047  66.8876 275.2887 148.5386  88.0067 129.7500 106.7156 319.4357 313.0161 137.6039 311.3602 227.3462
187.9139 321.7555 100.9345 211.8054 113.5932 145.1238  12.6106  67.1619 213.7459 272.3318 173.5949 285.0368  94.1632 151.7556 100.4622 157.1878 148.0221  61.6280  89.7285 221.3521 137.1251 224.1778 242.9550 221.7787 185.7679 278.0062 293.4904 202.3314 185.6687 156.5637  88.3971 122.6940 285.5440 160.8235 225.1677  83.0133 183.1189 290.9441  90.1884 264.0560  82.5625 195.5103 357.3187 295.5499 280.4933  95.6821  85.7797 206.5550 126.0317 180.6096
 25.9031  76.3731  57.4050  31.5246  60.3206  12.5936  31.9756  52.6214  51.7038  80.3339  27.8887  57.7450  48.2212  62.7542  50.7608  19.9249  57.0211  20.1586   7.5060  59.0926  20.1249  37.4172  55.0173  67.4950  39.6548  92.1413  87.4842  41.6012  23.1948  15.4311  22.2504  12.7675  95.0207  18.4318  71.8065  57.6031  26.1199  83.3092  42.4728  65.3003  36.7730  38.0438  84.7028  85.2372  78.0113  11.0055  48.8346  53.8881  59.9426  22.5610
101.8817  96.2308  45.1851 102.8684  44.0980  67.3959  59.6684  57.7276  43.9682  55.4813  57.3017 100.4732  30.2325  27.0059  30.7162  61.0954  15.4635  74.5084  62.0225  39.1324  49.0863  85.0965  62.4960  33.1360  43.6210  61.0647  64.5028  52.8913  92.3471  71.2193  39.0429  54.9442  64.8927  93.7697  34.9271  60.0770  69.6947  64.4823  25.9091  63.5063  27.9025  54.2756 115.5841  66.2076  61.3847  77.3866  36.2935  35.1698  34.8892  77.9408
 16.7748 199.5828 213.1944  28.3294 220.7025  51.3178 143.6859 200.6116 161.5713 247.1201  88.2471 129.9511 187.0539 222.8284 193.8263  69.0762 205.2160 103.8353  78.9440 187.2173  87.7105  77.2077 156.8430 219.0926 129.2488 289.8271 265.9403 125.9697  11.8708  45.6971 114.1691  75.3189 297.8579  22.3563 233.6850 214.1161  67.1133 250.3710 170.7171 189.0359 155.2732 115.3049 212.5505 255.9795 233.8943  72.6862 189.6209 174.1452 218.2203  44.3565
146.9299 170.4972  51.3581 152.7595  53.1021  96.0133  64.6523  64.3758  88.9959 116.6890  90.9226 166.0988  24.7047  46.4471  28.3860  91.1156  35.1842  91.3594  77.7220  87.0347  71.2246 134.8693 115.5827  81.6164  79.7481 122.0508 130.9067  94.2566 134.9678 103.2590  42.8238  74.9761 127.6700 131.9635  83.6963  70.0063 107.5809 130.4836  12.5843 122.4562  14.9616  93.7172 199.3259 133.3345 124.8100  99.8795  32.9178  78.7148  44.6649 116.6726
101.1240 104.8123 211.3282  80.4388 214.8414  69.6975 172.9600 213.9945  91.1707 173.8436  45.3996  48.9028 180.3793 197.3427 185.6090  55.0636 176.3645 154.0967 114.0574 118.9496  73.6039  16.3717  72.1255 158.9595  69.8244 228.2357 190.1461  55.9490  76.4559  62.8856 117.2170  83.0784 235.9513 105.5654 176.3454 225.0014  34.8293 171.0353 163.5154 103.7778 151.2639  49.1097 119.8058 176.5586 153.8392 130.2037 187.6779 109.8865 204.4599  48.2144
 80.6332 100.1754 157.2009  68.7957 160.3909  41.4827 124.9619 159.1142  67.6177 138.7398  16.8641  62.7941 131.1632 147.2931 135.7027  26.0103 129.8583 111.2959  76.7368  90.3986  40.3417  27.6264  60.3185 121.6075  44.4204 180.6109 153.4372  36.9705  59.6107  37.7234  77.2354  49.3139 187.2019  79.7715 135.5630 168.4404  13.2165 139.0303 116.8413  86.6490 106.2591  28.7898 117.5766 143.6807 125.0347  92.9041 137.1311  81.1263 152.1347  31.3375
138.6047 281.8275 127.9805 161.2310 139.0408  99.0526  35.9814 103.9222 185.6825 256.5881 133.1261 237.6018 109.2063 163.0155 116.7552 113.9991 152.5392  25.4219  44.4610 199.2827  99.0473 176.7655 208.1082 210.0522 153.7181 275.0462 278.1730 166.8670 135.9384 109.7523  62.7702  81.1354 283.1631 112.5368 217.6476 119.6712 138.0920 271.4428  97.2837 233.2562  82.9903 158.5022 313.2493 276.5940 258.6143  50.4643 105.9611 183.7170 144.8745 132.9116
209.5160  84.4759 176.6820 198.1195 172.8934 162.7500 196.2089 198.1530  72.7986  37.0577 128.6608 137.9165 156.7187 136.3351 156.6601 145.3833 123.8911 207.6910 178.5476  59.2929 138.9753 148.6245  77.1798  65.8778  98.5034  87.1184  36.2431  98.7020 189.7035 163.4368 151.7783 154.4256  91.1119 205.8686  73.9516 200.8840 144.6341  19.7009 150.3032  51.6182 150.7753 107.0069 111.8939  20.9211  19.7322 201.7405 165.8236  69.9328 156.8020 162.4831
166.3668  21.6342 188.5234 150.9906 187.1978 133.9542 188.3466 202.3054  70.2260  85.2651 102.8660  79.9304 166.9256 159.0168 168.4753 118.3381 144.6694 188.2658 158.5491  75.0125 120.4026 103.6260  52.2863  99.5841  85.7929 133.7790  89.3164  77.8791 148.1829 131.7959 143.6028 133.7369 138.0516 167.9842 111.3006 207.2070 110.8117  72.3962 157.6750  41.2458 154.0905  83.9157  43.4868  75.0791  62.9299 176.5512 174.8060  79.6952 174.1366 125.4576
 44.8124  51.4585  19.2855  46.3305  19.8356  28.2686  21.4905  23.0520  25.6423  35.8002  26.0920  49.9109  10.8002  16.7301  11.9790  26.3859  12.3771  28.8278  23.4136  25.4671  20.0572  40.1107  33.9503  24.7942  22.4443  38.8632  40.4610  27.0505  40.7437  30.5005  11.9831  21.6308  40.7279  40.2476  25.9820  25.0139  31.5152  39.9258   6.7043  36.4000   5.8239  26.8685  60.5645  40.9031  37.8630  30.7972  13.3392  22.6441  16.9644  34.6112
269.8655  34.0111 306.7404 244.7724 304.6322 217.0554 306.0794 329.0818 113.5404 139.2328 166.3635 128.9246 271.4428 258.8218 274.0070 191.5915 235.3521 305.7865 257.2791 121.7100 195.0521 167.4933  83.9591 162.1336 138.6986 218.4400 146.0745 125.6827 240.1990 213.5110 233.0478 216.7822 225.4544 272.5246 181.3447 337.1298 179.2575 118.4200 256.2851  66.4363 250.3566 135.4913  70.3454 122.8602 102.7789 286.6027 284.2820 129.1927 283.3763 203.1354
132.5428 178.5002  75.2502 139.7064  79.7411  78.0513  57.9768  78.5490  94.0310 140.5050  78.6387 163.3695  48.0096  78.5005  53.6409  75.1396  65.0949  77.0415  57.4247  99.2849  53.9381 125.0649 118.4078 104.0075  76.0652 155.5350 157.0409  90.4268 120.0672  86.2786  18.8915  55.0417 162.0448 116.1275 109.9716  87.8138  94.1904 152.9796  32.5074 131.8081  19.5346  87.4671 207.6255 156.7349 144.1983  82.6102  53.2270  88.0538  74.3675 101.8517
113.5911 141.1656   4.6369 120.6927  10.3002  85.9969  39.5286  14.6893  89.0352  98.9562  88.3037 137.3745  17.2808  33.6353  16.1589  86.0334  38.2159  64.3892  67.0052  85.9706  73.8926 115.4389 106.3176  76.8610  83.4581  91.2810 106.6680  92.6070 108.9430  91.0728  51.2668  72.9841  93.8761 102.4897  74.5585  13.8140  97.3326 109.2411  25.3744 109.8051  31.3028  91.9131 159.6445 110.5247 107.3978  76.2922  11.9665  81.5465  19.0914 100.8474
 76.8499  41.2873  79.0808  71.2696  78.9160  49.9720  77.2339  86.4228   4.6861  42.2979  30.4216  48.7481  64.9027  64.0769  66.2640  39.9888  54.2615  79.0517  61.0484  17.0822  37.3217  45.1879  11.8994  36.4788  13.8021  67.7927  50.0919  13.6130  65.6795  50.2834  49.2037  46.2076  71.3071  74.5300  44.8502  89.8883  39.9674  42.1022  58.4858  17.5586  55.6826  18.2779  57.4601  44.6344  34.5610  73.6809  69.6626  14.3047  71.5310  50.1309
129.7072  21.0638 144.8418 118.1832 143.6884 106.0649 145.7593 155.4394  58.3214  65.2630  83.1598  64.7389 129.1225 122.3639 130.1523  94.5621 112.0144 146.0063 124.1390  60.7718  96.0181  83.3174  45.7785  77.6319  70.3344 100.6253  67.1902  64.6748 116.3335 104.4546 112.8598 105.8723 103.5706 131.0437  85.8711 158.8980  88.9635  55.0415 122.5058  36.5797 120.0946  69.1675  33.2650  56.7112  49.0000 137.4469 134.9822  64.7074 133.8895  99.6942
 90.3978 212.6846 212.8574  91.1739 220.4973   6.6016 144.0096 206.1701 139.4684 244.1328  50.3763 150.0691 176.0481 215.0376 184.1774  22.1418 191.3460 114.6945  62.8816 169.2428  40.6751  82.5521 143.4901 206.6059  97.7765 295.2316 268.1529  99.3155  65.0289  14.1049  83.6462  30.6000 305.3302  77.3961 224.5741 222.1116  41.3460 250.5006 154.2795 180.9171 135.3909  86.3158 240.2480 257.3944 230.8059  84.9599 181.9051 152.1742 213.4705  37.4077
 52.4488  42.5858 103.1984  41.9228 104.6090  39.3940  86.7236 105.0784  43.0802  80.0796  27.0477  15.6760  88.7956  95.4329  91.1046  32.4422  85.6259  78.3379  59.8144  55.7850  40.4806  12.2406  31.8115  74.9159  35.3786 106.4930  87.2205  28.0564  41.3069  36.2205  60.5383  45.3354 110.0112  55.2346  83.1472 110.0385  23.2778  77.8917  81.0795  45.9337  75.6622  25.9269  48.4011  80.4215  69.8678  67.3021  92.3638  52.2596  99.4210  29.1721
183.1818 227.5802   8.8751 194.5384  17.7279 137.3256  62.9789  25.7692 141.9817 159.2652 140.7277 221.2922  24.0897  53.1479  22.5822 137.1483  59.5913 103.4706 106.6347 137.1921 117.1432 185.3813 170.3001 122.8392 132.6923 147.9615 172.1232 147.7180 175.2488 145.6425  80.1279 115.8691 152.3665 165.0626 119.4435  26.0398 155.6713 176.0088  37.2628 176.1964  47.0781 146.5779 257.8944 178.1863 172.7571 122.4521  15.2357 129.8083  29.8628 161.6234
158.9004 206.2945  75.0862 167.2634  79.8150  97.9267  65.0969  81.1771 109.3593 156.0637  97.4715 192.3026  44.0133  78.9398  50.2788  94.3846  64.9405  91.9309  73.2914 112.7165  70.3670 150.1865 138.5268 114.1081  91.6176 169.1545 174.3259 108.3871 145.1388 107.1818  31.0359  72.0420 176.3081 140.1505 119.3785  90.9002 115.6388 171.1385  26.4944 151.6953  12.4669 105.7794 239.8515 175.1310 162.1954 100.6941  50.3715 100.7277  73.5496 124.6386
199.0397 208.9851  34.4002 205.8998  27.6479 146.6038  94.5703  64.8461 123.4406 125.5261 139.3893 214.8907  31.7142  14.6190  26.2694 141.1565  28.4178 131.4091 124.6772 112.7235 120.3606 185.6136 154.0528  90.6544 121.8863 109.0200 136.9924 137.2861 187.2117 154.2052  90.1802 124.5849 113.2946 182.7005  84.2874  62.8675 157.8601 143.3815  42.7361 154.1134  55.7512 138.5753 241.0806 144.9615 142.3707 145.4773  36.2591 108.0290   9.7932 168.1111
 59.1520  25.9389  55.6092  55.2044  55.0510  41.2570  57.3992  61.6966   7.3756  21.5057  28.2492  36.9767  46.5853  43.5348  47.1868  34.6199  37.3202  59.7836  48.0854   8.2772  32.5277  37.1690  10.9906  20.8260  16.9029  40.1425  26.2937  16.9226  51.6661  41.4922  39.1944  38.4534  42.3898  57.6563  26.4030  63.6088  34.4989  20.4553  42.8640   6.4483  41.7224  20.0730  37.4712  22.1555  15.2706  56.6908  49.9376   9.7865  49.6065  41.2918
 53.6103  20.8740  46.6623  50.4323  45.8143  40.2527  50.7447  52.2675  14.6086  10.8027  30.4964  34.2373  40.5156  35.8928  40.6662  35.2815  31.8582  53.4967  44.9978  11.4403  33.5516  36.4473  16.0559  16.0201  21.9253  26.1699  12.8677  21.9417  47.9600  40.4336  37.6682  37.9804  27.6023  52.5574  19.3027  53.2931  35.0804   7.5555  38.3252   8.9241  38.1185  24.3138  29.3430   8.7207   3.8104  51.5674  43.1121  14.2929  41.3536  40.1803
 97.5767  65.1448  55.4398  95.7423  52.8433  72.6902  72.8040  67.5518  36.8242  15.4302  60.3145  80.7711  48.4572  34.5272  47.6055  66.0492  30.8735  83.3900  73.0854  26.3418  59.2447  77.1130  48.3322  10.5683  45.6530  16.2533  18.9528  50.1059  89.3918  74.5425  57.1743  65.3028  19.2481  93.1580   5.4708  67.6918  69.6121  23.7394  47.6710  41.1005  50.1423  53.1474  79.6357  23.7605  26.0864  84.3892  52.5212  29.3389  45.0309  77.2820
 85.1312 170.4226  98.3092  95.9505 104.5840  44.3228  48.1900  89.6704 104.6398 160.4526  64.8149 139.9961  77.9499 110.8961  83.5447  52.0266  99.3319  39.5144  13.0247 116.7290  40.6042  97.9492 118.6420 129.4677  80.6248 180.5783 176.0814  89.1413  77.4653  52.3863  23.6139  28.3553 186.7231  68.5927 137.1565 100.3694  69.7161 169.2847  65.5294 137.6356  53.0788  82.9450 192.5979 173.2177 159.0643  36.7110  79.2919 105.3669 103.7927  68.8305
246.5600 300.3409  43.5479 260.0278  48.9895 173.5546  88.3084  65.0787 174.0853 207.3925 173.5992 291.7638   5.7700  66.8072  14.2395 170.3926  64.4361 141.6054 134.5618 168.7966 140.1646 240.5194 215.5402 152.8946 159.8890 201.9889 227.8672 182.1594 231.7932 185.5104  88.2351 141.1541 209.6157 221.1843 151.3611  71.9162 197.1604 230.7360  19.1429 225.2363  36.3800 180.7358 344.9727 234.5088 224.1196 163.3473  13.9773 157.0141  45.7170 208.1078
176.0028 102.7823 120.0328 170.0346 116.4105 127.2242 142.8132 140.9926  47.9842  21.3776  99.1564 134.1767 101.5216  81.9436 101.2126 112.4452  69.7323 158.4491 133.9857  26.6271 101.2294 129.6680  69.1202  14.8499  68.7453  58.5098  35.5578  75.6804 158.5910 129.9184 104.5956 114.7751  64.2573 168.9309  26.1266 143.2494 117.2486  32.8024  96.3369  54.2369  98.1364  82.4818 131.8570  35.3135  30.3961 156.7390 110.1635  34.9382 101.1237 133.4217
117.3902 162.4507  29.6076 127.2724  34.1626  95.8388  38.6344  13.8628 111.2317 124.7271 103.7032 153.4562  41.1386  59.3879  41.1819  98.8660  64.0847  62.0750  72.9291 109.9421  88.0458 128.8092 127.3089 102.4946 103.1495 116.7413 132.5812 111.7828 115.6690 100.9875  64.5924  84.2615 119.1561 105.5809 100.5025  12.2770 110.4657 134.8223  46.8161 132.7227  49.7969 110.1241 180.0115 136.1989 132.5594  77.1554  35.0671 104.8903  44.5917 111.4036
229.5676  28.0571 287.2638 205.4796 286.2676 194.0652 279.2260 303.5452 123.6387 153.1850 154.3117  98.9726 256.8658 249.9287 259.5589 174.0657 229.6618 273.6422 232.3932 134.9811 181.4131 142.4945  92.9223 171.1766 139.0108 219.5984 158.6019 125.1186 205.5132 189.4542 217.6521 198.2443 225.4404 235.2161 187.7238 311.1756 159.9287 135.5321 243.1368  87.6555 236.7098 131.4482  26.6890 139.1002 122.6109 254.4373 267.2934 139.4669 269.1898 177.4839
152.6544 165.6370  21.3359 158.6539  16.6634 112.3674  68.7254  44.9243  98.4462 102.8832 108.2279 168.3209  20.2346  16.9812  15.7425 108.8286  25.6094  98.0526  93.9429  91.0658  92.5547 144.3337 122.1314  75.1999  95.9224  91.0864 112.1482 107.9917 143.9038 118.4462  67.7233  95.1058  94.4745 139.5951  70.8281  43.6065 122.2360 116.6651  30.0212 123.1708  40.3232 108.6180 190.5099 118.0187 115.4479 109.6809  22.9166  86.8805   2.9522 129.6711
 17.2813 109.0475 109.3220  23.6753 113.4632  20.4044  71.3685 102.6396  83.6462 130.5032  43.1004  73.2671  94.7492 114.7500  98.5118  31.5357 105.0884  50.3931  34.9503  97.3426  40.6301  42.7668  82.7927 114.1208  65.4058 153.0842 141.0556  64.6154  11.4826  18.3810  54.2859  33.0331 157.5269  12.3739 121.9474 110.1102  33.0153 132.8985  85.6795 100.2648  77.0984  58.6922 117.8764 135.9773 123.9741  33.3054  96.1950  89.9086 112.0688  21.4033
295.1942 122.5300 249.4176 278.6883 244.5320 220.5133 274.1124 280.8628  78.8728  51.5181 167.4882 193.3344 216.0684 189.5131 216.7005 193.4129 167.6510 290.7452 244.7268  58.0575 182.6358 202.8537  91.2383  79.8314 119.3547 135.9616  64.4050 121.0182 264.3366 221.9762 203.1634 206.8787 143.9768 288.5974  97.6320 286.2120 193.5190  36.0668 204.4906  53.3601 203.9101 134.0044 169.3829  42.8505  14.1746 281.1625 230.3686  74.4148 219.8615 221.5421
 40.8208  78.5002  42.5215  45.8132  45.4031  22.2335  20.0262  38.5798  47.8449  72.4487  30.8475  65.3437  33.3924  48.6212  35.9390  25.3805  43.5587  17.8011   7.7827  52.9341  19.6459  46.4142  54.7058  58.1230  37.2313  80.9584  79.5269  41.3890  37.4108  25.9093   9.6773  14.6014  83.7259  33.2280  61.4088  43.4337  33.5046  76.6726  27.8469  63.0206  22.2284  38.7156  88.8144  78.4274  72.1710  17.9201  33.9159  47.8067  45.1629  33.3624
 68.3356  48.8999  61.4812  65.1056  61.4269  41.8210  60.7281  68.2078   8.5609  39.2393  26.0598  52.3605  48.4451  48.6436  49.7299  33.4069  39.5572  64.1563  48.5359  15.0222  28.1780  44.4841  21.6409  28.9841   9.6104  58.4855  46.9900  15.3815  58.7047  43.0527  35.5933  36.1242  61.7814  64.8035  36.0290  71.3412  36.1390  41.5685  42.5552  25.8760  40.1152  18.0835  63.5827  43.7381  35.6632  60.6890  52.7960   9.4702  54.8530  44.8995
142.5945 122.3248  79.7797 141.7221  78.3122  92.6751  95.1422  96.7471  47.8519  68.6143  73.5046 131.0444  57.8705  52.1268  58.9227  81.4717  35.6786 112.3452  90.8020  40.8402  65.7182 112.0521  74.6161  38.0505  50.2398  85.1807  82.2494  63.0317 127.5744  97.3203  59.1760  76.4199  90.9897 132.4384  44.6031 100.6024  91.9147  80.0162  50.2398  75.4082  50.6794  66.0212 150.1413  82.8476  74.3303 113.4162  66.4533  34.9285  65.0111 105.2321
 71.6755  51.8024 111.8926  62.0509 113.1857  44.7455  96.4565 116.1502  34.6617  82.2383  21.6380  36.5366  93.7303 100.1519  96.3716  32.8719  87.8106  90.4979  66.6852  50.6822  38.2079  27.1537  24.6936  74.1361  24.6041 113.9060  91.6963  15.2152  57.2413  42.7647  61.7776  47.0900 118.3389  71.6272  84.3243 121.8828  26.2710  80.8572  84.3188  43.0022  78.2316  13.2442  65.6119  84.0462  71.0039  79.2632  98.6312  45.7738 106.0131  38.3463
107.6321 121.0712  73.1233 109.1606  74.8188  60.8059  67.1913  80.8813  53.0750  92.6189  50.3590 114.4906  50.1024  63.1672  53.4741  53.0328  48.9762  78.2221  56.3356  57.6377  36.2721  88.5418  73.3730  65.3371  40.7761 110.6356 106.0106  52.9885  94.7123  66.1080  27.0548  43.9771 116.0906  96.9449  72.3261  87.1725  65.9169 101.3486  38.3263  82.9630  31.8889  52.0687 144.9660 104.5218  93.6775  77.8694  56.5198  48.4917  66.6464  75.8298
150.0040 186.8087 105.0000 154.3539 108.7918  82.2819  87.3690 112.4000  88.9854 149.4678  73.9126 171.3794  71.6143  97.8499  77.3824  73.9052  78.5164 102.2889  70.8848  97.4935  48.5887 129.5287 116.7120 108.9977  67.3270 174.5757 169.1870  84.2842 132.3686  90.8599  26.9092  56.2689 182.5241 133.1579 118.7164 122.6451  94.6404 162.2962  53.4455 133.0401  41.0723  81.3259 220.9079 166.9951 150.8158 102.4326  79.6943  83.7780  99.1216 106.8603
210.6280  62.2571 326.7725 178.9692 328.4641 170.6041 295.7437 339.3467 125.2567 210.1973 124.9841  44.7936 285.5822 292.1463 290.8910 147.1269 264.0610 279.1002 225.4695 155.4529 163.4127  96.9954  79.9354 211.1750 124.2383 293.5138 226.2125 101.7424 179.4839 162.9519 217.1884 181.9686 302.8301 219.1756 235.0984 351.7809 124.7040 196.6535 264.9824 106.1198 252.5019 104.2293  75.0692 203.3012 174.4753 250.2788 297.5437 152.1609 310.0159 144.7889
149.2402  30.6620 190.9320 133.5917 190.4017 130.1651 184.7463 200.6061  90.2335 107.7675 106.6541  66.5617 172.1453 168.1847 173.8663 118.3310 155.6925 180.1183 154.7193  97.4563 123.8368  96.1158  70.8242 119.5949  98.8888 148.4677 110.4854  89.9251 134.8604 126.9253 146.9126 133.7991 151.9364 153.7447 129.6822 205.4302 108.7846  96.4788 163.5729  68.3320 159.4102  93.4149  16.3396  98.4919  88.9994 167.5708 178.5121 100.1586 179.9625 118.7482
165.1969 196.5480  56.5962 172.4574  59.2505 108.0639  69.2626  69.7719 104.2308 136.8247 103.9414 190.0530  26.3356  55.0568  31.1338 103.3093  43.3604 100.1555  85.7631 102.6511  80.7597 153.6656 134.0226  96.9852  92.7379 142.6780 153.0004 109.1000 152.1030 116.4445  46.7821  84.1019 149.0210 147.8859  99.3334  76.5788 122.3422 152.4354  11.1720 142.4785  13.0000 108.1353 229.0559 155.6978 145.8734 110.4969  34.9544  92.9953  50.9957 132.0485
 11.9496  38.0584  42.0124  11.4095  43.4279   4.2154  28.8624  40.4331  27.7460  46.6947  11.4614  24.8783  35.6343  42.6343  37.0842   7.1458  38.4416  22.2710  14.0428  33.3864  11.7000  12.5343  27.2356  40.5334  20.5191  56.3351  50.8820  19.9995   6.9362   2.2062  19.2734   9.9537  58.1253  10.8208  43.8516  43.3095   7.3810  47.4755  31.8198  34.2268  28.4590  17.6270  42.0396  48.7165  43.8532  16.0876  36.5814  30.4756  42.2994   3.4321
163.0720  95.2774 106.4159 158.2588 102.4161 123.9423 131.5938 125.3711  60.0036  10.8906 101.5979 126.4989  94.4095  73.1823  93.3199 112.2240  66.6424 146.4961 128.1299  43.1386 102.9815 125.3282  74.7075  26.2053  77.2341  30.1314  12.3366  82.3644 149.1627 126.1866 103.7128 113.6001  33.9385 157.2585  24.9564 125.9103 116.0185  22.5844  92.2538  59.5417  95.3054  87.9775 117.9269  21.6326  29.6350 146.3497 101.0643  50.1995  89.9072 129.0074
286.9114 162.2574 193.1904 277.8708 186.2204 221.3513 236.3658 225.5198 111.1154  23.9936 182.6290 219.6448 173.4308 136.7451 171.4859 201.1600 126.3949 261.2039 229.7334  83.3496 186.3291 220.7552 133.1760  58.3256 141.3857  53.3651  12.2456 148.9172 263.0997 224.8074 188.8796 204.5483  58.3081 277.6888  56.1061 226.2039 206.6100  35.9191 169.9641 105.4041 175.1351 158.7042 199.6301  32.3212  51.6060 260.4821 184.6109  96.0187 165.1279 228.8033
 44.1869  66.7671  15.2171  48.6819  17.5776  35.8246  10.7594   7.0305  45.4346  53.5476  40.2138  61.4220  17.6185  27.2989  18.1863  37.6351  28.1937  20.2400  25.6385  45.7444  33.3817  50.3824  51.7534  43.9220  41.1368  51.9910  57.2032  44.6049  43.7665  38.0048  23.5537  31.2260  53.1948  39.0975  43.6929   9.0146  42.5776  57.5544  18.8420  54.8300  19.0589  43.6262  73.9138  58.2674  56.1475  26.8468  15.1971  43.2850  21.3345  42.5080
 13.0574 240.8189 267.8821  23.5369 276.8296  75.1734 184.5626 252.5003 202.5360 304.7007 115.9266 154.1075 236.9889 279.2287 245.0164  94.6216 258.1884 135.8689 108.5305 233.6493 118.0210  94.7335 194.3325 272.7288 164.7935 356.9928 326.8328 159.4731  20.5250  67.5814 150.5817 104.1948 366.5341  35.0907 290.4178 268.5488  89.1606 307.6563 217.6235 232.9435 199.3210 146.9246 253.4725 314.3501 287.8126  98.9633 239.9940 218.4428 273.9249  61.9859
122.4432  85.5341 207.3897 103.0325 209.8266  82.5642 177.8311 213.8601  72.2056 153.0011  46.8844  49.3822 175.9532 187.6689 180.6379  63.7255 166.2817 164.6278 123.5383  99.7777  76.5028  39.2471  49.6055 141.1687  56.7092 209.6297 168.8139  40.1824  97.4889  77.6460 118.6640  90.2204 217.2629 124.8693 159.0150 224.0447  48.1176 149.1197 159.5199  81.0708 148.6263  36.9310 105.5158 154.6292 131.8190 143.3534 184.2600  92.0892 197.6351  66.6214
195.8475 267.3238  33.1844 211.4574  43.7001 149.6952  52.4820   8.8934 172.1438 200.2169 160.3644 252.6700  43.8568  84.2416  45.4108 153.0110  88.9132  99.2213 110.2428 170.2434 131.8613 208.5313 202.0729 158.6115 157.4272 191.2823 215.5402 173.6491 189.6427 159.2748  88.3132 126.8123 196.4644 174.5319 156.4885  20.2617 174.4741 218.2955  52.7134 212.1221  58.1703 170.9187 300.1434 221.1157 213.2705 123.7308  32.7982 160.5971  58.5854 178.2169
288.2363 218.9007 136.2083 286.4813 127.7003 213.3745 196.2454 174.0220 122.4595  78.2770 182.2993 255.9598 118.7371  72.6155 115.2016 196.1500  65.7630 232.8365 206.8051  94.2119 172.9377 237.2636 160.8716  46.0722 141.8553  57.3251  89.3904 158.1600 265.6208 220.2830 157.6785 188.6055  65.2050 272.5904  26.5919 173.2645 210.2932 103.1180 119.4904 145.0353 129.5170 165.5785 262.5686 103.6073 107.9208 239.8818 130.2124  98.4718 104.4250 231.4262
 23.8281 155.0955 173.1037  29.0960 178.5391  68.1867 122.9648 162.2903 139.3085 197.0674  90.8872 102.4202 156.8486 181.9265 161.4134  79.2975 170.5057  92.7393  83.1251 157.1152  92.4033  73.8540 133.0468 179.4818 118.3871 226.9157 209.4267 114.7097  37.3416  64.1136 109.0605  84.0479 232.2829  37.2909 189.4669 171.4210  75.2344 198.2640 146.3365 154.9851 136.0405 107.7417 158.9450 202.0515 186.9299  72.9888 157.9093 148.6850 177.8933  60.1612
 61.8064  90.5224  89.3141  60.5107  91.9868  22.1153  66.4231  90.1495  47.9779  95.9066  14.2436  70.9596  70.6941  85.3543  74.1829  12.5097  73.4276  60.9552  35.8018  60.9262   4.0792  44.1814  53.8858  77.9083  28.5379 119.7095 107.2637  32.2284  49.1575  25.0465  30.6353  15.0247 124.4714  55.4293  86.4370  96.9480  23.8534  99.4764  60.2342  69.6222  52.1521  27.1227 106.6136 102.6623  90.5567  51.6513  74.6508  52.7568  86.8853  31.7627
139.2463 152.0741 334.1648 102.4807 339.4877 129.1196 274.7179 334.8503 170.0096 277.7408 111.2257  45.5215 292.9533 317.4826 300.2472 117.6380 289.2906 241.0786 190.7911 207.1320 146.4406  42.7688 136.3622 262.7053 145.1758 355.0156 298.2403 125.0480 111.4457 117.2500 204.6483 154.3591 365.2890 155.1389 286.5900 350.3052  88.6544 270.5201 270.1313 176.4361 252.9476 117.2422 155.4063 277.8544 247.0735 204.6902 302.1465 196.5555 326.3579  91.6445
 56.3684  66.9998  13.6390  59.0832  14.4661  38.5621  21.9948  18.8247  37.2839  45.7189  37.7377  65.3201   3.9395  15.1756   5.4874  37.3603  13.1107  33.4712  30.4052  36.1274  30.1728  53.6128  47.0599  32.8848  34.0572  45.5978  50.6628  39.3243  52.5042  41.3064  18.6290  30.8939  47.4944  50.6111  32.8918  20.5830  43.5301  51.0656   1.9083  49.3315   6.4498  39.0774  77.5270  52.0023  49.3507  37.7703   6.9637  33.3002  12.2630  46.4417
 52.8497 141.8164  85.2103  65.9778  90.7307  40.6998  37.9689  73.2068  98.4033 140.4775  63.8663 112.9479  74.0276 100.6252  78.0446  51.7515  93.6831  12.4523  16.9630 108.2382  48.9017  80.3355 106.2520 117.9708  79.9629 154.5829 151.8572  84.5975  53.5314  45.2124  40.5990  37.3815 158.9837  39.2444 123.3729  81.3345  62.3066 146.6704  66.6230 121.5538  58.2666  79.3189 155.8053 149.5770 138.9856   6.5620  73.1569  99.9232  92.7959  56.3423
 17.5134  95.2889  91.5998  23.7904  95.2279  16.0538  58.5817  85.6952  71.5763 111.7913  36.7144  65.3062  79.0881  96.6865  82.3576  26.3390  88.4483  40.5802  27.0412  83.1497  33.3401  38.6791  71.6289  97.1772  55.6819 130.7289 120.9766  55.4922  13.1615  15.1660  44.1529  26.2127 134.5663  11.1808 103.7922  92.1745  28.8626 114.1518  71.2841  86.5578  63.8432  50.3872 103.4798 116.7999 106.5336  25.8651  80.2638  76.6318  94.1446  19.5199
 38.5710  16.8246  62.2717  32.4705  62.7450  29.4668  55.2393  64.5191  22.3985  41.9837  20.0322   8.9657  53.7845  55.8600  54.9466  24.5677  50.0666  51.7397  40.6928  29.2547  27.9714  15.1396  13.8140  40.7653  20.7639  58.4668  45.7314  16.0708  32.0121  27.9631  39.1576  31.7381  60.4535  39.9445  45.6877  67.1554  20.0470  39.9167  49.4628  20.9483  46.7462  16.1906  21.0728  41.3534  35.2412  45.8684  56.1611  28.0088  59.1481  24.4405
 62.9037 109.7247 193.1083  40.6902 197.0629  64.1102 151.9913 190.7620 108.3510 175.3123  63.0175  47.7883 169.1662 187.6969 173.8630  61.6013 171.3483 128.6759 100.3954 130.7619  80.3192  22.6615  92.5169 162.5043  89.3668 218.6709 188.4519  79.4505  47.0644  56.4740 113.7215  81.7472 224.9280  73.3020 176.2831 200.4769  45.3722 172.8454 155.4525 117.7763 144.4380  73.0731 113.7217 177.3009 158.9005 105.8842 173.8376 123.0638 190.6842  40.7118
 74.4545  80.1579  30.2074  76.4104  30.4022  48.0871  37.8222  37.9530  39.1725  52.4637  43.2300  79.7178  17.2110  22.7107  18.4581  44.5065  15.2055  49.9070  41.3080  37.6184  34.6303  65.3404  52.8803  34.9973  35.7263  56.4610  59.6529  43.0814  67.7554  51.4632  23.2673  37.7869  59.3790  67.4696  36.4623  40.4825  52.2105  59.2606  12.1524  55.6513  12.8742  43.2604  94.8261  60.7081  56.3871  52.9977  21.7124  33.6161  24.7930  57.5998
 96.2933 137.5313  67.7959 101.7992  71.6310  53.0076  46.8318  68.5015  72.8734 114.2248  55.0987 122.5300  46.6372  70.6353  51.1591  51.2148  59.4409  56.6777  37.9639  79.2919  34.7472  91.1503  90.3234  86.2368  56.4105 129.0788 127.5359  66.9976  86.2562  59.5528   6.7175  34.7991 134.3477  83.5216  92.0348  76.3417  66.5133 123.1909  34.4545 102.6747  23.9468  63.9047 159.7724 126.3453 115.4803  58.6512  50.3668  69.9450  67.6683  72.0223
105.3404  52.5119 187.9146  86.2859 189.5820  89.9196 164.6983 192.4993  81.9259 133.7612  69.4085   6.9161 164.9222 172.1103 168.2857  79.0053 156.3977 151.6644 122.4016 100.3921  91.0227  44.0214  58.2188 131.6601  76.3965 179.2707 143.3463  63.7183  88.8916  84.6454 122.4732  99.3613 184.6078 112.0589 145.0332 200.0468  64.5254 127.1170 152.9530  75.8881 145.0059  62.9095  53.1202 130.9168 114.5616 133.8512 171.0466  97.1547 180.3431  72.6367
207.9249 208.7601  82.8538 211.7566  81.3831 137.4750 112.6981 107.7778 100.3086 126.6474 120.7059 213.5523  51.0013  51.7372  52.4355 126.3299  29.3603 145.4476 122.1768  92.2273 100.7173 178.8268 137.9916  80.2551  96.1493 134.9793 145.1513 115.5631 189.3602 145.9611  74.4849 110.8248 142.6670 190.1241  82.8456 112.9307 145.4916 145.4659  41.8053 141.9502  46.9191 117.3852 248.3758 149.0039 139.0480 153.3003  63.5126  83.2588  63.5788 161.1370
368.5747 233.2192 223.8286 360.5583 213.8746 286.9165 288.2253 265.9628 160.0187  59.9566 243.3926 298.9334 205.0161 153.6348 201.3068 263.9383 146.6151 324.3683 290.2914 124.8299 242.8809 294.8487 191.9695  80.7927 193.6796  30.6776  50.8885 205.7880 340.7290 292.3996 237.9355 263.5938  35.4961 355.0312  67.2876 264.6717 273.6399  79.6285 204.4629 160.8289 213.7264 216.9207 279.3555  75.4777  97.4908 327.6495 217.8002 138.0915 188.5975 299.8487
111.7141 118.4921  97.4481 110.5304  99.2134  59.2635  86.2323 105.4100  46.3035  99.4917  40.9543 110.0753  71.9982  83.9816  75.6598  47.3022  67.4162  92.4239  63.8776  56.3560  30.8921  82.9795  65.9216  72.8067  28.9747 126.5744 114.5068  42.1159  95.6358  63.8928  37.5923  43.5850 132.7854 101.8987  83.0507 112.6683  59.4222 106.8008  58.9786  79.0950  51.3681  40.9204 144.2607 110.6652  96.7553  87.6042  79.0808  45.4843  89.6700  72.4086
 23.1482  59.5048  43.6909  26.9601  45.9290   9.5365  24.4389  40.3937  38.8383  61.4419  20.5424  45.6727  36.0765  47.4330  38.0992  14.4908  42.7545  16.6571   4.6510  44.5508  13.6115  29.6675  41.9560  51.0782  29.2957  70.7535  67.1629  31.1589  20.2402  12.2256  14.9842   7.6837  73.0563  17.4446  54.4957  44.3285  20.0666  63.9210  31.3751  49.9483  26.8005  28.4149  66.5541  65.4508  59.7472  10.6907  36.7220  40.3810  45.4041  18.1926
 59.1034  69.3718  83.6920  55.4266  85.4923  26.1242  67.1842  86.1705  34.0174  77.7373   6.4855  54.6999  66.9592  76.8274  69.7467  14.7765  65.7966  63.2163  41.1824  46.7023  13.2734  34.4881  37.4033  63.9254  16.8757 101.2130  87.5264  18.4938  46.8613  27.0617  34.8518  22.8869 105.4100  55.1303  72.1630  91.7875  19.3469  79.8577  57.9069  51.6972  51.5171  13.8572  83.7805  82.7202  71.6494  54.7341  71.0166  39.8902  79.9624  29.5808
101.8490 101.8490 101.8490 101.8490 101.8490 101.8490 101.8490 101.8490 101.8490 101.8490 101.8490 101.8490 101.8490 101.8490 101.8490 101.8490 101.8490 101.8490 101.8490 101.8490 101.8490 101.8490 101.8490 101.8490 101.8490 101.8490 101.8490 101.8490 101.8490 101.8490 101.8490 101.8490 101.8490 101.8490 101.8490 101.8490 101.8490 101.8490 101.8490 101.8490 101.8490 101.8490 101.8490 101.8490 101.8490 101.8490 101.8490 101.8490 101.8490 101.8490


6.7398 4.9095 6.2735 0.8236 2.6754
1.4767 6.3223 5.1664 5.4553 2.6754
8.9830 1.4428 2.8418 5.5117 2.6754
5.9883 5.2057 6.2653 1.1405 2.6754
8.9718 1.5996 2.6934 5.7188 2.6754
5.9347 3.3024 4.4070 1.0560 2.6754
8.5869 1.6360 4.0307 3.6117 2.6754
9.3956 1.6440 3.6838 5.1768 2.6754
4.2751 3.5795 2.4981 4.2079 2.6754
5.2785 4.5974 2.3069 6.5550 2.6754
4.8768 3.3614 3.7103 2.1782 2.6754
2.8351 5.9960 5.7686 3.6510 2.6754
8.0927 0.6428 2.2232 4.7829 2.6754
7.9741 1.8711 1.4107 5.7815 2.6754
8.1818 0.8330 2.1794 4.9710 2.6754
5.4009 3.2542 4.0069 1.6048 2.6754
7.3786 1.6587 0.9497 5.2974 2.6754
8.3091 2.6882 4.8826 2.5573 2.6754
7.1208 2.4463 4.2102 1.7925 2.6754
4.6772 3.5690 1.9602 4.8960 2.6754
5.7012 2.5955 3.4021 2.0683 2.6754
4.2737 4.8187 5.1418 2.1301 2.6754
3.3219 4.4405 3.5112 4.1553 2.6754
5.7618 3.3993 1.1321 5.7405 2.6754
4.6040 3.1636 2.7880 3.2971 2.6754
7.1957 4.6938 2.3753 7.6908 2.6754
5.4377 5.0781 2.7343 7.0821 2.6754
4.1604 3.6406 3.2426 3.2517 2.6754
6.0792 4.5824 5.7269 0.5348 2.6754
5.7689 3.5678 4.5912 0.9463 2.6754
6.8212 1.4204 2.9829 2.7592 2.6754
6.1477 2.5899 3.7713 1.6935 2.6754
7.3652 4.8763 2.5806 7.9131 2.6754
6.9786 4.3537 5.8676 0.6079 2.6754
6.2484 3.4476 1.0432 6.1336 2.6754
9.6346 1.8876 3.7333 5.5504 2.6754
4.9241 3.8531 4.4023 1.6633 2.6754
4.7724 5.0706 2.8644 6.6714 2.6754
7.6770 0.2886 2.1401 4.3292 2.6754
3.3162 4.7394 3.3242 5.0315 2.6754
7.4617 0.3092 2.3363 3.9001 2.6754
4.3002 3.5815 3.3863 2.9553 2.6754
0.5199 7.2760 6.2441 5.8887 2.6754
4.8751 5.1675 2.9280 6.8256 2.6754
4.3964 4.8746 2.8125 6.2239 2.6754
7.6921 3.1083 5.0385 1.7012 2.6754
8.3844 0.7545 2.5374 4.8554 2.6754
4.7724 3.2699 1.9158 4.5253 2.6754
8.4978 1.5238 2.1176 5.6487 2.6754
5.3605 4.0727 4.9005 1.0742 2.6754