100 50 5


15 5 14 13 31 33 8 22 32 28 24 13 16 13 6 7 19 9 7 25 34 8 16 14 7 15 14 14 34 11 30 9 9 10 23 8 27 8 22 20 14 12 12 27 14 5 9 19 18 22 17 33 31 5 23 23 35 16 25 13 30 29 25 25 26 6 15 18 15 14 22 30 7 13 28 14 19 33 5 33 9 31 19 7 25 23 5 29 33 18 20 10 6 14 29 5 35 24 6 11 

424 1452 377 1052 1208 998 1454 1163 308 415 858 1078 903 1433 1159 456 447 525 1279 483 408 1119 928 571 808 1041 615 468 1000 669 841 500 381 543 1085 303 591 515 857 1146 1380 1403 684 1058 615 350 649 360 530 543 

1244 1647 4125 2114 2931 


368.4030 366.5256 367.9686 321.8813 104.9928 247.0168 412.2779 163.5699 211.1728 257.4114 103.0761 140.8311 312.1491 245.8408 361.0323 250.8945   5.4930 412.7914  55.1022 425.1268 309.1348  34.6942 426.8308 397.9571  32.3378 119.5717 288.8974  57.0388 364.0095  62.9921 426.0631  25.8858 149.6842  25.8641   2.6631 220.0008 216.7223 302.0989 416.1496 199.0831 443.3052 192.6717 377.0060 354.8910 427.2498 313.7573 230.1996 328.0543 124.2667  55.0404 
307.9503 323.5816 310.8173 165.9812 351.9540 127.1397 329.1351 108.4672 297.6513 431.7747   8.0903 421.9201 441.6766 156.9835 226.9008 181.5981 344.2332 188.1009  97.0215  90.7289   2.0004 189.1691 420.8698 197.7223  23.3185 126.7117 202.5904 349.0261 391.6310 245.7754 135.0002 409.1779   3.0783 323.1160 307.2613 141.7825 394.9683  14.5282 289.0525 430.9999 168.1129  82.0257 225.7473 305.8837   6.4044 382.8183  20.5301 301.0043 165.9657 154.0537 
312.6589 228.5155 269.9746 116.8637 124.2652  46.0008  90.1078  27.0695  63.6093 306.0005 288.0011 295.1591 165.4101  45.9744 259.3851 240.7973 300.3222 309.7337 189.0666 299.9863 108.0803 257.4691 267.0759 412.7838 347.1734 371.8169 338.5428 272.0021 282.0138 319.0220 223.8690 271.0732 251.9668 259.7282 408.0212 147.6447 293.8543 356.3440 299.8428 116.1594 160.7054 402.0614 413.9886 139.1354 445.6702 135.6475 374.3642  80.7212 140.2683 298.8813 
377.4922 423.9989 119.8053  93.5739 120.0181 382.5958   6.1032  27.2312 137.6518 319.0772  68.2545  66.5347 274.7674 390.7547 106.7364 272.0052 337.9631 434.8504   4.6063 368.0149 102.8009 348.9363  19.1265 305.9632   8.5363 158.6785 283.4419  74.7160 112.2346 109.0571 198.1867 371.9982 344.9202  93.4664  72.4440   6.3645 255.7665 411.9977 331.5649 383.6228 170.0019 255.9805  47.9023  90.3530 340.9964 136.2288 175.5285 335.0001  66.6566 322.9966 
 76.2191 413.8320 202.0523 414.7651 247.9051 230.3355 214.3025 296.2971 280.3153 418.2278 405.1122 247.0082 323.2833 242.7445 446.0697  22.8599 219.4198 217.9903 195.2027 359.6047 136.4124 316.7333 239.0583  37.7607 174.1101 142.9904  13.4702 417.4258 112.8923 173.9955 326.8611 165.7531 408.4050 100.1745 217.0289 350.2615 362.2532 213.3200 441.6100  35.5974 192.4807 355.0685 120.0000 313.8331 435.0198  92.3572  70.0568 447.3609  19.3919 261.7741 
390.0512 359.4401 100.7030  33.3429 376.9917 302.9979 219.4215 317.2098 217.4681 328.4421 380.6131  57.9819 312.8261 378.1499  99.6031 289.4788 400.6200 298.1552 157.4349 388.1594 398.1484 386.8471 418.7226 279.5961 349.1728 391.9903  17.6047   1.3288 390.1087 361.6184  97.5067 274.8308 282.7803 111.7061 309.6900 379.3117 384.1397 269.0073 134.0508 370.2873  91.5213 330.3889  24.5790 324.6248  22.3691 412.0054 316.2039 146.9866 124.8234 215.0713 
335.8868 342.3712 394.1308 292.1453 384.6021 278.9840 332.2157  51.7510 256.9973 399.9997 340.0041 373.7273 361.1854 412.8787  31.0545 194.9723  87.0512  45.2333 294.2963 409.6875 221.5781  27.9135 190.7506 335.8416  32.1231  61.8758 202.5808  69.2813 159.0000 445.9720 168.4498 155.1594 237.0274   3.1272 220.8678 319.4671 122.1171  10.3548 181.6223 442.6092 184.6017 298.3215 276.0797 375.2475   1.8176 192.9660 432.4934  21.1948  55.9730 243.0119 
360.9939 314.6553 355.3848 307.9862 188.2598  66.4190 353.4912 179.9402 396.2244 392.1172 340.0943 348.2279  74.6645 240.0289 365.6846 146.9232 102.9785 229.1208 124.1892 301.6029 191.4839 236.4263  89.4488  48.6629 120.8778 440.8754 359.8504 302.0836 129.2817  94.4846 353.4213 363.7462  77.8137 165.2803 304.8342 408.9996 312.5725 169.0106  10.7513 297.8972 253.2161 204.0795  48.1335 268.2220  89.5500 447.2370 264.3628 166.9226 365.3292 133.5526 
336.7669 437.6129 398.6541 418.9769 436.2497 258.0178  60.9955 178.0238 176.1827 261.0642 449.8489 189.0178 334.7619 181.0004 318.1945   3.2057 105.3145 164.2189  30.0221   4.3052 177.0983  53.2956 418.5734  21.5064 443.9730 182.6725 122.6761 446.8820  67.0739  18.9720 168.2157  43.1443 271.5586 346.3154 115.1628 355.3716  80.5871 131.8849 385.9447 113.4174 259.0166 387.9838 203.0027 441.6609 144.9541 357.0091 411.0002 299.7807 343.0345  37.7996 
104.1914 382.8114  87.9864  49.3103 171.2669  89.9995 177.1363  53.9701 420.9131 292.5306 218.8249  83.2476   4.9869 275.0015 240.2482  52.5940 358.4931 417.9120 385.3819 439.1988  96.5313 138.9660 416.9219  36.4575  21.9779  98.1977 395.0809 218.9722 412.9838 357.0003 159.5290 395.9709 120.1103 329.0801  12.8830 297.6889 160.8984 395.2213 416.2053 390.8007  72.4302 396.1165 403.1863 149.0869 297.3708 386.6288   6.9837 174.0707  75.2814 423.8592 
207.0030 304.6454  17.7849  40.9181 104.1134 427.4183  61.0870 272.7475 336.1338 421.9459 101.6706 112.6384 218.0367 187.9098 270.7279 372.7312 246.9556 413.6102 111.7184 288.9863 263.8742 172.9062 311.8593  76.4681 161.0519 232.8552 274.1411 328.2365 245.9309 208.6387 197.4286 374.9325  93.0554  50.7285 335.8421  84.9993 234.8049 180.4179 219.9983 296.2672 296.1866  11.3645 348.8858 303.2160 395.9581 311.4273  60.5932  73.2557 449.1059  37.0518 
307.9991 366.8967  61.4177 443.6521  59.4688 189.2793  82.0013 280.0037 277.7953 109.0107 189.3279 161.9535  39.0700   5.3294 166.2389 226.4402  71.6928 341.4255 427.0948 429.4031 203.1398 135.2929 175.5574 379.1737 116.1181 418.0013  92.0783 331.0203 412.0663 241.5898  98.9993  61.8416 391.8106 265.0359 180.9546 100.0860 101.9802 425.5053 237.1734 432.9031 429.6307 211.8356 230.0273 219.9541  84.0979 302.3495  73.7199 179.8895 398.2109  53.9816 
325.0015 246.1388 279.6084 185.1527 384.0366 202.5443 359.3444 129.3809 162.3567   1.9999 103.6186  70.4337 201.2865 201.3835 112.7637 134.5962 152.6082 187.1673 340.7135 209.3629 150.3247 355.7255 259.6589 108.8408 251.9570 308.0117 263.7658  18.2498 386.9447   6.9171 255.8204 111.7005 288.9620 315.7140 151.0525  45.2649  90.4687 338.5221 410.3530 435.0000 291.1314 232.7557 421.4652   1.8674 154.9457   0.0494  97.9884 223.4377 259.9665 129.2737 
210.8282 212.7854 428.0255 345.3949 173.5723 119.9983 358.1071  89.9920 158.1790 220.9546 384.0383 402.7635 441.9275 408.3912  37.4123  75.2392  86.8161 395.0049  72.9804 365.0150 154.9951  31.6437 153.4029  40.8162 222.0001  49.5933 148.0664 162.0685 179.0603  63.4127  34.0045  75.6168  65.2323  22.2209  57.1482 193.7676 316.7918 334.2723 435.7915 380.8318 434.0861 111.6868 110.6320 199.0026 349.0168 203.1980 380.7733 296.6476 243.1835 385.9569 
227.3345 325.9271  70.4930 364.3459 248.8496 343.9999 346.0249  40.8508  28.0446  56.9646   2.1724 357.8928 377.5331 266.4349 157.1354  66.9336 341.0465 362.3104 192.8240 336.4370  56.4921  27.9985 304.0983 143.7278 192.9460  10.0054 250.9087   1.0107 143.8236  45.0758  64.4816 328.9280 152.2209 241.8681 413.8061 290.0759 245.6892  70.9686  17.0002 232.9516 434.0980 392.1125 296.0438 190.3062 121.9316 317.6511  23.1051  11.2667 108.5534 355.7798 
316.9087 337.1127 171.9909 382.8357 437.0082  53.1234 301.8404 100.9741 430.3056 247.9995 135.9979 379.9171 446.8702 273.9743 197.0177  78.4200 150.3086 117.1066 285.4931 139.1943  76.2263   3.9657 231.7395 172.2030 176.1867 423.6959 248.7551 269.0092 282.1577   2.9509  42.9211 389.2624 191.4508  80.3696 104.1441 122.9587 413.9987   5.0742   5.5547  13.3551 345.2081 381.0016  75.0030 447.5151  97.9483  82.9984 241.2837 389.5077 313.0979 129.4279 
321.3409 298.9970 196.0829 347.5129 139.4647 101.9801  84.3763  58.1786 124.2559  21.0022 185.2370 359.9238 119.3216 415.5631 411.1391 231.0574  70.0277  70.3698 162.9460 105.2672  40.9949 179.0834 364.8889 196.7136 245.7895 404.9045 365.9917 255.2030 431.7525 237.0830  70.4276 263.7181 204.2513 280.8007  32.1828 356.5967 375.6788 166.0081 405.3790 249.8989 201.9994  64.1566 186.9277 324.5934  44.2782 368.2274 404.2911  84.7566 298.9642  51.0234 
166.8265 355.7274 339.9895 148.4032 145.9679  31.9638 448.9824 221.9309 159.9260 122.7877  31.0488  15.6050   5.1501 276.7313 173.6359 282.4304 442.7057 410.0740 309.9915 378.0583 229.1459 240.0159 373.4502  10.1789 438.3536  14.5479 319.9742 115.2680 227.2621 301.9044  96.1739 437.7814 109.9100 122.1678 287.1330 180.8049 222.9783  45.8074  59.6310 213.0237 173.9877 266.7195  88.4498 298.3292 351.7379 184.4395 164.7958 320.9740 100.1583  54.6683 
153.0992 437.8513  24.0201 117.2926 111.4574  24.5238 207.9997 310.2467  36.5648  39.0936   4.6966  96.1179  63.9549 354.2595 186.0028 307.1226 434.6847 360.5726 253.7685 130.5408 236.6760 354.0005 299.2838 385.5960 402.7254 129.0054 260.8317 112.7299 129.0216 229.0028  29.9580 359.9971  20.7030 434.7317  68.2603  31.2085 212.0164 411.6963 383.6230 346.4465 235.8788  11.7371  81.5223 297.7963 409.3712 259.2295 166.1637 199.7620 369.6139 130.9422 
159.0741 363.5101 436.9536 347.9807  86.5942 240.0540 216.9928   0.0415 329.0876  81.9363 210.8271 106.5601 252.8206 174.0182 365.1584 354.2788   6.2861 228.9584 309.0169  71.9368 316.5448 264.9264   3.0492 414.2632  46.3390 399.2681 180.6290 340.0523  79.2860 246.4191 192.9903  20.9820 292.4959 350.2366 300.4990 161.9678 325.7083  66.2039 229.2972 388.4589 245.5344 292.9853 438.9839 149.9938 442.9993 204.5935 399.5471 374.6617 122.8362 246.0016 
 54.8893  46.2556 441.1792 100.5417 379.2476 213.1342  43.9426 417.1514 154.6521  73.5566 305.7731 271.2699 184.2566 296.5629  44.7084  82.2157 190.3951  32.9786 277.4439 358.9992 424.2135 434.5286 159.7454 234.9641 135.2602   8.4100  88.3423 201.5895 335.9911  28.9997  56.0008 251.0971  58.2476 133.4357  30.1992 364.1112  87.9421 246.9866 396.9119 377.9977 362.8404  16.7899 262.9925 188.0000 285.0221  57.2438  50.9989  69.4624 357.5570 380.7619 
287.9061 449.0000 230.0003  81.0390 201.0160 111.9742  74.1985 331.0029 217.7747 335.5583 446.9124 307.7735 176.7622  24.2924  59.8788 392.3381 418.0177 111.8299 446.0005  11.5003 349.9869 125.3899 314.9955  90.5559 413.0365 353.3133 328.8865 177.0271 316.6757 303.3285 181.1475 172.6460 432.1408  20.2666 243.0515 273.9464 443.7224 394.3617 107.6235 319.9904 397.4392 150.2377  46.7528 300.9541 410.4577 182.9937 137.7974 336.8313 141.9999  14.9631 
267.0876  95.6318 227.3300 143.2442  37.9224  40.4515 257.6861 232.0334 247.9702 207.2902 128.0062 390.3414 283.4263 117.9659  74.9658 285.9265 262.6976 136.5753 198.5298 303.5726 187.9979 251.8602 224.6902  26.0074 224.4111 341.7379 384.2567 177.7858 107.0362 105.5174 367.9269  27.0391 417.3892 246.1498 172.1350 442.3886 394.1675 235.1939  92.5560  13.6112 327.6906  42.4995 392.0863 407.9238 121.6684 162.1674 356.9391 225.0000 268.2808 161.2095 
 68.2862 312.8303   1.0116 144.0123 168.1774 406.6059   7.2717 174.0621 400.5864  55.5600  53.3905 399.9394 166.9024 211.2792 156.0028 150.0483 144.9014  66.8824 431.4193 419.7917 401.9759 229.7201 136.3783 131.7799 313.1244 245.7623 322.7359 198.9712 188.7912 322.8773 223.2605 291.1593 103.0028 170.2555 120.3293 198.0443 352.3101 117.8501 322.0490 135.9999   3.8466  85.0003  78.7752   9.8416 257.8124 150.8419 353.7105 293.8122 282.3738 214.3389 
194.8148  62.7554 130.1175 166.9530 327.0005 369.9747 426.8142 144.5456 342.1726 375.9032  99.1590  90.7843  26.0090 202.1430  88.7749 350.3816 228.3153 144.7705 269.2264 251.8311 279.1496 128.9998 104.9614 152.1773 342.8310  83.0279  75.0153  70.4280 348.8507  72.0151 381.9764 179.8663  77.5643  95.9927 213.0292 357.1215  17.0496 303.5024 309.9168 363.0380 356.5537 382.2220 436.8984 292.0409 174.9263 205.0001 440.1165 440.2482 284.5742 183.6635 
205.4681  86.0134 356.1231 327.5233 166.0338 319.8775 213.3788 315.8403 426.4662 210.1498 398.1677 258.0197 297.4216 257.0005  42.6152 152.4299  48.9998   9.5647 391.9329 364.1543  43.5536 163.1472 270.5244 285.5940   4.1690 448.9273 196.0369  57.0063 125.2025  94.5803  53.6146 327.9463 304.9615 434.9368 110.6112 186.0064 203.6428 306.0107 142.1673 130.0974 208.6548 344.7391 373.4464 334.3110 274.0578  30.9998  34.9497 342.6783 198.7997  21.9707 
 34.9749  98.6835 269.9661 415.5559 260.7963 223.5308 417.1104  48.8479 260.4181 438.7323  12.9955 416.6069 392.1276 411.6772  35.5570  37.8900 388.3638  44.9367 127.1546 262.6945 396.9765 126.5898 392.5471  59.0149 165.8695 252.4420   5.2791 241.8120 181.2318 140.3526 263.2966 296.8053  47.1141 219.0601   8.4686 298.0786 233.1404 185.9845  36.0366  45.9296 144.1649 202.8209  47.8154 361.1576 252.7986 450.8003 158.1024  72.9867 296.3480 171.0038 
404.5305 269.7572  71.1419  97.0441 249.9453 396.4553 295.3367 227.5614 348.3239 104.2194 264.1593 184.3216  75.8599 219.6231 165.9979 438.2734 349.8343 150.7013 281.0729 386.7278  22.8402 138.1435  94.0869 194.9920  35.1146 214.7645 407.9720 358.5967 348.4986 349.6507 397.9919 376.8655  42.4576 109.0007 336.0518 187.6110 130.9941 246.9921 449.7893 298.6777  11.0510 445.5080 411.6110 317.0459 298.7203 141.0176 422.5547  41.1435 395.9983 298.0619 
396.9366  81.0000 167.0043  86.0799 176.0204   6.0167 375.6776 447.1547 255.5706 152.8971 173.9227 163.7444 162.0268 110.0096 410.8990 319.3638   3.4698 275.5141 370.9006 444.3680 254.6582 310.8594 305.9920 395.0018 115.5809 280.0064 434.9726  65.6632  23.4853  84.0356 253.9802 382.6434 216.6348  54.1069 202.0249 126.5879 186.1260 116.1959 136.4966 283.7492 121.5015  31.5295 211.8860 222.4261 158.9895  81.8859  65.2387 146.5260  77.7824 421.8402 
 54.2137 335.9979 211.0367 218.1697  18.0759 170.7904 240.4221  80.0780 409.8963  94.5695  65.0148 386.1668   6.0575 362.7629 184.8513  96.0153 286.2369 302.9690 191.4427  30.5260 447.2492 106.8819 224.9103  10.3790 398.0300 273.7667 141.9991 192.8753 375.8418 210.7327 187.1413 137.0359 256.9235 139.3308 314.8858 239.5499 379.1899  43.3571 280.4022 188.2142 339.8478 395.6762 119.6378 125.8695 295.0988 412.7159  23.4056 258.5059 314.1229  29.2110 
 68.5634 145.0577  14.0454 205.9993 151.5502  87.0000  43.2598  41.9980  20.7100 166.4629 431.6702 123.0027 152.8308 302.5246  57.5647 261.9993 166.8260  39.9647 180.2673 147.9013 280.0011 248.4498 279.8330 170.0960 386.7628  16.9999  61.4046 324.4908 377.7447 325.9571 445.4191 172.0044 332.8677 300.8178 417.9121 149.9175 121.6834 114.8892 272.8860 253.0017 374.9703 443.6557 166.5211 138.4574  51.3314 426.0051 162.0004  25.6209   5.1390 205.0659 
277.4994 309.3383 187.6301 282.6007  52.9699 404.0597  67.5495 138.5195  21.5649 437.0000 236.9929 185.9881 408.0062 231.9998 332.8335 189.2966 358.0071 429.9999  88.6566   4.8729 105.2639 270.4654  45.9703 292.2189 392.7971 238.1833  70.9939 122.0003 106.2601 121.1068  89.3451 321.3442 365.6641 210.1639  44.7062 215.0153 245.9131 303.6294 264.3963 387.1075 180.3501  13.2111 405.7226 155.0296  79.2676 166.0276 214.5339  21.1947  68.6180 163.2035 
272.7891 222.4476 297.2858 285.0939 392.9940 153.2369 224.0183 305.1726 371.6366 168.8809 142.3847 406.9400 289.9040 235.8825 235.3088 413.6560 165.8767 320.8253  70.0237  30.6722  11.9973 311.7789 195.9839 293.9997 444.2618 127.9455   5.2051 296.3694 142.4116 189.1548 419.2434  89.4330  95.9712 153.9796 444.1541  27.9824   8.0993 114.7723 106.9802 325.2689 157.4806 173.0001 172.5402 302.6183  44.4625 351.1774 112.4783 394.0484 146.9324  70.7780 
196.2303 141.3819  42.7712 256.0558 151.9532   2.5570 429.9996 332.0545 429.4292 218.2268 265.4100 286.2863 376.3545  63.9915 311.4684 342.1190 281.1851 220.2507 256.7402 247.9941 418.6101 177.7407 412.7897 101.9996  82.5229  31.0120 411.0333 436.5536 406.0784 268.9996 380.0457 391.9980 283.2424 186.6942  11.4997 302.0079  71.0415  95.8969 447.5320 376.2271 343.9127 244.0071  10.0278 337.9315 356.0190 368.0021  52.7360   9.1271 133.1926 145.9908 
260.3993 273.4478 256.8317 213.1548 132.9856  11.5549 226.4357 449.8925  10.0164 155.1029 192.8324 164.9959  12.7397 390.4352 101.0002 435.8982 402.9244 264.3962  43.7122 200.3934 409.1895 327.0273 277.0319 424.0163 177.4993 384.4185 224.7433  47.0885 278.0335 233.0842 189.0013 156.2498  30.9856  99.7284   1.5042 237.9537 134.0214 233.3293 404.3509 264.1059 349.1990 178.0584 411.7204 441.9679 338.1229 173.5497 213.9797 440.6384 415.6025 220.0724 
256.9086 208.4445  39.9807 322.7993  42.0322 171.0434 362.4787 289.3616 317.3569 199.0484 205.8813 314.9047  41.0176 352.7107  42.3087 346.9984  15.4137  25.8861 318.9176  10.1351 154.2597 416.2522 131.9196 375.8594 223.1387 249.2962 420.4104 198.9494  14.9845  16.3448 336.2856 437.3683  96.4785 278.5423  61.3023  66.9741 250.7968 352.9450  15.3680 259.4389 217.3631 315.4620 420.0001 352.0382  77.2957 191.0469 306.7011 184.2691 395.7386  31.2558 
234.7916 406.5399 178.5736 142.3954 248.0334 308.1690 120.6705 315.0991 288.9906 205.6815 357.0676 355.9357 101.3514 174.7652 368.0321 299.4136 365.3224  57.0766 340.9089  12.4575 448.4056 156.5866 176.4653 149.0216 429.0690  94.5863 425.0774 137.9950 318.7837  71.8644  68.6797  37.1024 146.3774 380.9531 378.3784 380.8170 387.1943 217.8436  76.0418 320.8741 352.7399 402.6914 190.0909  87.6853 444.2901  66.2958  94.8553 433.9906 243.1578 370.2051 
 27.0041 385.8254 290.6683 102.8456  59.0086 251.7307   2.8228  88.9651 283.6445  96.9805 167.8352 158.4542  35.9059 128.0363  55.5806  95.9995 190.8174 208.0363 172.9633 115.6219  52.4794  90.0009  25.4774 244.0674  76.8258 401.8822 399.9995 272.5232 360.0043 202.5176 404.5673 158.0096  22.4392 149.7223 325.0184 123.5243 368.6496 213.1180  73.3634 169.7320  65.7016 328.0269 248.8990   6.0012 204.2154   4.9999 310.3031 145.0983  48.0584 197.6376 
391.9721 242.5426 189.0315 289.4641 417.4343 392.2656 232.1506 296.7351 250.3249 240.8010 108.4561 134.9973 304.2363 103.3402 401.7736 170.5873 164.1830 100.4622 437.7027  55.9704 415.9998 268.7403 243.0662 131.3310 120.1879 134.6280  58.2102 361.3975  11.9836 410.0000  43.7747 401.1501  96.1549 159.3874 447.9781  48.1575 408.7515 218.8358 321.3052 141.7132 100.0096 251.3963 139.7965 198.0842  34.0492 177.2418 161.2006 313.3880  58.2270 140.2029 
313.2867 430.6683 365.7465 300.1401 123.1257  46.2629 345.8165 261.2376  43.7801 287.1316 239.5948 128.0490 322.0109 411.1978 366.0333 187.2818 433.2012 195.8419  45.5752  11.8261 108.1328 206.0153 436.2862   2.8608 375.1582  25.5399  37.7318 168.1089 359.7637  91.4856  68.8849 364.7711 235.4763 376.4263 390.7610 283.0423  11.6585  67.2799 314.3915 298.9959 169.4941 398.3549 262.0828  85.9486  75.8408 366.0579  87.6230  94.4043  24.9920 391.9802 
252.0060  47.5481  76.1348  43.1405  87.2196 223.2899 105.9662  38.5047 401.9572  43.1478 439.5714 355.1874  76.8905 106.6370  83.1444 179.9371 280.0863 128.6842 197.0064 287.1437 222.1475  43.7971 270.0695  24.8327 262.4580 255.0384 351.4504 142.8658 213.9275 446.6218 426.4728  30.0061  13.0166 166.0074 157.6721 286.4812  76.9751 442.5253 232.4193 312.9910 220.7552  41.0166 399.1101 167.2143 144.4018  20.9870 344.9705 227.8982 339.3444 139.3073 
  5.4864  84.6971 360.6963 308.1760 438.6777 150.1409 239.3476 234.3508 255.9548 407.0182 286.0130 112.7502   2.0218  46.2314 337.8051 108.3114 217.4300  38.0028 422.9982 210.7309 329.1366 371.9751  34.9191  47.1329 215.8218 292.6926 153.0727 417.7616 447.1843 192.9359  68.7438 229.7572 176.9939  84.8593 307.9940 360.9318 139.5241  27.6512  92.9983 450.8559  23.0536 220.7804 443.9815  25.8501 407.7799 365.9667 202.2447 166.1649 266.8135  18.2304 
 55.0011 321.1346 118.9994 289.0578 282.6046 380.8521 415.8689 412.8278   5.9644  73.1645 181.8349  95.3467  55.2358  45.0004 115.9870 197.1493 153.0132 274.9621 285.3765 270.4061 269.7745 331.9983 105.5020 171.0569 307.9099 320.8586  85.6624 118.9908   5.3618 160.7390 258.7523 145.1933 347.8101 405.2738 150.9711  45.0380  78.9748 110.2197 441.5869 305.0289 191.0061 363.1345  44.9684 221.6882 421.1029 239.3581  30.2213 436.0185 376.8773  52.0020 
256.0028  47.9310  57.9119  21.2182 207.8017 296.0007 299.2677 135.5897  78.3044  49.0007 324.2274  16.0311  40.2719 320.3983 146.6947 277.4196 349.0237 244.8595 389.5456 292.6172 373.5124 391.9025 163.3185 348.0083 270.4259 426.5800 321.9946   9.6682 226.0239 261.9293 372.4438 221.0000 232.6448  56.1498  67.9786 298.2476 412.1839 206.6031 210.8160 297.4935 346.4353 273.9045 118.1178 292.9611 174.2314  12.2455 293.9387  98.8857  86.1881 327.0197 
409.0313  76.1988 185.0734 163.6211 333.2890  54.2028   9.1552  15.9966 320.0662 372.9679  96.7907 296.9908 330.3838 129.1142 406.0000 367.9238 115.9815 324.0272 343.0000 304.1657 296.6941 230.8211 127.3096 264.1030 337.4855  10.5736 345.0149 389.8181 249.2677 417.9978 266.9979 371.0672  48.2464 150.8006 244.0025 122.0858 231.0078 421.3310  29.6832 356.7737  28.9744 239.0035  27.8063 370.4195 177.0775 419.1982 429.0197 242.7463 123.9932 428.0085 
247.3401 363.5808 427.2684 230.5724 201.9949  56.3736 392.9311 262.1340 301.1603  21.1342 404.8689 130.3232   8.8053 434.6045 377.5525 402.9481 155.9485  46.9531 188.7778  43.8581 212.8738 304.7891  10.0525 182.1667  59.1870 211.9683 393.7193 162.0774 293.8927 202.1621 352.1359 303.0163 112.2963 259.0342 410.9803 253.0878 257.3699 393.9805 409.2020  70.0012 174.8856 159.5151  56.2980 319.7080 304.6573  57.6351 406.9703 167.8307 446.0790 436.2783 
269.0952 316.4304 428.7947 249.2857 406.9642 294.2696 137.4890 175.5184   0.0026 448.8085 299.1988  45.0255  69.4849 196.2365  27.2846 291.5246 118.7563 229.5674 174.6212  36.6629 251.5815 445.4926 158.0008 189.1189 209.0144 325.6596 437.1397 116.1950 307.9355 397.0640  32.9925 338.6384 270.2746 444.7837 191.7734 393.1484 351.3965 409.0082  95.8546 196.9749  12.9956 264.3234 440.5885 287.3051 357.6888 331.0202 142.0883 257.5300 338.0436  28.7084 
 90.0293 102.9948  47.5673  40.1368 392.9723  13.1622 163.1364 252.2714 332.6710 400.0051 440.0437 347.9638 340.4141  84.0131 257.0603 388.0730 272.8784 305.2194 351.0462  95.2014 242.8942 427.0092 435.3865  45.6184 362.0012 280.2184 318.7700 424.0726 176.1852 376.8512 409.1550 400.4119 416.0196 414.9029  26.5132 315.4833 168.2618  82.6940 305.9448 261.3401 177.0043 188.6103 447.9999 434.2034  76.2534 155.2477 191.8606  10.2639 184.8755 109.9058 
156.5419 448.2859 334.1920 269.9949 313.5317 253.5576 345.2677   4.3239 297.9506 250.0669 114.1880 153.4469 141.8497 398.9939 394.5368 206.8727 397.3971 293.5585  70.4706 133.4823  16.4187 165.3476 426.4810 249.2155 316.4535 449.9459  56.9963 433.8895 423.6867  48.0061 246.2386 275.3114 191.0018 302.5903 231.6833 243.9992 109.7796 138.0609 403.1685 162.8725 212.9652  55.0359 211.1162 263.4613 302.4655 402.2107 267.6447  38.3112  43.0137 164.7848 
215.5502 166.5481 218.1721  44.0000 365.1337 398.6890 223.8023 440.9365 254.2886 412.1133  14.4401 366.9357 425.4215 105.8773 206.5640 306.0468 135.1458 443.4261 297.1136 159.7467 450.0774   1.2028 413.0251  66.0577 368.7442 127.9262 330.5785 284.0008 340.3289 372.0731 357.8519 221.7798 449.0977   2.7797 211.4478 242.0489 367.9239 338.4864 442.0069 111.0000 300.1768  63.7618 297.9722 102.9399  57.9917 439.1329 255.1263  23.5424  72.0283 169.4039 
437.9847 384.0004  47.7802  57.8061  82.1088 446.1105 388.0903 335.6101 385.9622 425.8493 409.5536 255.5793 386.1493 365.1404 354.8780   8.2796  95.9638 393.2496 253.9998 415.8740 331.1455 334.1817 169.9003 146.2870 169.9890 103.9994  89.4854 129.6388 293.0860 271.4544  82.8591 206.0106 187.2834  86.0410   7.1829  29.1012 302.9388 439.2791 341.9909  29.9199 438.9586 245.2143 167.7465 433.0410 256.0910 279.7970 228.8565   4.4457 440.2376 228.7227 
394.1922 415.0000 166.6035 446.9085 308.1233 341.5472 306.0023  43.0256 387.3345  15.3240 174.6555 450.5048 103.0082 222.0097 211.9374 154.5700 426.8518  84.4705 174.5591 373.9205 394.0862 245.7497 194.8967  46.7888  18.0012 119.4925 195.1897 313.0491  21.9750 441.8730 366.3858 359.0000  78.8356 153.9452 120.7389 413.0000 159.0052 434.1912 428.0015 233.7695 389.0074  15.9683 381.5860 187.1237 345.5085  21.2736 333.7513 227.0271 234.0691 288.0468 
 44.2358  26.9451  84.8647 407.1887 155.0165 309.6582  26.8931 140.6683 335.1888 310.2097 113.7655 236.3826 153.1254 147.8356 127.6243 315.8476 184.5140  24.0832 253.7086 386.0049 230.6215  62.8608 412.7619 352.8985  72.9545 154.6820 297.6957 335.0486 395.3034 294.0946 428.4345  74.1552 364.9507   8.9096  31.9848 290.5346 318.4693 352.9454 146.9941  78.9930 168.9918  12.6698  87.0257 211.0868 273.2266 125.7455 362.9817 262.2260  80.8448 231.0609 
112.3495 229.4181 327.7682 125.0034  53.7214 329.0095 181.9397 428.9278 164.9542 357.3022  59.7221 157.1302 388.9358 243.9824 417.4759  16.0147 387.8229 298.0078 365.9999 213.1515  71.7698 224.9204 108.1629 239.5679 241.0458 265.1257  25.0005 188.6493 252.6544 152.1054   4.3610 124.0728 268.1227 293.0311 414.9920 182.9626 364.0082  51.9993  30.4452 412.4840 172.9949  77.9917  67.7293 175.9820 127.5877 228.9984 367.3735 377.8240 255.0422 203.3689 
370.0798 105.0295 210.7853 245.8408  99.6378 202.0211  73.8977 238.1953 246.0690 335.3239 439.0108 409.0062 292.4099 366.7147  81.0508 446.0028 373.4504 257.9447 130.3649 169.1951  22.5010  18.9142 241.3525 408.8501 164.7856  67.0301  88.2133  92.1152  30.8829 255.4659 319.0000 246.1689 390.0319 433.4473  90.2778 436.7516 189.4779 357.6707 414.0043 394.1744 404.9363 378.1054  26.1943 293.9984 239.5544 215.7198 160.4106 367.9891 185.9715 310.9912 
400.0000  91.5041 376.9283 165.0705 228.0542 360.2202 274.3127 273.8070 204.0939 375.9125 224.1310  56.0293 133.5356 285.9403 415.0079 228.0695 201.2733   7.7636 236.7980 360.6528 316.9680   3.5150 432.7394  31.7888  18.0729 142.3615 185.2978   5.6800 402.2357 285.4052  99.6389 285.6928 408.7870  20.7891 232.8805 149.7102 178.6775 111.8679 424.5344  63.4936  21.1635 405.7079 399.9807 295.9623 217.4775 188.6534 131.0009 342.8844 236.6384 156.5421 
  3.7890  55.0002 155.5808 435.9369 164.2486  89.1089  50.9301  35.3616 404.1846  58.0021 432.3351 252.8604 342.9971 307.3048 224.4541 426.1551 174.1662 154.0027 194.5676 385.6526  93.7455 246.9866   1.5949 350.5723 102.8702 399.0605 372.9752 182.5477  63.3983  94.0390 438.9995  11.2981  89.9881 246.3882 418.9995 423.2536 439.6271  18.5158 230.0638 397.6248  87.0760 343.6385 147.8497 129.9963 180.7746 320.9662  60.4605 245.6210 156.5798 379.8896 
398.8255 380.9422 370.0189 173.8430 341.8873 194.2217  51.0466 431.4265 133.3643 221.4174 182.2282 417.0791 131.9174 402.0442 249.4644 323.9940 415.8486 155.1051 108.9806 165.0578 113.9920  32.2556 209.6834 112.5225 153.1524 416.9197 208.5489 446.8678 151.0033 152.1943 401.9817 387.3479 199.7739   3.0002 117.5490 283.8690 403.0121 187.2094 325.7046 268.4971 124.9782 365.6822 192.5503 180.5723 173.9536  90.3960 351.9397 313.9999 266.0328 165.9979 
250.9187 160.2791 333.3809 103.0003 327.8380 319.9396 184.9021  75.5863 145.9983  98.5800 385.9869  64.0609  43.0734  13.3427 335.3179 251.3326  62.7094 216.2137 384.0013  29.5074 130.0861  55.7433 408.2003 281.0599  70.5010 315.6207 174.1543 191.1406 355.0881 388.5717 101.6382 105.2704   7.5969 348.6174 365.5044  32.7083 432.1641 215.1019  29.7808 426.2352 134.7529 300.6694 174.5304 287.8351 201.3638 255.7072 132.3155 213.8558 413.1766 412.7619 
381.2361 252.5868 160.0180 118.9505 259.4990 395.8971  50.9026 225.7209  10.0251 446.9983 288.9105  38.1541 200.9992 142.8678   9.6757 357.8936 395.0153 445.0005 168.3466 306.0290  33.0469 427.4134  58.6816 180.1401 390.9233 208.4660 299.0092 412.9896 329.6466 352.9971  13.8941 222.3291 304.0332 189.0093 150.5865  70.7608 191.0016 298.6431  23.3246 226.9466 275.7527 169.8338 197.0384 254.0597 163.9760 381.3314 293.8777 373.3619 430.6421 317.1838 
422.5513 296.8938 194.9021 214.8106 346.8070 144.0122  78.2776 214.8607 188.0773 131.9839 416.3222 128.8312  56.2506   4.6000 169.1552 377.1479 100.4361 239.4773 297.4854 209.7802 147.7224 172.9927 106.9815 375.9979 393.1393 163.1594 270.7898 373.7226 143.6269 107.9421 287.0053 355.9906  19.4262 233.9895 403.9992  14.0869 428.0976 140.7459  26.3184  58.3295 273.0033  66.4688  65.1921  85.0081 286.4891 296.2862 256.8742  59.3152 272.1974 320.5570 
108.0328   4.3961 390.0570 175.3283 382.7716   8.9903  22.0001 299.6427 122.8594 387.2535 129.7892 271.8864 177.9063 186.9510 134.9184 274.1390   3.0251 246.0214 372.8989 372.9209  99.0070 130.6875 241.0878 309.3480 119.9531 135.4920  94.9656 352.2263 210.3306 227.9484 304.0002 110.5278  42.1820 271.0073  93.4631 376.3458 162.0569 161.1897 378.3907 160.9307 366.2387 424.9727 349.0135  47.7890  80.5719 317.2808 127.8064  20.9838  75.8984  39.0359 
422.9983 169.4627 266.4442 185.9976 129.0785 166.0774 249.5425 369.9019  41.1698 179.8867 392.0702 207.0002 377.7076 199.8830 373.0275 150.5322  46.0018 354.5822 120.9634  68.1493 159.5293 280.3222 317.8519 220.1301 107.7995 230.9595 207.2602   5.6489 269.5161 442.0050 409.1016 174.0352 275.1228 272.8657 309.5026 238.9806 155.5196 263.0379 395.0000 250.4685  52.7373 297.3828 367.1174 168.3752 204.0152  17.0232   1.4600 230.6540 404.9184 330.3023 
 48.9606 373.9958 124.0096 322.9849   7.6152 228.1850 238.3615 368.1159 379.2603 327.1738 288.1600 327.9054 288.9929 147.0062  98.8897   7.0058 362.3224  49.9800 274.0668 269.7267 398.1746 400.2630 322.5029 428.1102 416.7545  96.5662 339.5388 159.0310 344.4036 386.0539 239.0071 420.1214  90.7009 103.9884 319.0435 206.8859 184.3479 264.8425 127.9640 275.7258 227.0135 257.8061 171.0256 277.9995 401.1062 377.2941 117.1232 402.5621 127.1776   3.9679 
257.7330 283.3788 115.3856 118.6045 162.2463  30.9568 268.8156 320.1845  45.1310 340.1665 140.0460  21.4322 157.0001 310.8282 201.1032 104.5258 324.0244 123.4815  62.7386 332.7960 241.4691 114.1325 149.8418  56.9259 380.0233 261.0803 112.7986 275.6294  50.9917  49.0162  19.1944 303.4534 138.8214 134.0082  36.9644 111.6431 129.2252 173.9587 200.9374 292.0515 406.3713 413.1321 439.1587 277.0881 213.1727  31.7978  78.1926 309.2720  16.6219 447.0789 
307.7996 167.9992 413.8366 146.3707 310.9613 410.0030  87.9971  68.6572 399.2429 423.9905 410.5273  54.0199 440.4488 439.0779 427.6629 375.4373 265.5579 208.5239 235.1193  25.0366 226.5402 429.9908 156.9876  98.7527 429.1029 109.9849  30.0457 254.5235  44.9802 295.9729 405.7623 386.6273  53.9959 221.2280  50.9780   6.5384 446.5702 232.6282 282.3779 115.1986 253.0314  70.7099 178.0627 198.1742   7.6850 164.6108 336.4573 302.1308  29.5807  52.9585 
139.9891  49.9797 179.9940 263.6685 375.7560  66.1280  98.7150 207.9743  31.6571 194.4542 239.0345 439.8932  26.1211 397.5150  45.9452 395.9643  46.9481  36.0769 319.7707 130.0699 425.8272 271.9799 370.0610 328.4788 316.8162 154.7557 219.0109 398.4265   9.9907 382.0659 166.8503 370.3990 132.7143 392.4874 233.3162 411.1783 330.9202  36.9559 226.0492 428.4688 370.9864 438.3096  94.4854 405.7151 167.9144  55.1315 316.9996 442.4549 178.4179 154.6561 
362.9790  76.9215 237.2133 343.7126 395.9796 448.9566 256.4490 316.8638 393.0022 445.9485 295.7916 449.9123 349.2195  73.9726 327.0485 247.2912 222.0197  42.3409 204.5087 311.8720 353.3498 275.9370 120.5352 119.0690 278.1503 406.3324  61.5476 350.0817 264.1787 349.9767 439.2560 336.9180 414.9209 231.9789 448.0257 200.9390 204.2144  27.6637 429.4059 357.9043  68.9814 244.9965 151.5344 147.6346  71.3413 337.1054 199.1925 419.6632 159.9847 385.1588 
448.4421  76.9815 115.5577 258.4910 419.0944 437.0952 138.1649 105.8203 387.4823 404.7378 373.1435  32.9988 236.0119 132.2489 294.3784 401.3999  45.8264 257.2448 427.0133 360.4213 265.3041 224.0266 436.9977 366.9511 426.8179 129.3087 435.4693 273.0392 392.1661 263.4619  35.8579  77.5420  60.9956  88.3953  29.6364 412.0521 258.0214 445.0830 348.7402 328.9822   2.0634 308.9996  37.0210 211.5871 302.2051 421.9103 294.5082 381.6440 120.7141 223.0828 
323.5522 147.0706 198.4912  39.1501 221.9916  94.0455 278.0509  43.1972 402.0262 407.4859 215.8075 216.0011 153.6854 182.0952 387.0004 143.1788 350.9616 350.6434 244.8552 360.8491 333.5440 206.2259  39.0542   4.5247 191.1669 436.7868 207.2512 214.6025 232.3477  58.3860  32.3802 231.7404 318.1765 438.5904 269.1663  31.3703 288.0957 290.7097 359.2855 170.0866 257.9643 302.2298 228.9451 369.8546 139.0614  34.4816 266.0675 303.2972 161.5232 188.4216 
427.9535 298.8948 235.1366  36.1395  94.2536  34.5455 234.7398 364.8355 230.0626 312.1058 115.9963  43.5157  54.2686 351.4587 325.4573  94.7016 296.6471  41.3052 218.7743 232.9192 273.5058  76.4210 309.6643 232.7521  74.1630 340.0832 374.0915  84.5735 311.9273  80.0955  83.1341 353.0081 434.3118  28.2443  13.6079 379.4727 193.2599  51.0202 112.4207 157.9300 232.2522 343.8474  46.6676 145.5882  74.0097 186.3770 404.2003 165.0195 326.4746 295.0628 
267.9999 416.3694  55.0183 411.9623 232.5975   7.1642  66.8741 220.0000 402.4276 114.1069 255.1436 350.8579 186.9397  66.4893 236.9512 318.9782 175.0153 182.6020 297.8136 431.0803 290.4495 372.4790 205.5054 121.4466 113.6020 236.6297 207.3351 422.8432  19.1238 414.4283 257.8543 103.5031 380.0813 409.5343 376.3922   7.9635  50.5721 274.0864 292.9833 449.0066 157.5061 291.9634 181.8515 258.0198 104.0761 284.9096 438.0005 284.8698 149.9820   7.5144 
354.9577  17.9025 269.2196 193.4316 373.9361 259.2378 339.8351  45.5524 339.0902  49.2098 209.9995   7.0566  51.9892 225.0013 444.7634 413.8154 291.8516 328.0191 252.9619 310.9917 330.8140 295.2442 447.8006 149.3700 270.1627 153.9949 441.9303  63.4573 116.0261 163.9798 157.2654  65.0197 409.7379 446.9894 261.3208 256.4292 285.3462 121.5272 360.1268 260.9101 378.5301 199.7648 437.6342 140.0259 222.0071 335.0880 408.3123   3.8054 388.9903 125.9891 
 43.6521  21.8426 191.1762 201.8266 388.0163  20.3301 241.7441  73.3770 383.5789 443.1089 403.0612 336.1400  77.6456 185.6356 321.3117 192.0084 382.0866 110.3055 243.5107 153.0351 283.2862 407.0161 417.2452  28.0052 150.3159 429.4639  36.6636 377.2969 156.8655 196.4621 333.1069 212.0241 366.2518 403.5893 268.1390 334.6276 426.1449 421.0584 192.4200   2.9974  79.0827 114.9293 292.0027 391.0626  52.6089  50.8325 139.0279 448.0183  31.2854  28.7392 
 85.0723 251.7521 194.9801  30.0439 362.1574 220.1454 406.4765 189.6016  89.1485  27.7217 375.9419 115.2271 266.9889  70.2836 341.8641  18.9418 122.8817 234.8771 122.5307  88.6019 287.3889 347.9926 437.0338 112.0023 389.0784   9.0540  37.5229 218.2415 339.9360  53.0162  59.5531 375.0036 274.0154  48.7482 197.3456  84.9682 388.6130 213.0418 199.9533  99.1152 262.0496  44.1156 376.9749 332.5051 141.9205 435.4059  11.6454 307.0517 309.6218 443.7536 
209.9909 148.2385 262.0736 271.0217 257.5081 397.0977 214.0773 209.0455  10.1995 252.1020 433.4765 364.5897 391.8004  72.0037 197.0292 255.2090 296.4102 195.9226  37.9613 244.6695  56.6775 127.1211  87.3727 102.3914 231.9929  48.4911 175.4421  54.9561 382.7976 199.2268 228.5195 129.4362 329.1153 242.6696 199.2088 103.9629 240.9963 205.8226   7.9729 308.0005  95.1671  18.2176 286.9614  56.8562 165.7958  21.8360 239.9999  56.4985 151.9661 255.0357 
215.6282 363.1908 241.2973 300.8084 342.0003 147.2364 438.5718 285.2278 326.3649  25.9750  62.1914 404.7325  66.9956 282.1253 316.0072  63.2971 364.5433 436.7615 207.1145 315.2358 106.0393 177.9488 187.1778 424.0605  23.5303 403.3198  42.6888 405.6294 152.0258 242.8889 292.0013 423.1159  99.1523 275.5476  95.5457  53.3739 192.0021 304.0078 416.3127  80.7370 444.2662 448.3283  55.2277 214.0003 120.7641 440.9239 263.9260 314.9208 305.8204 166.0043 
127.3462 126.4687 221.9203 278.0043 410.0525 233.5854  39.8333 327.2545 222.4256  45.2300  37.2259 362.0216 380.8939 221.7614 145.8468 401.5111 331.1817 230.6792 419.8735 431.9113  48.1063 172.5389 402.6496 171.7187  35.5823 259.0804  50.9459 406.0509   1.8762 447.6231 289.0060 339.4977 268.7702 416.9932 401.2895  33.7111 370.1179  29.0211 299.9832 201.2366 306.7102 308.2103  95.4201 316.3644 418.2850 177.9835 425.3762  76.2384 126.3501 350.9122 
102.5881 206.9156 183.0523  47.6495  50.8374 277.8016 310.9996 364.5037 311.0028  88.1056 160.3812 424.3785 398.0733 298.9831  68.4361 421.1770 273.8978 192.7495 314.8257  86.3796 214.5386  55.0879  36.0134 381.0002 261.8162 179.0005  61.4934 181.1385  52.7007 254.5217 357.3523 273.1997 391.8119  19.0159 341.0007 276.5067 161.9645 430.1405 269.9938 339.2085 404.2357 108.5487  35.7996 148.7812 367.5067 270.9949 329.3088 183.0229 175.2150 255.7809 
181.4121  84.0764 443.0062 422.7650 167.5463   2.0000   5.7619 220.9995 377.4424  26.0001 364.6887 102.2745 118.3034  51.7318 162.2855 449.0898 303.7289  63.7054 137.7911 281.6105 219.3452 379.0271 414.2480 372.6179  91.5247 402.0022 277.6100 132.0433 404.7848 208.1822  63.0981 156.0580  48.4106 303.8039 402.8890 431.2655 192.7014 148.7199  76.8063  64.7558 407.8314  52.0011 183.1628 210.0858 205.4193 445.5068 115.4271   4.4809 120.2455 430.6632 
303.4459  31.7022 283.4047 211.5268 290.3562 313.0122 404.0168 271.7130 396.5507 236.9819 359.9489  85.8565 108.0544 133.8450 221.0273 424.9915  51.9997   5.8572  47.9995 110.0981 392.2957 427.7397 322.3036 335.5210 240.1758 278.2387 326.0315 154.7401 149.0418 241.8514  27.9863 415.6697  56.0906 389.9704  36.8980 194.9983 408.2931 210.7864 376.6316  83.9684 269.8938 250.8917 366.6909 403.8897 183.9298 197.0182 129.3894 271.0253 235.8156 318.9930 
127.6287 259.8484 440.8759 123.9395 226.9929 400.2082 338.1432 196.0531 379.9992 394.7267 308.0913 122.8014 440.1835 301.2803 252.8009  42.8857  49.7699 340.9871  58.0180 230.9847 447.0455 193.7342 250.9883 159.1846 327.2500 135.8319 176.1496 221.9393 361.1296 428.9956 182.8376 391.7467 283.5331 125.5807 423.4447 231.8738  40.3020 320.0444 384.3821 362.0703 436.4340 228.1071 125.6516 140.7632 328.9904  30.9593 211.3028 438.7732 346.6362 191.9562 
 68.9891 446.8736 186.9999 113.2315 252.0195 291.9120 211.5819  36.3971 328.3704  56.1256 344.0360 187.9189 121.0441 250.3763 178.0011 364.6034  68.0906  15.9333  36.4493  73.0043  21.5265 134.0552 397.9125 421.1728 297.2966 319.0988 106.4860 170.1147 339.7735 142.0005 436.9661 291.7518 384.2390 128.6457 401.5447 116.4834 178.0784 254.7132 205.3476 431.1768 444.2869 182.9092 304.8070 214.9186 184.9332 436.3572  29.0693 425.5790 319.9013 187.2081 
135.3718 264.2272 140.5694 279.0761 253.9178 204.0336 438.5305 335.0466  92.8025 377.6195 403.6227 438.7195  56.0711  18.0009 194.0000   3.4562 207.9984 246.7552  22.0001  10.6680 358.0119 111.9883 396.0443 370.0870 400.6154 253.3375 311.8222  72.0433 318.8636 312.1890 290.9918 379.4642  76.6512 339.9839 382.1361 317.9130  65.4055 258.2216  60.2798 417.6806 252.7900 321.1142 276.0050 255.1188  64.7625 449.4266 429.9730 405.1688 416.0626 322.4422 
 56.9065  73.9359 412.9686 378.8546  73.0738 123.6365 121.8348  67.0103  16.0632 434.5169  72.7818 293.1173 349.9997 404.2495 313.9481   1.6972 206.9533  35.0008 278.0003 181.7461 414.4348 404.8573 372.6441 390.0340 344.5528 146.2606  33.9050 144.0000  29.1990 339.4128 142.9847 228.8457 276.2267 237.0711 330.2016 106.5982 163.5245 187.0797  81.7150 300.8605 146.6112  75.1870 144.9478 286.1997 430.4772 343.1972  49.9474  44.0036 234.4495 221.7611 
337.3417 288.0699 112.1392  75.6363 135.8073 421.6597  25.5573 388.7913 171.8304  13.7633 171.2984 431.0804 198.7691  30.3277 132.3865 277.2268 384.0029 153.0872 107.4951 150.9767  50.3891 265.4491 376.2590  24.7012 383.3324  30.8024 287.2795  91.4510 274.6353  95.0038   9.1232 290.1273 402.9852  95.5454 115.0082   4.0724  56.0161 351.9907  76.9950 101.9400 333.9686  50.8596 168.9566 131.8569 146.1023 426.9815  72.8328  73.0717  11.3702 124.2778 
 59.5084 227.6959 357.3292  76.1833  38.9530 102.9615 368.8406 138.7872 387.4016  96.2807 192.9446 210.9963  70.3092 216.1734 364.6763 446.4277 143.0580 217.0080 272.1581 384.7223 281.0053 381.9846 277.9584 347.0292 126.5639 149.7959 350.2253  52.8326 282.9992  54.7469  95.9326  60.8366 443.6943   2.0757 243.0119 112.4386 159.0033 233.9310 398.8901 183.5237 115.8012 254.9656 256.1819 381.9998 245.2988 152.8863 142.5050 408.9931 421.4172 308.8231 
198.9659   8.2979 129.0903 430.2046 310.8354 285.9194  55.8233  19.3455   6.9763  57.7859  25.0236 181.0151 357.2264  97.5183 147.1070 147.0955  35.2557 318.7698 153.3939 156.3056 137.2718 332.0392 387.0079 196.6835 207.9891 216.7673 420.3348  64.2834 322.2001 378.0066 217.0062 135.0675 168.1735 409.6121  22.3708  78.0642 269.1688 405.9950 436.0343 281.8253 211.6551  57.9684 386.9984  64.9940 412.0166 113.0350 409.0275 160.7091 406.2915 173.9606 
144.0575 249.9561 252.8720 321.9726 424.3762 102.0339 413.5726 239.0001 423.0096 276.0008 368.0314 320.7454  45.3480 358.9583 418.0682  94.0231  17.6159 240.5875  14.0017 250.1016 290.9837 108.9930 243.9122 303.2862  13.2213  33.9868 353.4989 408.0334  37.1443 424.9462 333.0214 320.7981 366.8948 165.9940 242.7517  68.7080 328.6958 219.9360 166.3363 344.0027 345.8132 305.4108 340.2364 100.0063 233.5179 304.8632 179.4812 166.0436 313.7349 301.1560 
202.4594 365.0045 180.5363  37.9841 381.2673 327.8253 156.9991 230.0029 324.7387 410.2097 352.0409 360.7153 406.0042 444.4645 125.7890 280.2806 118.6767 373.0951 381.2014 276.2381 450.3532 320.3963 259.9311 304.6675 152.5204 134.7697  29.5959 345.0338 134.7919 278.5509  65.3242 275.9293 318.7317 128.7897  30.9007  59.4666 274.6977  14.7844 365.8635   3.0455  50.3307 339.0042 243.6220 267.7199 422.7738 288.9951 105.9686 335.0185 283.3496 260.7566 
435.3025 436.4412  20.0335 428.0457 175.0189 245.5000 228.9989 365.1837  48.9211  95.1697 255.7891  17.6097 211.0002  76.8591  42.1669 162.0105 402.0433 343.3538 117.2786 245.9984   3.0015 396.1106 335.9797  69.1175  48.1443 260.7016 234.8076  64.9781 431.0129 254.9226  51.7909 360.7056 410.7722 433.9965 151.1689 376.7974  81.1256 363.2363 281.5369 396.6367 354.6846 376.3835 402.5957 389.2027 438.4794  87.1351 211.9260 300.5228 323.2683 428.6516 
 90.1539 371.7008 424.9731 387.8553 158.7059 272.5732   8.1765 395.5378  86.9628  48.0359  67.0861 227.5222  67.8221 393.7194 240.0095 425.3994 129.7497  54.9938  69.2443 262.1420  38.0614  86.1189 377.0289 436.2215  17.7559 165.4733 415.6551 142.3307 130.4352 264.7383 267.5893 405.9372 106.9237 376.2266  93.8636 117.0248 328.9938 374.8506 377.5663 338.4813 205.0494 293.3116  40.2424  93.2607  99.3860 379.9335 129.8735 229.7571  40.8603 153.7441 
214.1029  92.0821 193.3058 223.4107 264.1018 112.9460 393.0537 263.6284 197.9840 340.2169 109.7349 332.3357 163.5298 425.0733  92.6850 144.1840  72.9895 285.7391 196.6890 144.2042 210.9484 388.8426 382.8080 255.9982 131.3514 127.1434  97.6377 401.5326 173.5503 294.7017 440.6304 115.5804 441.6201 275.3305 188.2797 383.4833 180.2712  84.7215 152.0392 357.9637 270.9042  58.5897 352.0116 233.6381 202.7810  45.0013 415.3931 187.1697  14.1428 135.2494 
278.0406 438.0775 134.8648 414.4185 394.2291 433.2865  17.3207 170.0049  73.1166 361.8430 126.2417 145.3983 352.3863  18.6109 374.0195 148.0000  20.0543  82.7400 189.6437 190.2520 343.1072  97.8658  36.4339 136.6511 433.8861 242.2678 146.1400 239.2788 270.9929 228.7995   2.9917 363.8470 214.9582  49.0239  15.8806 268.1585 114.0182 206.8134  92.2363 332.9963 342.1495  15.8970   7.0060 230.0012 126.9086 283.9204 188.6653 214.6302 117.4046  84.4665 
172.9611 128.0543 283.8830 425.9690 186.0542  34.4837 312.3481  88.0811 270.6281 193.7848 385.9999 247.1834 301.7224 292.6721  70.0378 280.0149 114.1225  67.0432 135.0068 236.9998 320.1308 248.3609 387.1066 242.0599  19.3888 366.5576 422.8220  87.8415 154.0598  92.9570  22.0917 354.5014 192.2967 187.9999  38.8609  92.6716 122.8684 220.6853 175.8778  45.4690 417.5730 344.2142 407.9983 208.0317  11.9418 172.4692 100.3961   6.5146 383.9989 393.9488 
335.7281 185.9544 196.9955 395.1261 240.5289  67.5599  93.1442 262.0074 240.0640 305.3070   1.0256 284.1268 245.4326 391.0357 128.0708 146.1594 194.1670 120.3034 327.0163 442.0277 429.8324 210.0756 165.0107  52.3903 167.6654 383.6617 380.3113  62.0833 209.9837 366.6816  96.1821 301.0496  34.7700 431.3156 296.8215 328.1588 115.4500 204.5442 232.2793 184.6288 322.2049 194.9992  86.7674 128.0135 250.8222 241.3302  46.5711 293.7348  83.9278 448.5240 
 43.3148 432.3776 200.2950 125.9003 424.9906 116.5576 210.1394 367.1745  58.3157 374.1830 276.5321 315.0033  24.1935 173.9121 379.7442  23.4746 402.2980 240.2986 128.9902 124.2390 206.4475 211.5712  39.9724  95.2374 131.4179  44.9136  11.9865 136.0573 113.9339 407.4428 122.7568  93.5722 121.3379 389.1266 142.9797 252.0277 400.8274 182.0626 447.1583 432.6383 212.2903 352.9915 129.3964 259.1107 140.4261 409.1772 245.8896 236.2922 274.2883 339.6128 
126.1100  96.7099 383.9585  75.3121 292.1936  86.9715 128.9895 267.6372 139.1407 124.3485  21.8781 166.9531  98.6438 180.4617 415.6824 249.9977 111.4947 131.6357 390.8352 397.1645 363.0092   6.7989 392.7559 158.9619 180.8000 340.9982 437.7340 329.8860 404.0988 286.0268  58.8228 447.7808 142.1524 120.2503 326.0118  21.4694 287.6891 223.1061  84.0956 316.5172 447.9938  69.1343 103.1347 409.9930  59.9996 174.2165 345.2359   4.0289 235.0001 224.0037 
 53.4118 322.8876 399.0183  59.0037 412.0947 388.4280 335.0968 428.6925 146.1489  47.4850 101.3292  18.9832 416.9685 120.9393 390.3023  16.1341 243.6816 230.3565  30.4426  50.5231  78.0000 348.1173 111.0368  21.8613 340.4928 281.3764 320.8232 303.5948 217.2002 123.0912 167.1492 445.7800 215.6302  26.0073 122.2648 389.1874 274.0986 101.8637 311.1150 299.0097 246.7286  70.1480 111.4922 442.9367 308.7018 204.4909  87.9897 235.9715  65.8517 331.2300 
159.3827  71.3953 111.4107 412.8668 377.0907 291.7743 244.1446 258.0093 401.9854 115.0737 347.3097 356.8515 397.0021 433.1409 170.8206  51.9531 341.3038  80.4927 407.1392 258.1273  98.5016 357.0259 340.1761 144.8767 208.5007 423.7539 233.8451 415.2846 345.0181 432.9583 163.0715 224.0248 145.7344 281.8737 259.0003 295.5459  55.4484 397.6913 166.8106  12.2971  84.0184 284.5545 143.3375 266.7538 418.8560 183.9203 126.4044  13.6114  90.4442 281.9314 


8.3476 2.0785 2.9834 3.1146 5.9295 
9.6559 9.0000 4.9991 5.0515 9.7316 
3.7109 5.2159 7.6951 0.0394 6.8067 
6.7910 4.5743 3.3488 1.6694 3.5170 
3.5866 2.8978 8.3315 7.6381 4.1952 
5.9905 0.9717 3.1279 9.3944 5.0755 
0.7364 7.0196 0.4542 4.4721 6.7381 
7.4411 6.0083 5.9683 1.0054 8.1326 
7.2815 4.9563 7.8130 7.6554 4.5726 
3.3072 6.0027 0.4542 5.0145 7.0001 
4.0070 8.9852 3.2975 5.0091 6.1417 
6.9992 1.2537 0.2926 3.0988 4.4192 
3.9993 7.0368 8.9920 4.7313 0.2592 
8.2309 4.1822 2.7958 5.2532 8.2719 
2.0146 8.1259 8.9879 8.5614 8.3690 
6.7955 8.1679 1.4851 0.5301 0.0146 
1.2868 5.0858 4.0164 8.4271 2.0001 
5.1579 4.9972 6.5157 3.4692 4.2387 
5.1311 4.3101 4.0000 7.1677 2.0028 
8.3122 2.8027 7.7648 8.0118 6.5960 
1.5962 8.7360 3.0607 5.3641 3.7088 
8.0841 0.0036 2.9340 5.1329 8.0000 
2.5788 3.8224 3.0064 8.8494 8.4519 
2.4774 8.0081 0.4774 1.4709 2.5965 
9.9027 4.3683 3.5947 9.3130 7.4287 
6.0644 0.8511 6.9120 5.2217 2.0051 
1.2212 1.9801 7.9989 7.4845 1.0371 
0.0912 5.9949 4.8427 7.9904 2.9993 
3.7517 7.2199 0.5307 8.0163 8.7745 
6.3917 7.6718 6.9387 5.6462 4.7680 
6.6558 7.2979 5.1440 6.8370 2.5882 
1.9404 7.3474 2.0554 5.6494 5.1550 
5.6642 2.5142 2.0845 3.6558 0.0203 
4.5581 6.9632 4.2256 8.9834 9.9995 
1.6578 7.5810 6.8755 8.2261 1.0255 
3.6892 4.9686 8.8405 0.1921 3.0063 
4.9819 4.0073 4.1393 5.6095 8.0361 
4.0830 7.8926 0.0791 2.9165 4.9046 
0.0661 4.8697 4.0005 2.4276 5.0383 
8.8979 4.0210 6.6453 2.6372 1.8950 
8.3476 7.9962 6.8744 8.5168 8.9936 
2.6565 8.8153 4.2086 0.0463 2.8556 
7.7273 2.0368 1.3315 2.8221 2.0023 
2.9571 6.4280 5.6290 5.9584 9.2713 
2.0027 2.3284 9.8866 6.3295 6.3024 
3.9743 4.1478 1.0987 1.9510 7.1384 
4.1261 8.4829 7.6650 1.0644 3.3627 
3.2957 2.1571 1.7406 8.0981 2.3967 
8.9426 0.2316 6.7208 6.9733 6.6972 
2.1817 3.7072 0.7830 4.6892 4.9955 
