25 10 5


15 5 14 13 31 33 8 22 32 28 24 13 16 13 6 7 19 9 7 25 34 8 16 14 7 

311 524 575 466 1268 771 955 381 525 514 

2166 1103 1519 991 1058 


102.6552 298.9632 378.0055 164.6003 347.7636 177.7885 204.9264  24.9660 449.9644 121.0004 
281.0608 331.0110 182.7788  54.6039 140.6847  85.9457  32.8655 140.0184 124.9742 287.0000 
445.0061 170.9984 132.7948 336.9483 144.1148  82.5248  86.0339  37.3278 132.7526 299.0001 
115.8892   8.6495 253.5388 134.6380 281.1951 179.9847 388.0016 175.8010  90.0005  53.6367 
222.4732 139.2002 153.6708  36.8505  75.9571 367.0376 102.9591  25.3485 226.5736 249.2426 
 63.8681  16.6271 210.3168 230.9932  96.3839 304.8266 318.5000 449.4575 248.0310   4.6369 
241.4707 337.0123 242.9816 333.4590 136.0789  95.1537 240.9768  76.3979 428.4136 215.3822 
132.9681 108.5793 185.0604  27.9393 353.2809 208.4853  80.0201 172.8022 240.8876 288.7562 
118.1070  96.2655   3.9823 414.9983 238.9218 337.7388 112.9516 305.9987 344.5575 178.2813 
380.4850 408.6641 260.9419 118.8497 221.0862 256.1658 343.8180 436.7009 272.3381 120.0000 
 58.7713 268.0214 330.0347 166.8210 446.9885 246.0906 210.7567 381.6956 207.2155  97.7089 
319.8937 372.6833 393.7793 271.0007 300.8880 400.1920 130.0097 180.6550 148.6628 328.6022 
256.3498 272.9580 271.4709 217.0599 287.0976  74.0085 274.0381 263.1174  54.6425 403.0792 
378.3234 145.5456  36.0429 364.3281 215.1420 309.2491 310.3834 380.5881 140.1256 312.0670 
442.9866 135.1102 285.9711  33.0172 404.5663 404.3107 352.2674 436.0793 287.7794 417.3413 
 36.0709 179.1726 437.8018 122.8355 145.2375  20.1056  33.9511 127.8179 154.0000 372.9891 
230.8310 416.9104 210.9747 414.2154 240.0772 349.5357 322.0016  70.9057 416.1029  72.0036 
291.0292  65.3020 336.2135 100.8007 432.4899 198.9892 223.9841 263.5775  67.2941 426.1318 
392.1854 370.8524 196.0029 381.9979 265.5225 198.9999  72.3916 135.0000 412.4852 347.5294 
 83.8501  83.5549 213.3813 174.0999  53.8782 311.2153  80.2964 372.9830 185.8276 143.3363 
442.9432  51.7999  94.5275 135.9941 166.4617 349.6111 171.3822 177.6760 264.5470 380.6420 
354.1580 379.9972 395.4292 449.9336  88.0496 371.9781  42.2079  50.1455 277.6050  82.9993 
 72.9608 365.4954 179.7562 317.8678 350.2663   9.3408  95.7325 101.6566  45.9919 366.1244 
416.0771  57.1387 408.9214  81.4271 311.9819 217.3121  18.3048 328.5657 168.3570  78.2865 
150.5900 441.4120 424.1345 403.9832 266.9909 219.3504  53.0060 220.7043 416.7023  73.2795 


9.0346 7.0234 3.8163 5.7462 0.1394 
9.1345 5.3465 0.7642 6.4927 2.0789 
2.9342 2.1960 1.2164 4.9293 7.9989 
1.4063 4.1174 3.1921 4.7901 8.0029 
8.0109 3.1829 1.9965 8.9196 3.9847 
6.9824 1.2843 4.4054 0.0756 8.1341 
1.2138 3.1873 5.1394 7.6706 0.4132 
7.9926 9.0554 1.8145 1.2614 6.0864 
7.0957 1.9046 1.7693 1.8928 3.9003 
8.6208 5.1734 4.1736 7.6229 2.5093 
