50 25 5


9 9 7 12 20 16 29 13 26 13 34 32 23 5 13 6 5 19 21 5 13 23 13 22 7 26 22 15 28 33 32 5 9 9 6 28 26 7 25 32 32 15 11 12 6 18 5 12 6 6 

1140 499 501 884 312 747 1034 315 541 538 1462 730 807 331 1464 927 364 1238 509 1239 578 1259 1218 604 605 

3422 4258 3456 1793 1084 


 36.7740 283.6551 388.9566 432.0489 366.2219 266.1692 372.5650 192.5022 223.2131  47.3453 280.4537 229.1172  59.2286  47.7672 194.9540 261.1452 362.6493 250.9822  99.6641  35.2044 160.1093 416.0174 134.7752 409.1342 343.9272 
 55.6957 290.3752 342.1641  85.6656  60.5361  59.2533 406.9996 176.3708 183.4357 212.2307  31.0000 319.0168 195.8057 432.6637 203.0005  94.3151 438.3449 155.4968 284.4973 320.4110 375.0005 215.6064 416.4588 177.1140 390.8128 
352.1993 239.0027 139.9785 166.7791 246.3680 132.9941 286.0406 221.9560 433.9971 367.6539 233.3571 177.8568 195.3928 378.2005 301.2269 134.9999 298.6608 244.5854  72.0466 300.9512 106.4249 177.1263  62.4210 254.1316 447.5519 
421.0012 320.0117 221.9239 378.8348  50.1888 412.8989 254.5080 106.5791 200.8949  10.8859 424.3765 407.2135 243.0826 290.2359 346.5418 371.0691 395.1452 115.9632 387.7259 441.3363  56.3799 424.8666 425.4634  66.7276 219.8462 
228.8175  21.1579 227.5669  33.4992 259.9802 164.8847 333.5742 280.0118 180.0153 413.2559 376.7211 400.7897 266.5101 102.3371 134.0830 334.7996 311.2469 354.8131 107.9457 226.5776 131.9841 129.8014 116.9864 358.2086  25.1315 
428.4257 211.4642 233.4565 369.0150 230.9958 382.0437 173.2207 145.4694 332.7207  10.0079 325.8508 317.4306 321.5273 443.2955 131.9340 199.6025 254.9632 371.6310 263.6367 109.4252 140.8474 379.6035 305.9541 121.9809 117.4925 
 90.3632 275.1503 223.0021  60.4710  18.2668  44.8365 359.9561 347.5578 128.4100 337.9964 433.9991 290.1090  14.3647 233.7916 186.4581 136.2473 369.4344 440.1998   2.1098 412.5894 159.6970 220.0420  52.0604 412.1092 340.8419 
425.5464 411.5163  97.0600 350.9560 244.0003 426.0321 144.2976   6.0002 403.9461 102.0002 288.1015  85.9976   1.9606 348.0842 254.9930 261.4146 340.8889 154.0947 432.8816 362.7153  89.3372 322.9938  38.0004  71.3987  35.4118 
  5.0272 388.0216 194.0111 369.8049 410.4384 190.9373  76.9116 217.9388 270.0092  56.5942 192.1132  99.6465 307.0572 437.9850  69.9664 355.3706 428.5955 325.7061 301.3776 304.7574  20.4853 274.9390 209.0880  34.1691 198.9823 
375.5200 393.0551 397.8172  11.1493 295.8070 315.8677 214.7499 302.9998 307.8254  93.1520 133.0520 123.9767 337.9931 376.0549 342.9966 241.9999 399.0000 111.8509 370.2866 380.7299 318.0080 380.0034  61.9504 284.4063  30.0662 
 60.0215 230.2216 403.9230 149.0593 331.3934 380.8940 104.8555 229.1341 244.4534 109.9643  44.0176  79.8816  30.5554 263.2698  25.3415  34.7384  36.5797  27.6680 314.2444 154.7228 219.9513  48.2789 238.1817 392.6204 167.9909 
270.0001  15.6073 159.3028 333.8372 166.7357  84.8059 265.3149 329.5080 225.8004 341.1386   6.9707 224.3311 267.0441 249.1820 170.6027 393.1147   3.2436 331.6276  94.0011  51.8086  20.0869 420.9984  76.1062 386.3101  55.0002 
204.2546 394.4492  27.2003 203.9615 203.9360 419.1679  35.0094 298.0104 356.9750 101.9121 317.3894 234.2797 141.6751 276.1022 215.4216  18.9999 248.7810 239.9200 327.2692 123.8214 380.0363 304.8263 364.8720  19.5683 396.3386 
 45.3373 410.2645 407.5149   6.8475 385.2816  59.5786 120.1848 178.2688 275.9780 417.0005  55.8598 298.9941 111.3620 391.5175 402.1688 323.4992 309.7398 173.2853  12.6444 254.7386  25.3854 439.9364 130.5034 156.9950 321.2729 
158.3348 354.9360 136.3826 435.5950 105.6216 194.0727 147.9479 107.1359 302.3818 444.0210 190.0074 114.6501 314.1023 389.0279 192.0874  98.9850  97.6179 308.1063 379.8368  15.5163 378.0130 348.5457 166.2383 151.5382  91.3375 
244.9760 203.5300 274.4851 188.6214 295.4508 354.9612 281.7054 157.5739 320.0529  81.0002 225.0635 200.9972 304.6368 373.7632 351.3547 214.9708 236.1438  27.6115 401.0698 435.1672 150.0802 183.8071  62.5642 129.6380 375.6783 
 78.4739 418.1186 221.2850  79.2042 150.4352 402.9173 112.9229 392.1011 319.0699  81.0009 188.9948 135.0061 341.2267 162.2221 289.5363 428.6510 306.1693 133.3946 150.6000 101.2669  85.9724 298.6797 158.1258 438.0411 309.8216 
113.9127 333.9083 104.9610 270.1942 102.7543  42.9789 428.9995 314.6119 317.9197 331.7295 183.7390  76.9906  62.9864  57.0059 307.9176  17.3110  46.9456  71.3840 198.9854 244.4476 157.0061 176.8079 205.7466 106.0012 143.0693 
 87.7259 179.6102 157.9937 386.0383 166.6693 338.7192   6.0121  23.2609 354.2039 152.4903 307.2525 174.7847  78.6018 327.6850 109.9915 360.0029 116.9909 154.0166 291.9404 193.1053  54.9802 261.0093  77.3277 210.0668 196.9388 
109.6828  96.1600 391.9560 153.5823 342.8063 390.4897 102.0949 330.9997 210.0724  46.8505 424.8182 338.0805 219.1889 159.4113 182.5702 328.3615 216.6209 250.8773 374.9936 218.5969 246.8643  91.5425 364.1930  66.7552 125.8660 
431.9363 328.9977 206.5713 190.4458 196.1895 272.9732 199.1926 128.0380 106.1862  73.6608 290.0798 447.0003   2.7329 365.6302  32.3244 417.8464  93.5379 112.0012 339.7947 109.1070 187.0375 380.6617 438.4451 444.3719 200.0179 
287.9840 253.1951 128.3154  19.1131 163.7441 326.2285 127.7468 394.9995  95.9986 271.5383 203.7122 340.2543 273.9820 271.0627 167.4821 219.1386 233.9909 104.4686 314.0000 385.5276 123.7447 206.2301 390.9515 208.3700  78.7654 
 17.7217 374.9866 432.0071  16.3420 226.5380 225.8507  29.3236 216.2720 162.9265  63.4104  76.4334  19.5937  38.4971 209.0036 430.9972  92.9916 439.2736 397.8428 206.8142 441.2274 130.9028  36.0256 200.5351  76.9371  36.0537 
365.2556 381.7680  17.4734 292.0516  67.9772 364.0122 106.6242 103.0356 138.8429 400.1279  65.6879 408.2546  78.8832 126.9563 363.1583 107.1769 364.9977 178.0289 219.3114  43.6833 401.2032 438.9926 399.9544 387.2443  69.9807 
291.1170 209.0200 417.8562  99.6909  74.4667 263.5614  51.0871 395.3807   1.2922 138.9931 401.5811 306.9058  20.1321 288.3380 449.2814 219.9462  65.9184 376.9991 364.0001  88.8818 158.8644 127.3236 150.9051  16.8216 429.3111 
 41.1302 136.8274  19.3727  51.0539  14.0645 218.3121  45.4385 128.5626 252.0464  35.0000 327.7259 421.4283 371.9455 140.4853  93.1175 258.0468 226.5161 136.9663  63.4638 335.7993 409.9837 267.0315 191.5058 281.9452 287.5073 
356.0001 155.2043 429.1234  79.9880  82.7317 435.0172 215.9849 305.2840 257.8692 192.6361  73.8215 164.8599 222.9733 441.2030 296.6157 249.9742 442.8587 101.9940 290.0319  77.5344 350.0036  69.7988 425.5624 372.0015 265.7463 
280.5499  31.7559 279.0349 106.2388 341.9982 120.1121 302.3200 381.7455 284.0179 163.8860 149.5794 250.6760 320.0418 249.9054 291.5961 448.7638 239.8259 297.8967 136.8918 427.9957   4.8779  40.2678 261.8826   6.2546  50.0017 
424.9191  21.0819 221.9119 383.8021 247.6497 319.5505  22.0001 360.4849 351.8325 332.0464 369.1519 405.9632 355.1944 374.9983  85.3554 377.9372  27.0021   8.0098 448.0185 108.9190 290.2872 284.1499 403.0292 189.8321 177.1508 
338.6191 135.9475 193.6026 147.5962 251.8485 433.4928 412.8366 317.9994 248.8086  88.7496 292.8126  18.6604 237.1259 259.3551 262.9815 220.9207  11.9294 249.0551 221.7741 143.8058 186.1489 367.2878 235.2669 227.2881  40.4692 
206.2266 215.4766 436.9534 177.7867 166.9205 172.0063 244.6160 137.8983 439.7350 122.1279 392.9796 163.9891 297.6239 221.5084 181.2975  51.3232  20.0987  19.7908 181.9973 321.0268 207.2185   7.5740 143.1187 287.5159 312.6509 
262.5018 173.2318 349.6174  55.0000  45.5794  82.1317 279.1596 214.1063 421.7808 238.9008 176.0510 409.0017  57.8264  31.5096 226.1359 115.7433 439.6785 211.8499 242.1478  32.3147 167.9907 333.5559 374.7136  69.0210  92.3825 
211.3978 208.2740 185.5739 370.6422 400.9915 146.0993  43.3023 366.8635 133.5802  95.9897 124.4836 427.9957  83.6963 211.3898  86.0946 447.0106 166.5357  10.0144 360.2266 137.9426  73.9050  57.5502 247.5513 170.1220 199.8550 
267.4465  95.1231 343.0051 248.0979  58.7102  59.0001 121.7945 302.6187  11.4981 326.7287 389.5163 428.1841  29.2616   5.4537 268.9064 263.5254 360.5060 146.9003 378.0465 244.2900  36.7074 349.0801 158.0514 220.4924 129.0029 
161.1958 196.6607 270.6484 242.8509  64.9788  47.1621  36.9165 364.5981 391.2951 297.2362 237.2273 210.4621 121.4936 344.9005  17.1050 430.0253  51.2959 104.8049 220.9973 275.0897 214.3965 173.9615 170.5478 131.0232 114.1696 
439.0119 157.2971 422.7801 165.5413 338.4913 339.3776 182.0467 304.8647  83.2108 417.9019 392.0161 202.8656 367.0000 155.8976 148.1545 107.0526 288.2816 148.1919 247.2202 244.8557   5.9977  81.5525 229.3057 106.0333 107.6302 
115.5714  55.0196 254.9881 187.5959 176.4909 347.7780 290.0202 429.0277 124.4976 220.4105 228.7942 154.6149 154.9089  86.0794 116.1779 112.9768 418.0487 223.1926 340.8947  55.4845 152.7905  30.0727 333.9140 308.1772 293.8522 
 88.9955 311.3035  80.2123  52.3626 396.9689 197.9531 235.3377  27.5513  77.9880 219.4199 147.9927 334.7274  75.8687 139.6169 146.3625 182.9296 266.3367 432.2805  20.0945 136.8022 389.4999 168.1302  46.2734 274.8784   2.8206 
213.3975 395.7135 174.9202 403.4656 257.8245  86.0009 433.0323 212.9916 396.3582 259.7387  43.4793 222.1302 168.9906  97.4411 373.3362 409.1508 145.6847 240.3235 438.0201 172.9238 289.3989 313.7037 186.0130 142.6608 205.9310 
  9.9870 200.0807 274.7133  76.2718 286.9949 128.3178  52.6049 398.8213 312.5647 106.6277 162.0163 316.1406 150.9710 149.8971 297.8907  14.5982 334.1591 228.0298 413.0095 258.0019 347.3689 167.9608  42.2810  44.0104 220.8777 
 92.7368 237.7991 371.5449  30.0415 340.6596 237.8366 341.0017 166.9783  84.0000 288.2619 413.9136  62.9607 354.5307 277.1233 185.8280 106.9883 257.9304  71.0007 433.7558 142.7733  99.7474 449.9245 138.8940 280.7547 189.6040 
 96.2358 150.8722 228.9211 115.5516 315.8788 403.9104 193.1700 150.2923 225.6295 397.4128 267.6004 414.8568 296.7400 188.3129  26.9100 440.5958 267.9556 134.8405 140.4219 195.4571 388.2956 229.8462 421.0296  62.0108   9.0732 
145.9456 223.4143 233.1184 429.3857 119.0008 424.1312  97.6165 263.5357 243.5313 394.6450 290.8811 217.9047 415.4765  78.6968  54.0900 107.2603 366.0705 124.6687  77.0036  92.8073 251.3643  89.2102  21.4580  24.3461  21.9890 
447.0382  22.0013 363.0104 106.5718   3.9310 116.2137 367.2173 275.8019 122.5673 311.8154 182.1393 111.3130 290.9850 148.9665 448.6854 306.8920 167.9511  51.1934 350.8646 197.9555 348.9025 209.2444 203.3978  91.8512 408.9431 
 86.3890 275.7268 244.5324 340.9660 258.2559 292.5867  11.4396 238.3695 351.4194   2.0004 104.7124 317.9915 385.0381  42.9006 357.2598 198.9835 280.7901   0.3088 448.0001 119.2361 350.0991 417.9950  41.4544  37.8876 374.2555 
440.8652  51.9832 307.3778 219.9029 282.2482 382.0344 382.0318 107.7482 244.6525  65.1681 376.0294 189.6419 356.9660 434.0012 255.3237 445.1395  20.5197 332.1754 390.0078 116.7260 245.0569 403.9867 261.0011 432.9102 439.4335 
385.2630 423.4978 366.0917 237.6569 196.6937 232.8814   1.2873 107.7745 171.0012 225.7149 244.6299 131.0524 154.0159 238.6302 449.5894 121.0827 118.0041 268.3385 263.0003 210.1784 248.8503   0.0121 124.9779 211.0721  94.2904 
 50.0805 174.5457 408.7028 228.7561 307.9743 183.6349 197.0016 172.1183   7.9999 372.2305 203.2983 107.0434 419.0677  69.0252 143.9705  43.6110 306.7050  53.6201 336.5576 138.0104 222.7821 245.9999 371.9560 220.2787 429.3309 
135.5802 327.6278 393.6570  53.4103   3.0860 106.0044 317.1409 212.9992 337.5353  20.5826   7.4129 228.8686 194.1343 364.2973 333.7102 363.8875  28.1400 305.7027  73.7464 375.2188 225.8174  83.6753 394.1589 208.7749 337.3444 
317.4618 148.3058 158.4791 253.5200 128.5800 247.2474 112.0249  88.8414 333.9891 114.2484 362.0633  64.9992 237.0411 391.3626   5.9765  39.7796 230.0001   9.4211 302.3628  43.2715  84.1224  17.9537 385.2127 325.0523  16.8376 


4.8702 7.1350 1.9513 7.6548 4.8069 
7.0730 7.9361 3.9533 6.0329 5.0414 
6.1402 0.5794 6.9361 7.7524 2.3567 
4.8371 6.0457 8.4369 5.8729 3.7780 
8.5872 1.9744 2.8386 7.4408 8.7320 
8.7654 5.1794 8.6958 1.9789 2.9760 
1.2694 6.0231 0.6536 3.0454 6.9941 
5.9749 7.9920 9.9722 6.9287 0.0321 
8.3912 7.9462 5.0638 1.7916 8.9882 
6.4830 8.0257 4.3627 2.8942 7.5958 
3.7072 5.7899 4.3820 9.7193 5.8073 
7.9043 5.0437 7.4070 9.9059 1.7281 
1.0054 3.9403 9.4306 8.9278 0.0060 
2.8309 8.1827 2.2619 9.9789 5.8065 
7.6511 5.3648 1.4327 6.0011 4.0578 
0.6714 7.8416 8.3099 3.4283 2.6807 
2.9801 7.4667 1.4425 7.2542 9.1229 
3.5076 3.5154 8.9367 0.0917 6.2807 
5.9880 3.9086 1.1259 1.0092 4.1973 
5.2536 6.2117 3.9997 5.9562 2.9338 
3.9387 7.9753 0.0063 4.9287 9.6368 
4.7612 8.0494 5.0380 5.1531 6.9483 
5.3712 4.8851 6.1547 3.9915 8.5683 
3.2810 6.2980 3.7083 8.9388 5.2896 
5.2114 4.4441 2.9720 4.8376 7.8696 
