50 25 5


15 5 14 13 31 33 8 22 32 28 24 13 16 13 6 7 19 9 7 25 34 8 16 14 7 15 14 14 34 11 30 9 9 10 23 8 27 8 22 20 14 12 12 27 14 5 9 19 18 22 

1188 1068 1019 352 1197 1210 1421 1339 838 1006 1367 1462 954 1077 1471 773 1286 1241 1271 1481 545 1126 671 460 1276 

1490 3147 1467 4464 2982 


445.0061 170.9984 132.7948 336.9483 144.1148  82.5248  86.0339  37.3278 132.7526 299.0001 115.8892   8.6495 253.5388 134.6380 281.1951 179.9847 388.0016 175.8010  90.0005  53.6367 222.4732 139.2002 153.6708  36.8505  75.9571 
367.0376 102.9591  25.3485 226.5736 249.2426  63.8681  16.6271 210.3168 230.9932  96.3839 304.8266 318.5000 449.4575 248.0310   4.6369 241.4707 337.0123 242.9816 333.4590 136.0789  95.1537 240.9768  76.3979 428.4136 215.3822 
132.9681 108.5793 185.0604  27.9393 353.2809 208.4853  80.0201 172.8022 240.8876 288.7562 118.1070  96.2655   3.9823 414.9983 238.9218 337.7388 112.9516 305.9987 344.5575 178.2813 380.4850 408.6641 260.9419 118.8497 221.0862 
256.1658 343.8180 436.7009 272.3381 120.0000  58.7713 268.0214 330.0347 166.8210 446.9885 246.0906 210.7567 381.6956 207.2155  97.7089 319.8937 372.6833 393.7793 271.0007 300.8880 400.1920 130.0097 180.6550 148.6628 328.6022 
256.3498 272.9580 271.4709 217.0599 287.0976  74.0085 274.0381 263.1174  54.6425 403.0792 378.3234 145.5456  36.0429 364.3281 215.1420 309.2491 310.3834 380.5881 140.1256 312.0670 442.9866 135.1102 285.9711  33.0172 404.5663 
404.3107 352.2674 436.0793 287.7794 417.3413  36.0709 179.1726 437.8018 122.8355 145.2375  20.1056  33.9511 127.8179 154.0000 372.9891 230.8310 416.9104 210.9747 414.2154 240.0772 349.5357 322.0016  70.9057 416.1029  72.0036 
291.0292  65.3020 336.2135 100.8007 432.4899 198.9892 223.9841 263.5775  67.2941 426.1318 392.1854 370.8524 196.0029 381.9979 265.5225 198.9999  72.3916 135.0000 412.4852 347.5294  83.8501  83.5549 213.3813 174.0999  53.8782 
311.2153  80.2964 372.9830 185.8276 143.3363 442.9432  51.7999  94.5275 135.9941 166.4617 349.6111 171.3822 177.6760 264.5470 380.6420 354.1580 379.9972 395.4292 449.9336  88.0496 371.9781  42.2079  50.1455 277.6050  82.9993 
 72.9608 365.4954 179.7562 317.8678 350.2663   9.3408  95.7325 101.6566  45.9919 366.1244 416.0771  57.1387 408.9214  81.4271 311.9819 217.3121  18.3048 328.5657 168.3570  78.2865 150.5900 441.4120 424.1345 403.9832 266.9909 
219.3504  53.0060 220.7043 416.7023  73.2795  99.0346 349.0234  93.8163   5.7462 297.1394 369.1345 437.3465  72.7642 168.4927 434.0789 362.9342 110.1960  19.2164 265.9293 322.9989 442.4063 373.1174 354.1921 247.7901 395.0029 
 80.0109  30.1829 217.9965 161.9196 372.9847 303.9824 118.2843  94.4054  81.0756 188.1341 334.2138 183.1873  41.1394   7.6706  18.4132 250.9926  27.0554 379.8145  82.2614 330.0864 376.0957 226.9046 172.7693 271.8928 426.9003 
  8.6208  41.1734 247.1736 349.6229 326.5093 407.2899 445.4139 407.5335  59.9865   2.6511  42.0232  21.1526 272.4550 374.8664 294.7568 433.8269 423.0844  80.6370 403.5856 429.2903 356.5363  31.0802 186.2120 284.0891 181.3324 
346.2307 317.0028 268.0000 374.4889  73.5810 428.3547 269.0008 270.8319 389.9276 138.5041 365.9167  95.1948 322.9053 309.8734 277.0339   5.9545   4.0621 331.5869 118.1435 317.8495  82.4431  42.2367 198.3556 204.5551 403.9531 
203.0009 335.9324 101.9752  44.5087 266.6512  42.9050  74.0280 308.5170  84.8066 312.0094 364.9976 267.7500 181.0632 164.9305 130.0369  38.9924  48.9862  37.9517 256.1948 243.6424 244.9980 350.9994 344.0028 295.6141 268.5730 
123.4289 262.4637 358.0880  12.1526 167.0386  51.1494 149.7329 139.4118  80.2441  13.0012 401.7186  23.5945 304.9334 260.0339 214.3052 146.8305 348.6037 359.5275 367.8307  11.1366 381.7553 202.1229 181.9047 172.0362 229.3736 
403.0879 279.0422 328.9992 124.9992 389.3112 147.9668 377.7850  42.2858 116.7044  88.5868 327.8391 415.5949 386.9434  69.1516  46.2558 172.5706 145.4054 403.0089 446.7372  41.6210 425.5484  40.0598  22.4973 191.9135 375.9277 
416.2261 417.0120 264.4564  99.3059 308.6626  72.0076 272.0239 232.0691  66.2895 368.1996 341.3354  82.0582 324.7440 351.7998  74.4601 234.3919 389.6062 310.1232 135.2799 212.0219 443.6629 398.7738 115.3685  82.0670 393.9544 
  3.9046 173.0248  37.4124  30.9818 225.8431 126.9927 330.7216 352.4838 162.7224  84.9046 270.5058 422.3635 313.6415  46.7454 321.8454  42.9786 198.0050 417.7114 167.9983  99.2669 349.5122 142.8015 175.6038 228.7609  85.3282 
383.0160 405.9769 222.6626 213.9426 250.0161 163.8225 202.9882 212.1087 288.9894 210.3931 161.4612 278.9997 254.0016  37.3921  54.1828 113.9125  88.0028 327.9261  18.9723  87.8979 151.9706 279.7119 212.9701 158.1359 116.0000 
215.1280  75.0953  62.9689 157.6979 129.9267 189.5513 322.6025  68.6444  50.1585 135.0044 415.1504 450.3940 422.7946 176.2608 442.0603 238.7959 250.0631 148.7267 324.5010  45.0001 230.2616 201.7014 380.5412 178.3532 433.1224 
201.3386 328.8409 181.0406 156.5929 316.5858 161.2465 440.1991 441.0094 219.0861  98.9176  47.0000 188.4821 140.0022 164.1259 448.0629 389.3573 401.9237 105.4033 400.1772  13.2797 147.5828 415.4060  64.0159 372.8836 416.8128 
252.8497  51.9661 111.7617  11.0933 117.4580  66.2286 122.5610 259.1322 229.0094 205.7820  95.9917 156.0610  97.3420  14.6080  51.3449 438.7960  67.0008  85.5952 256.8891 298.9507 366.4971 147.0202 142.9920 317.6506  41.0074 
343.6616  75.1610 293.4778  27.1675 148.2251 330.3134 392.0000 210.6025 107.4192 207.6034 165.0060 254.9118  23.4433   4.8807 322.4202 355.6111 267.9120 220.4258 373.1140 331.5742 374.1537 441.1178 332.7324 210.3131 203.2817 
179.6348  80.1258  67.2092 424.0699  14.5180 347.7947 225.4618 336.9977 291.4213 244.6968 352.8072 164.2982  55.7391 423.8082  82.5717 395.9121  87.6890 172.9025 386.6883 215.9822 428.3869 124.4024 267.8152  65.2427 149.8257 
237.9726 219.0201 305.2202 370.1131 418.6799 135.5193 307.9173 394.7438 437.7307  27.8723 271.8406  79.9800 157.2340 313.5870 165.5171 167.5968  97.0105 141.3827 332.7382 116.3836 385.8734 100.0117 306.9711 280.6549 256.1771 
181.9511 253.1315 290.4775 242.9785 242.0554 381.9131 375.9963 385.8433 209.8984 198.2538 130.9726  54.5874   2.0072 243.3484 378.2604  53.3550 282.9700 125.0153 144.9236 129.9840  57.8608  53.2976 124.9588 299.7503 181.7608 
320.8407 367.1164 172.0165  67.0042 102.0638 275.5579  91.3998  53.9787  62.3045 388.5971 415.9786  48.9468  95.4540 141.6047   8.0524  25.0054 268.8518 113.9977 289.9360 402.0002 369.8569 403.4566 331.6628 157.6644 168.2169 
358.2499  11.8061  98.9704  76.5075 113.5309 211.5309 288.7339 437.9515  22.4215 398.7220 133.9999 356.8879 151.3240 274.7134 115.2899 234.3551 151.2019 398.6466  46.9475  72.5136  27.0905 360.6055 198.1769  91.0043 162.8073 
193.3723 226.6876 165.9402 194.3450 318.5674 306.8512 184.1403  82.4928 104.6211 186.3153   3.1104 269.9936  31.9005  97.4264 350.9724   1.2369 304.9024 261.9645 435.4393  87.3692 395.1724 417.9510 322.4808 211.6229 219.1717 
163.0198   8.4178  95.1979 178.0952 370.9746 168.0009 222.9374 120.9747 269.4226 353.1479 309.9833 149.9420 339.0359 269.2943 286.3650 155.8852 430.3217 442.4465 300.5535 190.2160 416.0642 444.2093 256.9956 419.2046 156.8319 
174.2484 372.8111 313.9487  89.4579 308.0000  81.4967 168.1432 145.0003 237.0007  22.9066 103.6644 251.9972 238.8505 133.9583 124.3296  36.8863  47.7497 387.2618 142.8977  94.9931  45.8150 409.9390  96.2038 299.8009 263.4178 
 56.6355 434.5023 425.8807 144.0340 353.1051 356.6368  64.4030 126.7265 200.4464 437.0806  82.8521 278.7390 392.1876 264.1717 375.3205 172.3466 319.6694 303.4275 385.8542 352.2192 291.1147 188.9463 321.0616 338.0250 254.5132 
432.9998  77.2056 222.0318 357.0138 126.5822 346.7952  74.8224 140.0028 210.4131  28.2192   1.8258 328.9504 356.9983 304.7051 290.3539 106.0796  91.2189  58.9767 210.6442 125.4356 434.4214 227.0698 141.6693  52.8862 152.0268 
399.4923 167.1262  88.4178 283.1959  97.2962 338.8940 449.9017  68.8781  45.0034 341.1348 185.6302 175.0107 243.2497 383.8280 242.1322 328.7231 213.3191 420.0251 198.5825 317.0036 145.2307 236.5225 190.1034 221.0947 434.2707 
192.2678  74.1721 169.8359   4.9769 295.6154  60.1478 270.5308  22.0200 183.6965 448.4898 395.0432 325.4699 239.6710 265.9612   2.1937 222.2424 293.8270 247.0180 279.0299 262.7023 240.0274 312.9370  71.5637 428.3295 357.2819 
447.2153  33.1125 268.1821 250.9583 282.0815 151.0259 422.9999 204.7104  39.4592 206.1358 429.0275 147.9995 226.1173 312.3168 147.2838 427.9477 232.4482 126.0160 263.9582 136.3555 158.0911 184.8765 279.4847  69.6627 436.0443 
 84.0021 239.9578 441.4966 323.7844 252.0216 394.0407 377.9195  28.0896  12.9958 189.8122 147.7302 199.4283   7.6587  71.0362 329.8320 283.8024 123.9442  86.9508 296.9128 243.0384  83.3113 135.4426 209.4073 368.8938 283.7911 
 50.7284 220.5120  35.4144 298.0006 358.9562 377.2124   1.0967 154.8389 198.7896 120.8967 306.4203 234.5726 381.4139 421.9037 126.0993 417.0043 425.0380 135.5311 306.9814 296.9447 313.4718 102.4021 235.4045 289.8416 150.7105 
254.9999 239.7282 223.0232 347.2485  13.8819 163.7191  12.2201 298.9133  52.4916 355.0342 295.2443 132.6000 309.9546  19.6366 423.0084 422.5622  69.9848 155.0773  12.1620 107.2113 444.7181  55.3216 327.3101  45.0020  25.0015 
252.6675 248.4777 298.1483 136.1067 245.7838 198.4206  21.3369 253.5611 276.0130 370.8174 225.6872 413.9838  13.9848 204.8003 165.8543 196.3455  41.2093 225.7368 437.2277 205.0117 111.9937 107.5641 120.7395 159.8000 353.8516 
134.9405 289.0432  13.0243  21.2003 435.5479 381.0904  24.0252 405.7657 167.9981 137.1384 251.1384  23.9638 139.0063 426.2134 174.6299 400.1050 426.2387 131.7113  90.7916 291.9586 376.4851 258.1628 372.3161   3.7742  42.9227 
251.5700  57.7204 166.8895  37.1340  30.6033  80.0914  51.7735  64.3718 116.0362 352.4836 322.9610 352.6695 218.8168 316.2265  48.1492 382.0147 247.1740 161.1149   3.9049 219.9660 396.8180 247.9989 389.3121 398.4190 325.0698 
 72.2425 122.8067  66.0017 354.7071 329.9388  62.2889 325.0596 330.7220 124.2982 336.9947 409.0311 334.8054 440.0884  22.3763 148.5126  22.0549 211.0456 176.5013  74.3969 438.5313 285.3538  76.8690 303.3043 293.0190 383.9966 
266.9593 196.6839 125.6287 355.5213 204.9977 192.9824 352.6883 390.8728   5.4818 144.0694  76.0251 439.4479 226.3315  44.7105 425.3316 399.9293 265.8816 259.4417 340.3615 107.5885 320.6800 297.7555  10.0955 445.8940 420.5668 
277.0700 108.8851 117.4617  58.2297 418.0391 322.0000 384.5670  54.4283 173.0133  76.4567 277.6880  71.0059 343.5749  21.6444 352.0028 128.1222 226.9981 386.0004  83.0409 404.6429 317.9919 233.5085 317.1691 188.3402 151.0103 
152.0212 142.9363 365.9789 159.0029 432.2724  12.2203 187.8005 140.0009 279.6634 179.8658 442.6148  57.9978 366.9608 229.7109 350.9989 361.1441 364.1694 344.4063 408.3235 142.9926 146.5732 359.5580 169.6581 202.2474 255.7785 
170.4759  70.2340  28.2561 239.0043 244.9988 361.1723 100.5227  60.5658 229.0462 373.9979 182.3901 190.9955 377.4135 396.5435 174.1356  15.0735  41.0323  61.1500 159.6586  23.4481  85.0912 152.6946 415.3245 182.8411 338.3651 
 86.0860 209.8075  83.2524 168.7219 235.9907 221.0167 112.7037 442.0000  29.0738 291.1260 384.0709 148.5150 324.1276 138.6851 166.5929  81.1038  50.4408 179.4370 368.9831 130.4130 262.9816  89.8253 204.7276  71.4628 179.0771 
 51.6528 309.4297 220.3319 156.0880  95.7497  95.7806 142.9504 339.1771 448.4430 278.6601 260.2158  88.0044  90.6912 196.6655  11.9087 291.9213  79.9562 175.5978 389.5638  48.0990 364.9947 389.6345 363.9642  67.8609  60.0738 
237.7629 123.0740  88.0151 315.4644 361.7731   5.8451 449.1182 145.3313 287.8498 430.8968 261.0006 404.9768  33.1691  65.1086 209.4858 334.2534  92.1070 314.1318 122.0052 326.2454 116.0804 133.1671 230.6179 422.8121 370.3232 


4.9831 7.8777 8.2108 4.3300 4.5870 
3.0000 9.9374 2.0548 8.4106 1.0001 
9.2554 8.9085 8.8871 1.2039 8.5446 
8.4050 3.0027 3.1666 3.1296 1.1567 
6.1187 8.2814 5.1524 3.0134 8.8786 
6.0279 7.9930 6.3127 9.9595 6.1922 
1.7363 8.0537 2.4740 1.3853 3.6967 
6.8502 5.8224 3.5404 1.8859 5.4060 
1.7554 8.4914 8.7457 7.0011 4.2031 
1.0359 6.0705 1.9457 6.4505 5.4503 
7.9487 3.7711 8.1822 7.6718 9.9985 
3.3770 1.6113 1.0952 4.4871 6.9865 
2.8281 1.3898 5.2795 5.0001 8.7976 
1.3568 6.6711 5.3644 8.2035 0.3978 
1.9325 2.8694 1.0002 8.0259 0.4132 
7.0258 4.4190 3.5307 6.0129 4.8829 
8.3947 4.2008 1.5957 2.1180 8.4393 
7.1166 3.7958 4.2034 8.2037 4.9456 
9.0000 3.4561 6.0299 8.8063 4.7473 
0.0054 1.4656 3.5230 3.0000 9.9705 
4.0741 4.5723 5.9806 7.9956 6.2722 
3.3394 8.0317 9.9197 6.5327 0.7112 
6.0005 9.7580 8.3635 4.3724 3.0062 
1.9937 0.3049 2.8050 4.1525 2.6952 
6.7810 1.7442 2.9472 6.9894 1.7686 
